                                                                                                                                                                
                                                                                                                                                                
                                                                                                                                                                
                                                                                                                                                                
                                                                                                                                                                
                                                                                                                                                                
                                                                                                                                    000                         
                                                                                                                                01111                           
                                                                            00000                                            01111000                           
                                                                    0001111111111                                          0110001111                           
                                                                0111000000011111111                                      110000110000                           
                                        00011111111111110    000000000000000001111111                                  0 000011100000                           
                               0001111111111111111111111110          00000000000000001111                             1100000000111                             
                          011111111110000011111111111181111          00000000000000000001111111 1                    11000000011000                             
                      0111111101111111111001011111111111110 0           0111100000000000000000001111111            0 10000000000010                             
                  0011101111111111111111111110111111111110111            111111111110        000000000011         110000000000000                               
                01111110110000 0001111100001100011111111111110       011111111101110             0000000        01100000000000000                               
               011011111110      001110111111100111111111101010     11111111100111110           000000      01111110000 000000000                               
                0110011111100000001111011111111 0111111111111110   01111111111011001100        0111010        110000000 000000000                               
                0010000111111111111110011111110 011111111100 011111111111000111111100110     00110011000     1000000000000000000000                             
                   000011111111111111011111110 001111111110  011111011111111110  01111100 000111111011110   010000000000 000000000000                           
                     000111111111110011111110 011118111111110111111111111110      0010011111110001000000000000000000000   0000000000000                         
                          0111111110111111000111118  111111111111111111111110       01100110010000000000000000000000000   0000000000000                         
                             0111110110000111111001  1   111111  1111111111111    0111110000000000000000000000         0000000000000000                         
                                 00100011  111000 0111   111111 11111111111111100111100100000000000000000                 0000000000000                         
                                      111  000100000001111111111111111111111111111100000000000000000000                       00000000000                       
                                         0   1011100011111   1001000000011100000000000000000010000000000000                          000000                     
                                             0 001111111111    00010001100000000000000111111000000 00000000                                                     
                                                 0011111111  18 00100111011111111  111100        0000000000                                                     
                                                   00111     818 0000000000000000                      0000                                                     
                                                                1100 000000000000                                                                               
                                                                    00000011111                                                                                 
                                                                     0100111111 1                                                                               
                                                                      011111111                                                                                 
                                                                         0111 1                                                                                 
                                                                            001                                                                                 
                                                                                                                                                                
                                                                                                                                                                
                                                                                                                                                                
                                                                                                                                                                
