                                                                                                                                                                
                                                                                                                                                                
                                                                                                                                                                
                                                                     0000                                                                                       
                                                               00111111                                                                                         
                                                          001000000000111                                                                                       
                         000000011111111111111110      0110000000000000001010                                                                                   
                  001111111111110111111111111111110    0   000000000000000001                                                                                   
              0111111111111111000001111111111181111          00000000000000000000                                                                               
          01111001111111111111111111011111111111110           00111000000000000000011                                                                           
        0 111111110 0    01111111111001111111111111            11811111000000000000000011                                                                       
         1100111110      01111011111100111111011111         00081111111111110     00000000111                                                                   
          0100111110000011111011111110011111111111110     01111111111111110          0000000000                                                                 
            00011111111111110111111110011111111111111    011111111100111111             000000000                                                               
             001111111111110111111110 01111111110 011111111118111111111111100          000000001111                                                             
                 111111110001111110  011111111110  01111111111111111001111111        011111100    0                                                             
                   0111111111111000011118111111111111111111101111100  0111110     00111111110                                                                   
                     001100000000111111   11111111111111111111110      011111100001111111110         0                                                          
                        0000111111000001 11  1111111 11111111111100      111011111111110111110     001 111111000111111111111111111000                           
                             111010000 01    111111  11111111111111    11111111111101101101111   001111111111111000000000001111111111111100                     
                               1010000000011 11111111111111111111111111111111111100001111111111111111111111111110000000000111111111100001111110                 
                                  0000001111001110111100011111111111111111111000000000000000000001111111101101000000000001111111111111110000000                 
                                 1 00011111  10110000000000100100000000001000000000000000000000010000100111100100000000111111111111100000                       
                                   1111111   10111111111111100001100011000100011110000000000       000000001000000000001111111111111100                         
                                   1 1111   1 0000 0000000000011111111 111110000000000000000000         000000000000001110111111101                             
                                      1 0  11          0000000000000                00000000011          000000000011111111                                     
                                     0                 010000001111                   001111110           000000000111111                                       
                                                         1111111111   1                  0111              00000001011111                                       
                                                          0111111                                           1000101111111                                       
                                                            01111                                           0101011111111                                       
                                                               1                                             101111111111                                       
                                                                                                              10111111111                                       
                                                                                                              01111111111                                       
                                                                                                               1111111101                                       
                                                                                                                 11101                                          
                                                                                                                 1111                                           
                                                                                                                    1                                           
                                                                                                                   0                                            
                                                                                                                                                                
                                                                                                                                                                
