                                                                                                                                                                
                                                                                                                                                                
                                                                                                                                                                
                                                                                                                                                                
                                                                                                                                                                
                                                                                                                                                                
                                                                                                                                                                
                                                                                0                                                            0000               
                                                                       00001111                                                       0011111                   
                                                                  000111111111111                                                  0111111111                   
                                                              001100000000000111111                                             0111111111111                   
                                        00011111111111110    000  000000000000001111111                                      01111111111111                     
                               0001111111111111111118111111          000000000000000000011111                              0110001111111111                     
                          001111111110000011111111111111110           0011110000000000000000000111111                    111000001111111111                     
                       11111110011111111000101111111111111000          0 111111110000      00000000000011              11100000000111100000                     
                    01111111111111111111111110011111111111111        001811111111110            00000000000          01100000000000011111                       
                 011111001100 0 000111100001110011111111111110      0111111111111110            000000           00111000000000000110000                        
                01101111111       0111101111111 011111111101110    0111111110011101110         0111110       00111111100000000000000000                         
                 111001111100 000001111011111110011111111111111000011118100011111111110      001111110        0111001100000000000000000                         
                  00000011111110111111001111111001111111110  011111111111111110001101110    0111111111000    11111000000000000000000000                         
                     10111111111111110011111110 01111111110  01111111100111000   01111110010111011101111000011011000000000 00000000000000                       
                       0 11111111111001111111 001111111111111111111111111110       011101100110110010001000000000000000000  000000000000000                     
                           001111110011111100011111  1111111111111111111111110     011100110000000000000000001000000000000  00000000000000000                   
                               01111000000011110001  1   111111  111111111111100001111111000000000000000000               0000000000000000000                   
                                   00111 81010000 01111  11111111111111111111111111100000000000000000000                     0000000000000000                   
                                          0100000000111111111111110000011111000000000000000000000000000000000                    00000000000000                 
                                        0001000000000011100100000000000000000000000000010111100000  0000000                           000000000                 
                                        1011000000011110 111111100111111001111111111111100        000000000                                0000                 
                                        10110010111111  000011111110000000000000000                    000000                                                   
                                         001011111110              00   000000000                                                                               
                                          0 11111 0                 0000000001111                                                                               
                                           0 10                       11100111111                                                                               
                                              1                         0111111 1                                                                               
                                                                           011111                                                                               
                                                                               00                                                                               
                                                                                                                                                                
                                                                                                                                                                
                                                                                                                                                                
                                                                                                                                                                
                                                                                                                                                                
