                                                                                                                                                                
                                                                                                                                                                
                                                                                                                                                                
                                                                                                                                                                
                                                                                                                                                                
                                                                                                                                                                
                                                                         0                                                                                      
                                                                     00111                                                                                      
                                                                  011110000110                                                                                  
                                                               0110000001100011000                                                      000000000               
                                                             011000000000001000011000111                                        00111111111111                  
                                                           010  0000000 00000000000000000001111111                         0011111111111111111                  
                                           0001111111110            0000000000  0000000000000000000011                  0111100001111111111111                  
                                     011111111111111111111          0000111000100000       0000000000001             01110000001111111111111                    
                              0011111111111111111111111111              11111111111            000000             01110000000001111111111111                    
                          011111111100000011111111111111110000        00111111111110           01000        0111111100000000000111111111                        
                       011111000111111111111100111111111111111       01111111001100110        0111110       0111101100000000000111111111                        
                    01111111111111111111111111001110011101111110     1111111110010101110     0110011000    01001001000000000000000000                           
                  01111001111110000011100000111001111111111001110   011118100010001100110  0011011001110  01001000000000000000000000                            
                011111101110       001100111111100111111101110011111111111111110   0110110011100100100000000000000000000000000111111                            
               1110111111110    0 001110011111110 01111111110   011110111001100     00110010000000000000000000000000000 000000011111                            
                111100111111100000111110011111110001111111101000111111111111110      01110000000000000000000      0000   0000001111111                          
                  000000111111111111110011110110001111111110111100111111111111110   01100000000000000000              000000000001111111                        
                      00111111111111110011111100011111  11111111111111111111111110001000000000000100000000              0000000011111111                        
                         00111100011100111110001111011  1   111111  11111111111100000001000000110000000000                0000000111101111                      
                             00111100000000011111000 011111 1111111111000000010000000000011110000000000000                   00000111100                        
                                   0000111  1 001000 01111111011000000000000000000011111100          00000                     011100111                        
                                        0       011000011100000100000011011101111111000                                          0111101                        
                                         0000000000 1000011  11111111100000000000                                                  01111                        
                                          0000000   1 1000000000000000000    0000000                                                  0                         
                                        010001        1 10          0000000000000011                                                    0                       
                                                        0  1          00000111111111                                                                            
                                                                          0 01111111                                                                            
                                                                                001                                                                             
                                                                                                                                                                
                                                                                                                                                                
                                                                                                                                                                
                                                                                                                                                                
                                                                                                                                                                
                                                                                                                                                                
