                                                                                                                                                                
                                                                                                                                                                
                                                                                                                                                                
                                                                                                                                                                
                                                                                                                                                                
                                                                                                                                                                
                                                                        001                                                                                     
                                                                    0011110                                                                                     
                                                                 00111100011100                                                                                 
                                                               01000000011000000001                                                                             
                                                             11000000000000000011000000011111                                                                   
                                                    00     000     0000 00000000000000000000000111111                                00011111111111   1 0       
                                        00011111111111110          000110000000000000000000000000000011                         0111111111111111111             
                                  00011111111111111118111 0            1111111111110          00000000000                   01111101111111111111111             
                             001111111001111111111111111100            111111111111             0000000                 0111100000001111111111111               
                         001111100011000000101111111101111110        0011111111111100          01111110        00000011110000000000011111111111                 
                      0111110111111111111111101111111111111110      1111111100111011100       00111110         08111111100000000000111111111111                 
                    0111011111111111111111111000111111001101110    011111111111111111110     111101111000    00111100110100000000001111111111                   
                   1111001100   0001111011111100011111111111111000011111810011100011111100000111011011110   0111111110000000000000000001111                     
                01101111111       00111011111110011111111110 001111111111111110    011111110111011011011111111011111110000000000000000000                       
                  111111111100000011111011111110 01111111110  011111111111110        0110011011001000000000000000000000000000000011111110                       
                 011000011111111111111001111110 0111111111010111111111111111110     01111111100000000000000000000000000000 00000001111111                       
                    00001111111111111001110110001111111111111100111111111111111100001111110000000000000000              000000000011111111                      
                     0  0011111001110011111100011111   1  1111111  111111111111111111100000000000000000  0000             00000000011111111                     
                             001111100000000111110001111  111111111111111111111000000000000001110000 00000000               00000001111111111                   
                                 000000000  1110000 011111 11111111110000000000000000000111110    00000000000                 000000111111111                   
                                      00    0100000000011010011000000000011000011111111100             000011                   0110011111111                   
                                           001000000001111101111111111100000001111000                                             01111111111                   
                                           00100000111111   0011111100000000000000000                                               0111111 1                   
                                           00110111111111              00000000001111                                                 01111                     
                                             0 11111111                  0011111111 1                                                   1 1                     
                                              0 111 1                       011111111                                                                           
                                                                                00111                                                                           
                                                                                                                                                                
                                                                                                                                                                
                                                                                                                                                                
                                                                                                                                                                
                                                                                                                                                                
                                                                                                                                                                
                                                                                                                                                                
