                                                                                                                                                                
                                                                                                                                                                
                                                                                                                                                                
                                                                                                                                            0011                
                                                                                                                                         011111                 
                                                                                                                                      011100001                 
                                                                                                                                    01100000000                 
                                                                                                                                   110000100000                 
                                                                                                                                 110000000001                   
                                                                             000011111                                           100000001000                   
                                                                        00111111111111111                                     010000000110000                   
                                                                    00110000000000011111111 0                                1100000000000000                   
                                                 00001111111110    000      0000000000000011111 100                        0110000000000000                     
                                          00011111111111111811111          0000000000000000000000111111111111 1           110000000000000                       
                                    00111111111111111111111111111            001111000000000      000000000000000       0110000 00000000000                     
                                01111111111000000011111111111111100            111111111110            000000      0111111100000 0000000000                     
                             11111000111111111111111011111110111011          01111111001110            000000        01010000000 000000000000                   
                          0111111111111111111111111100111101111111110      01111111111111110          0110010       01101000000000000000000000000               
                        0111110011001000000111000001100011111101100010     1111111100111001110      000100110000    110000000000  00000000000000000             
                       11011111111       0011101111111001110011111111100 0011111100110111100110     1110010011110000000000000000   0000000000000000             
                        11111111110   00001111011111111 01111111110 001111111111111110  01111110000001001000000000000000000    00000000000000000000             
                         010000111111000111110011111110 01111111010  0111101110011100     0011001100000000000000000000              0000000000000000000         
                            00011111111111111001110110 01111111110100111111111111110       01110000000000000000000                                              
                            0  0011110111111001111110 011111 1111111100111111111111110    0111000000000000000000  0                                             
                                   001110000011111000111111  11  1111111 111111111111110001100000000000001000000000                                             
                                       00011000000111111000111111111111111111001001100000000000000000111000  000000                                             
                                             1     00100000011011100000001000000000000000000000111100    000000000000                                           
                                                   101000000001110000000000000011000011011111100                                                                
                                                     1100000011111111111111110110011111000                                                                      
                                                     0 0000011111000   00000000000000000                                                                        
                                                       1000111111           00 0000000000                                                                       
                                                        1111111              000000000111                                                                       
                                                        81111                 01100111111                                                                       
                                                          0 0                   011111111                                                                       
                                                         0                         0111                                                                         
                                                                                       00                                                                       
                                                                                                                                                                
                                                                                                                                                                
                                                                                                                                                                
                                                                                                                                                                
