                                                                                                                                                                
                                                                                                                                                                
                                                                                                                                                                
                                                              00001111                                                                                          
                                                         0010000111111                                                                                          
                                         0000000      01000000000000111111                                                                                      
                                001111111111111110          0000000000011111                                                                                    
                          00111111111111111111111111         00000000000001111                                                                                  
                     001111111100111111111111111111           001111000000000111                                                                                
                 0111111111111100000000111111110111000          111111110000000111                                                                              
               011111111111110111111111100111111111111        011111111111110  00001                                                                            
             011111111111111111111111111100110110011110     0111111111111100      00111  0                                                                      
           01 111100111111000001110000111100111111110110   011111110111111          000111 0                                                                    
          1111111110110000    001100111111100111110100110001111111111110110           000111                                                                    
          11111111111100     001110011111110011111110  111111111111101111110          00000111                                                                  
           01110000111110000001111001111010 011111110001111111011110  01111        01111000011                                       000                        
              0000001111111111111000100011 00111111111111111111110    011110000011111111110 0000                                001110                          
                0 0111000000000100000011000011  111111011111111111     0111111111111111100                                 000110000                            
                      001111000000000000000000111110011111111111111   0111111111111111110                            000111000000000                            
                          00001000000001000 000001100001100000111111111111111111111111111       0 110        000111110000000000000                              
                               001  1010   00111111110000000000110000111011111111111111110  001011111111111111000000000000000000                                
                               100000 1    0   111111000010000000000000000000000001111111111111111111111110000000000000000000000                                
                               1000011000000 000011111111111111111111100000000000000000111111111111111001000000000000000000000                                  
                              010111 0000000           000000000000000001101100000000000001111111111111000000000000000000000                                    
                                   100000000           00000 0                 0 000000     0001101101100000000000000000                                        
                                  0 000000             00000000000             0000000010       0000000000000000000000                                          
                                   00000                1000111111              01111111          00000000000000000000                                          
                                                        0101011111               1111111           0000000000000000000                                          
                                                          1111 1                  01 1              010000000000000000                                          
                                                          1111                      01                100000000000000000                                        
                                                             0                                         11000000000000000                                        
                                                                                                        01000000000000 0                                        
                                                                                                          01000000000000                                        
                                                                                                            0100000000                                          
                                                                                                              00000000                                          
                                                                                                                 00110 0                                        
                                                                                                                     000                                        
                                                                                                                                                                
                                                                                                                                                                
                                                                                                                                                                
