                                                                                                                                                                
                                                                                                                                                                
                                                                                                                                                                
                                                                                                                                                                
                                                                                                                                                                
                                                                             000                                                                                
                                                                         0011111                                                                                
                                                                      0111111000011                                                                             
                                                                    0100010001110001100                                                                         
                                                                  010000000000000000001111                                                                      
                                                                010 00000000 0000000000000000111                                                                
                                                         00   000       0000000000000 00000000001111 0                                                          
                                                00111111111110          0 0011111011000000    0000000111 0                                                      
                                           001111111111111881110            01111111111100         000000111                                         00111      
                                       0011111111111111111111110 0          0811111111110             00000011 0                                 001110000      
                                   0111111000011111111111111111111        11111111011111110          00000000001 0                         0001100000000        
                                011111111110000011101111111111111110      111111111111111110        01111110    00                   00011100000000000          
                             01111001111111111111111001110111011101110   01111110011011110110    0111111110         00        001111100000000000000000          
                           0111111111111111110000011100111101111111011101111111111110  0111110000011111111100       0 111111111000000000000000000000            
                         011100111111000001110011111110001111111110  011110111011100    0001011111101111111110    1111111111100000000000000000000000            
                       01111110110     0 00111011111111 011111110110 01111111111111       01101101111101101111000111111100110000000000000000000000              
                      0 11111111100   00001111001111111 011111111111111011111111111110   111111111000000000000010011111111010000000000000000000                 
                       00110011111110000111111001110010 011111111111111111111111111111111111011000000000000000000000001001001000000000000000                    
                        000000001111111111111100111110 01111  11  111111  11111111111111000000000000000000000      0000000000000000000111000                    
                        000000001111111001111001111100111000011111111111111100000111000000000000011100000000             000000000000011111000                  
                               0000111110000000000001111000000001111     1000000000000000111111000  000  000000110         0000000000000111000                  
                                       00000100000  110011000011111111  88 10101110111111100          0000001111             0000000000000000000                
                                               00       0111100111111   888800000000                     0111111              010000000000000000                
                                                      00000011111111    111110                             001 1                0100000000000000                
                                                        00000011111     11111 000000001111                                        0110000000000000              
                                                                          0 10000000111111                                          001100000000                
                                                                            00000111111110                                             001110000                
                                                                              0 00011100                                                   0000000              
                                                                                    0111                                                                        
                                                                                      0                                                                         
                                                                                                                                                                
                                                                                                                                                                
                                                                                                                                                                
                                                                                                                                                                
                                                                                                                                                                
