                                                                                                                                                                
                                                                                                                                                                
                                                                                                                                                                
                                                                                                                                                                
                                                                                                                                                                
                                                                         00                                                                                     
                                                                     001111                                                                                     
                                                                  0111110000110                                                                                 
                                                                11000000011000111                                                                               
                                                             01100000000000010000111011                                                                         
                                                           0110 00000000000000000000000001111                                                                   
                                                0000000    00      000000000000  000000000000000111                                                             
                                         0011111111811111 0          0011111111000000     0000000000111                                                         
                                    00111111111111111 111 0            0 111111111100           00000000111                                                     
                               001111110111111111111111111000         01811111111110             0000000001                                   0000000000000     
                           0011111100000000111111111111111118       011111111011111110          01110000                           00011111111111000000         
                        011110001111111111111001111011111111110     01111111111111111110      001111110                     0011111110000000000000000           
                      011111111111111111111111000111111011101110   011111110111111110111     0111011110        0 1111111111110000000000011111100000             
                    011100110110000011100111111000111111101100011111111111111110  01111110000111011011110     0001111111110000000000000111111000000             
                  0111110110       00111011111110 01111111110  011111111001110      0011011111101101111110000011111101110111000000000111111100000               
                 110011111110   00001111011111110 01111111111000111111111111110      0111011011111111011111111111111101100000000000001111110000                 
                  011101111111100111111001111111 00118111110111101111111111111110   111111111100000000000000000001101101100000000000000111111                   
                   0000000111111111111100111111  0111   111111111111111111111111111111111100000000000000000000000000000000000000000000000                       
                       000111111111111001111110011111   1  111111   1111111111111111000100000000000000000          00000000000000111100                         
                        0   00011101100011100001111000111111 111111111100101111000000000000011110000000000000          0000000000111111                         
                                 000111000001 101000000000111001010000000000000001001111111000   000000000011           00000000001111111                       
                                       001     0 000000001111   000000111111001111110000            000111110            0100000011111111                       
                                             0 00100000111111  881011110000000000                     0011111             010000111111100                       
                                                01 1011111111   180  00000   00000000                      00              0100001110011110                     
                                                  011111111           000000000001111                                        11010011100010                     
                                                     1    1             0001110111111                                         0111100110000                     
                                                       00  1              00011111111                                           11110000100                     
                                                                               0011 1                                             1111000                       
                                                                                    0                                               01110                       
                                                                                                                                       0111                     
                                                                                                                                                                
                                                                                                                                                                
                                                                                                                                                                
                                                                                                                                                                
                                                                                                                                                                
