                                                                                                                                                                
                                                                                                                                                                
                                                                                                                                                                
                                                                                                                                                                
                                                                                                                                                                
                                                                                                                                                                
                                                                                                                                                                
                                                                                                                                                                
                       000111111111111111111111111000            000000000000000                                                                                
                 000111111111011110000011111111111111110    011100000011111111                                                                                  
              111111001011111111111111101111111811111111         000000000111111                                                     000                        
              101111110     0011111111111011111111111110          00000000011111 1                                                 010                          
             1110111110      011110001111001111111111100          0010000000001111                                               01000                          
              001011111100000111101111111001111111111111            1111000000000111                                            1000                            
               00111111111111111001111111001111111111111        001 11111110000000011111                                      110000                            
                  01111111111110111111110 01111111111111     0111111111111111110   0000111 0                                11000000                            
                    0 111111100111111100 01111111110001100 0011111111111111110        0000111110                          1100000000                            
                      0 11111111111100 001111111111   111111111111111111111110            00001111 0                   0110000000000                            
                        0 1111110000001111  11111110011111011111110111111111110            000000011                 011000000000000                            
                          0000000111111011  11111111111111111101111110000111111         00000000000000            0110000000000000                              
                            0 1181110000 0      1111111111111111110     0111111      00011111110               0111000000000000000                              
                              0  010000000111 111111   111111111110       011111000011111011110         11111111000 000000000000                                
                                 1100001111111  1111  11111111111111    000110111111110111011110      00011111010000 00000000000                                
                                  11111111111     01111111111111111100001111111110111011111111110    011111000000000 0000000000                                 
                                   011111111  8181000110001111111111111111111111111111111111011011101101100110000000000000000000                                
                                  1 1111 1  11118100000100011111101111111110100001000000000000000000000000000000000 000000000000                                
                                       1      110001111111110000010000000000000000000000000000001000100000000000000 00000000000000                              
                                       11           0 00000000111111111100010001100000100000000             00000  00000000000000000                            
                                                       000000000000001111111100000000000000000                  00000000000000000000                            
                                                       00000000000000000            00000000000000                000000000000000000                            
                                                       00000001111   0                0000000000                     000000000000000                            
                                                        1001011111                       0111110                         00000000000                            
                                                         1111011                             000                              00000000                          
                                                          0111                                                                                                  
                                                            01                                                                                                  
                                                                                                                                                                
                                                                                                                                                                
                                                                                                                                                                
                                                                                                                                                                
                                                                                                                                                                
