                                                                                                                                                                
                                                                                                                                                                
                                                                                                                                                                
                                                                                                                                                                
                                                                                                                                                                
                                                                                                                                                                
                                                                                                                                                                
                                                                       0011                                                                                     
                                                                   001111100111                                                                                 
                                                                011000000111000100                                                        00000000000 0         
                                                             0110000000000000000111101111                                          00011111111111               
                                                 000000    0000  00000000000000000000000000111111 1                            001111111111111111               
                                       001111111111111111           00000000000  0000000000000000011111                     011110011111111111111               
                                0011111111111111111118111 0          0011111001000000      00000000000001                0111000001111111111111                 
                           01111111100000111111111111111100            0111111111110           000000000              0111000000000111111111111                 
                       01111110001111111111101111111101111110        00111111101111             000000          00011110000000000011111111111                   
                     0111111111111111111111110111111111111111       011111811011111110         0111110         18111111000000000000111111111                    
                  111110011011000001111000011000111111011101110    01111111111111111110      0011011100      0011110110000000000000000000                       
                 1111111110       011110111111000111111111111110  0111118100111111110110    0111111111110    11111110000000 0000000000000                       
                 01111111110   0000111001111111 0111111111100011111111111111110   0111111000111011111001010011001000000000000000001111001                       
                 111000111111000111111011111111 01111111111   0111111110011100     001110110010011001000000000000000000000000000001111111                       
                   0010011111111111110011111110001111111101101111111111111111        111001100000000000000000000000000000   000000011111111                     
                     0 0111111111111000111111 00111 1111111111011111111111111110   01111110000000000000000               000000000000111111                     
                           001111110011111100011111   1  11111111 11111111111111111111000000000000000000   00               00000000011111110                   
                               011110000001111110001111  1111111111111111111111111100000000000010000000000000                 000000001111111                   
                                    0011  81110000 011111 111111111100000011110000000000010111000000000000000                    000000011110                   
                                       0   010000000001111001100000000000000000100011111110          00000000                       011000111                   
                                         000100000000111011111100000110111001111111100                                                0111001                   
                                         101100001111111101111  1  110000000000000000                                                   01111                   
                                         10110111111111               000000000000111                                                      0                    
                                          01 01111110                   01000011111                                                                             
                                             1111 0                       011111111 1                                                                           
                                             0  1                            001111                                                                             
                                               11                                  00                                                                           
                                                                                                                                                                
                                                                                                                                                                
                                                                                                                                                                
                                                                                                                                                                
                                                                                                                                                                
                                                                                                                                                                
