                                                                                                                                                                
                                                                                                                                                                
                                                                                                                                                                
                                                                                                                                                                
                                                                                                                                                                
                                                                                                                                                                
                                                                                                                                                                
                            0000000000011111110000                000000111111000                                                                               
                     0011111111111111111111111111111110     0011110000011111111                                                                                 
                01111111111111111111000011111118111111110  000  000000000111111                                                                                 
             0 1111111100100011111111111111111111111111           000000000011111                                                                               
              111111110      01111101111100111111111110          000000000000011111                                                                             
             11100111110   0001111011111100111111111111 0          01111000000000111                                                                            
              0010011111111111111011111110011111111111110         01111111100000000111  0                                              0  0                     
               0 0111111111111110111111110011111111111110     0111111111111111100  000011 0                                            10                       
                   0111111111100111111110 011111111100110    011111181111111110       00011 0                                       11000                       
                     011111110111111110 001111111110   11111111111111101111111           000111 0                                011000                         
                       0 111111111110001111811111110001111111111110011111111110            000011 0                           001000000                         
                         01100000000111111   11111111111111111111111110001111110          000000011 1                      011000000000                         
                            011 1 11111001      111111111111111111000    111111      0 001110000 0000                   0111000000000                           
                               111100000 01    8111111 811111111111      01111100000011111111100                   001110000000000000                           
                                0100000000011  111111  11111111111110     01101111111111111110         00000 000011100000000000000000                           
                                 100001111111111111111111111111111110000111111111011111110111110     00011111111100 000000000000000                             
                                801010111111    011011110111111111111111111111111111111111111111    0111111010010000 000000000000                               
                                8011111111   1180110000000001111111111111111110111001001111111111111101111100100000000000000000                                 
                                 1111 111   11100111 11111111000010000000100000000000000000000000000110111110010000000000000000                                 
                                 1  1       1 000    00000000011111001100000000000000000000000110000000000000000000000000000000                                 
                                    1                  00000000000011111111111111110000000000         000000000000 00000000000000                               
                                                       100000000000000             00000000000              000  0000000000000000                               
                                                       100000111111 0               0000000000111             000000000000000000000                             
                                                       0101011111 1 1                 011111111                 0000000000000000000                             
                                                        110101111   1                   01111                     00000000000000000                             
                                                         1111                              00                       000000000000000                             
                                                            1                                                          000000000000                             
                                                                                                                           00000000                             
                                                                                                                                 000000                         
                                                                                                                                                                
                                                                                                                                                                
                                                                                                                                                                
                                                                                                                                                                
