                                                                                                                                                                
                                                                                                                                                                
                                                                                                                                                                
                                                                                                                                                                
                                                                                                                                                                
                                                                           00                                                                                   
                                                                      00011 1                                                                                   
                                                                   011111000001                                                                                 
                                                                0110000000111000111                                                                             
                                                              0110000000000000000011111                                                                         
                                                            010  00000000000000000000000011                                                                     
                                               0001111100           0000000000000 000000000000111                                                               
                                        0011111111111111110            011111111000000 00000000001111                                                           
                                   001111111111111811181110              1111111111100        00000000111                                                       
                               011111100011111111111111111100          01111111111110             000000011                                       00000         
                           0111110001110000111011111111111111        01111181001111110           00000000001                               0000110000 0         
                        0111100111111111111111001111011101111110     1111111111111111110        01111110                            00011111000000000           
                      01111111111111111100001110001111111111111100 0011118100111111100110    0011111111                      0001111100000000000000             
                    011100110010  001111001111110 011111111110001111111111111110   011111000001111111100         1111000011111100000000000000000000             
                  01111111110      001110011111110 0111111110   11111111101110      001111111110111011111     00011111111110000000000000000000000               
                   101111111100000001111001111111000111111111100111111111111110      0111011011111011011110000111111011111110000000000001100000 0               
                  0111001111111111111111001110110 0111811111111111111111111111110   01111111111000001011111111111111101100000000000000000000000                 
                     0000 1111111111111001111110 01111   11 1111111 1111111111111111111111100000000000000000001001111111100000000000000000000                   
                        00011111111111101111110 011101  1   1111111 111111111111111111110000000000000000000000000000000010000000000000000                       
                             000111110111110000111100 011111 1111111110000011110000000000000000000000000           0000000000000001100000                       
                                  00000000000  00100000000111    1000000000000000000110011111000000 000000000         0000000000011111100                       
                                         0      01100000111111     0001111110011111111100        000000001111          000000000000111110                       
                                               0 0110011111111   88 011000000000                   00111111             0100000000001100000                     
                                                   0 11111111        0 00  0000000000                 01111               10000000011110000                     
                                                     011111           0 0000000011111                     0                0100000110000100                     
                                                         01  11    1   00001001111111                                        11000001100000                     
                                                                        00001111111 1                                         0111000000000                     
                                                                          000111111                                             01111000000                     
                                                                                 01                                                01110000                     
                                                                                                                                      00111                     
                                                                                                                                           00                   
                                                                                                                                                                
                                                                                                                                                                
                                                                                                                                                                
                                                                                                                                                                
