                                                                                                                                                                
                                                                                                                                                                
                                                                                                                                                                
                                                                                                                                                                
                                                                                                                                                                
                                                                                                                                                                
                                                                     011                                                                                        
                                                                 01111100                                                                                       
                                                              0110110001110000                                                                                  
                                                            0100000001100001000111                                                                              
                                                          11000000000000000001100000001111                                                                      
                                                 000    000      0000000000000000000000000001111                                                                
                                      000111111111111100         00010000000000000000000000000000011                                 000000111100000            
                                000111111111111111181111            01111111111110         0000000000011                      0011111111111111111               
                           00111111100111111111111111110              11111111110             0000000000                 00111111111111111111111                
                       01111111100100000111111111110111111        0011111111111111           0110000                 001111000000111111111111111                
                    0111100111111111111111100111111111111110      0111111100111011100       01111110        0111111111100000000001111111111111                  
                  1111111111111111111111111100111111101110011     1111111111111111111     01111011100       01111111111100000000111111111111                    
               011111011100 0 000111100111111001111111111111100001111111001110001111100000011011111111    01111110110010000000001111111111                      
              11111111110       00111001111111001111111111  01111101110111100    011111111110011011011100011111111001000000000000111111111                      
             01111111111100  000011110111111110 01111111110  11111111111111        011011101101000000100100000010010110000000000011111                          
              01110001111111101111111011111110 0111111111111111111111111111100    0111111000000000000000000000000000000000000111111111                          
                 0000 11111111111111001110111 0011111111111110111111111111111100011110110000000000000000         0000000000000111111                            
                    001111111111111001111110 01111   11  1111111 1111111111111111110000000000000000000               00000000001111111                          
                        0001110000000111100011110001111  1111111111111111111100000000000000011000000000000             000000001111111                          
                              011110000001 1110000 01111  1111111110000000000000000000111110  000000000000              0000001111111111                        
                                   001      00100000001110011000000000011000011111 11100          00001111                00000111111111                        
                                        001  0110000000010011110111110100011111000                       0                 0101111111111                        
                                          0000001000011111111  1111000000000000000                                          011111111101                        
                                          0000000 11111111         000000000000111                                            01111011 1                        
                                                    111111          00000000111111                                              111111                          
                                                       1               00111111111                                               01110                          
                                                                            001111                                                 0                            
                                                                                 0                                                                              
                                                                                                                                                                
                                                                                                                                                                
                                                                                                                                                                
                                                                                                                                                                
                                                                                                                                                                
                                                                                                                                                                
