                                                                                                                                                                
                                                                                                                                                                
                                                                                                                                                                
                                                                                                                                                                
                                                                0000000000                                                                                      
                      000011111111111111111111000       0001111111111111                                                                                        
                0011111111111110011111111111111111    00000000000000111111                                                                                      
           000111111111111111100000111111111118111 0         000000000111111                                                                                    
        001111100111111111111111111111111111111111           00000000000011111                                                                                  
        01011111110    00011111111111011111111111100          01110000000000111                                                                                 
        01100111110      011110111111001111111111111          11111111000000001111                                                                              
        000000111110000001111011111111 1111111111110      011111111111111100 0000011 1                                               00000                      
          0000111111111111110011111111 1111111111111     1111111111111111000     0000111 0                                   00111111111                        
          0   01111111111110011111110 01111111110011000011111111100110111           00001111                             0111110000000                          
                01111111110011111110 01111111110  011111111110101111111110            00000011                       011111000111100                            
                  011111111111111000111181111110001111111111111111011111110          00000000011                  011100000111111000                            
                    0 1110011000001111   111111111111111111111000   111111      0 001111000                    0111000000111111111                              
                        01000 011110001  1  111111111111111111      0111110000001111111110                 00111000000000111111000                              
                          0 1 1100000 0 11  111111  111111111110      11011111111011111110        011111111100000000000011100000                                
                             01000000000111 11111111111111111111   011110111011111111011111     00011111111000000000000001111111                                
                             100000010111100111111111111111111111111111111111111111011011110  001110110010000000000000000000                                    
                            0 0101011111    010000000000011111111111111110011000000001001101111100110110000000000000000000                                      
                            0 0111011111  88111111011011100000000000010000000000000000000000000000000000000000 00000000000                                      
                             8011111    11110  00000000000111110011000000000000000000000000000000000000000000 000000011100                                      
                               1 1      111        0000000000011111111111111110000000000             000000   00000000000000                                    
                              0111                 0000000000000000           000   00000000             000 0000000000000000                                   
                                                    10000011111110              000000000000               0000000000000000000                                  
                                                    1101011111  1                 01111000                   00000000000000000                                  
                                                     111111111   1                   00111                     000000000000000                                  
                                                      011110                                                      000000000000                                  
                                                        01 1                                                         000000000                                  
                                                                                                                         0000000                                
                                                                                                                               00                               
                                                                                                                                                                
                                                                                                                                                                
                                                                                                                                                                
                                                                                                                                                                
                                                                                                                                                                
                                                                                                                                                                
                                                                                                                                                                
