                                                                                                                                                                
                                                                                                                                                                
                                                                                                                                                                
                                                                                                                                                                
                                                                                                                                                                
                     00001111111111111111110000          00000111111111                                                                                         
               0111111111111111001111111111111111    001000000000000111                                                                                         
          01111111111111111111000011111111111111110         000000000111111                                                                                     
       0 1111100111111111111111111111111111111111           00000000000011111                                                                                   
         011111110      011111111111011111111111100          011000000000001111                                                                                 
       00100111110      011110111111001111111111111          01111111000 00000111                                                                               
       01000011111100001111101111111001111111111110      000011111111100000 000000011 0                                                                         
          00111111111111111001111111001111111111111     0111111111111111000     000001111                                   00011111111 111                     
             01111111111110111111110 011111111100110  001111111101011111           0000000011                         00111111111111111                         
               0111111110001111110  01111111110  011111111111111111110110            0000000011                   0111111111111111111                           
                  01111111111111000111111111110001111111111111111111111110         000000000000               01111000001111111111111                           
                     1110000000001111   1111111111111111101111110  0111110        011111110                011100000000011111111111                             
                       01101 11111000  1   1111111111111111110     01111110 0000111111110        00000001111000000000011111111111                               
                           110100000 011   111111  111111111110      0111111111110111111000       0111111110000000000011111111110                               
                             0100000000111111111 11111111111111    001110111011011111011111     1111110010000000000000001111111                                 
                             11000011111111 1011111111111111111111111111111111100110110011110001001111100000000000000000000                                     
                             0 0101111111  88100000000011111111111111111100110000000000000000000000000000000000000000000000                                     
                               01111111    18 01001100000000000000001000000000000000000000000000000000000000000000001111110                                     
                                111  11    11001110000110001110001000000000000000000100000          0000000   00000001111110                                    
                                    1             000000000011111111111111111110000000000                00000000000000001100                                   
                                                   0000000000000000 0          000 0000000000               000000000000011100                                  
                                                   010000011111 100              0000000000                   00000000000000110                                 
                                                    01011111111 11                  0011111                     000000000000000                                 
                                                     01111111                            00                        000000000000                                 
                                                       011111                                                         000000001                                 
                                                          01                                                             01110000                               
                                                                                                                            01111                               
                                                                                                                               0                                
                                                                                                                                                                
                                                                                                                                                                
                                                                                                                                                                
                                                                                                                                                                
                                                                                                                                                                
                                                                                                                                                                
                                                                                                                                                                
