                                                                                                                                                                
                                                                                                                                                                
                                                                                                                                                                
                                                                                                                                                                
                                                                                                                                                                
                                                                                                                                                                
                                                                                                                                                                
                                                                                                                                           0000                 
                                                                        0000111                                                       00111 1                   
                                                                  000111111111111                                                  0111111011                   
                                                              011100000000000111111                                              0111011111                     
                                      001111111111111111100  000    0000000000000111111                                       0111000111111                     
                              00111111111111111111111111811          000000000000000000111                                  011000111111111                     
                         0011111111100000001111111111111110            0111100000000000000000111111                       01100000100111110                     
                      011111111111111111111110111111111111000          0 111111100000     0000000011111                 01100000000111000                       
                   111100111111111111111111111011111111111118        0018111111111100          0000000011             0110000000011000110                       
                 11111110110    000111100001110011111111111110     01111111111111110             0000000            01100000000000011000                        
                011011111110      01111011111110011111111111110    0111111110011101110         0010000        00111111000000000000000                           
                 0110011111100000011111011111110 01111111110011000110118110111111111110       01111110         1111101000000000000000                           
                   0010011111111111111001111111001111111110  01111111111111111000110110     011110111000     000010000000000000000000                           
                     0011111111111111001111111  01181111111001111111110111100    011111100001100110011110   01111001000000 000000000000                         
                         01111111111001111111 01111111111111111111111111111        011011101100110110011110010000000000000  0000000000000                       
                             1111100111111000111111  11 111111111111111111110     001110110011000000000000000000000000000   000000000000000                     
                               00011000000111110001 1   111111  111111111111110001111111001000000000000000000000      00000 00000000000000000                   
                                    01   1 010000 01111  11111111111111111111111111100000000000000000000                  0000000000000000000                   
                                       0 10110000000011111111111110000011110000000001000000000001000000    00                 000000000000000                   
                                         0010000000111011001000000000000000000000000000001111100000  000000                        0000000000                   
                                         10 0000001111111 11111111111111011111111111111100     000000000000                              000000                 
                                         101100111111     000001000000000000000000                 00001111                                                     
                                         000 11111110             00  00000000000                                                                               
                                           0 111101                010000000111                                                                                 
                                              1                      1100111111                                                                                 
                                              1                       011111111                                                                                 
                                                                         011111                                                                                 
                                                                            001                                                                                 
                                                                                                                                                                
                                                                                                                                                                
                                                                                                                                                                
                                                                                                                                                                
                                                                                                                                                                
