                                                                                                                                                                
                                                                                                                                                                
                                                                                                                                                                
                                                                                                                                                                
                                                                                                                                                                
                                                                                                                                                                
                                                                       001                                                                                      
                                                                    001110                                                                                      
                                                                 0111110001100                                                                                  
                                                               0100000001000010001                                                                              
                                                             11000000000000000011000001111                                         000011111111111              
                                                           010  0000000000000000000000000000000111                           00111111111111111                  
                                            000111111110           00000000000000000000000000000000011                   011111101111111111111                  
                                     001111111111111111111            00111111100000         00000000000              01110000001111111111111                   
                               000111111111111111111111111              11111111110            00000              00111000000000111111111111                    
                           01111111100000011111111111111110000        00111111111110           010000       011111111000000000011111111111                      
                       011111100111111100011110111111111111111       011111110011001100       0111110       011111010000000000011111111111                      
                     0111111111111111111111111001111011101111110     0111111111111111110     1110011100    0110100100000000000000111111                         
                   0111001111111100101100000111001111111111101110   0111181000110001011100000110110111100 01001001000000 00000000000                            
                  1111100110 0   0 001110111111100111101110110001111111111111110   0110011100100100100000000000000000000000000111100                            
               0110111111110     0 00111011111111 011111111110  011111111001100       1100000000000000000000000000000000000000111111                            
                111110111111000000011111011111110 011111111010001111111111111100     0111000000000000000000       0000  00000001111111                          
                 0010000011111111111111001111011000111811111011110111111111111111   01100000000000000000              0000000000011111                          
                    0000011111111111110001111110001111  11111111111 111111111111110100000000000001000 0000              0000000011111110                        
                       0001111000001100111111100111111  11  111111  11111111111000000001000011100000000000                00000011111111                        
                            000111100000000001111000001111111111111111000000001000000000111100   000000000                  000001111001                        
                                  0000000011 1101100 0111111101100000000000000001101111100             000                    0111101111                        
                                       00       0110000111100001100000110111011111100                                           01111011                        
                                        00000000000 0000011   11 111111000000000                                                  011100                        
                                        10000000    1100000 0 00000000000    0000000                                                01 1                        
                                        100000 0       101          000000000000001111                                                 0                        
                                                        111           0000001111111111                                                                          
                                                           1             0  01011111                                                                            
                                                                                 001                                                                            
                                                                                                                                                                
                                                                                                                                                                
                                                                                                                                                                
                                                                                                                                                                
                                                                                                                                                                
                                                                                                                                                                
