                                                                                                                                                                
                                                                                                                                                                
                                                                                                                                                                
                                                                                                                                                                
                                                                                                                                                                
                                                                       00                                                                                       
                                                                    0011                                                                                        
                                                                001111000                                                                                       
                                                              0110110001100010                                                                                  
                                                           01100000001000010000111                                                                              
                                                         011000000000000000000000000001111                                                                      
                                                 000    000     0000000000000000000000000000001111                                                              
                                      000111111111111100         0001110000000000000 000000000000001 1                                                          
                                 00111111111111111181111            01111111111110          000000000011                         00011111111111111 1 0          
                            0111111111111111111111111110 0            11111111110             0000000000                   00111111111111111111111              
                        0111111100000000000111111110111111        01111111111111110          0111010                  00111100000011111111111111                
                     111110011111111111111100111111111111110      0111111101111011100       01111110        001101111110000000000011111111111111                
                  01111111111111111111111111001111111011100110    11111111111111111110    01111011100       0111111111110000000001111111111111                  
                111100011111000000111000111110001110111111111100011111111111100001111100000110111111110   0111111011001000000000111111111111                    
              01111110111       00111001111111001111111111   1111101110011100    001111110110110110011100011111111011000000000001111111111                      
             0111111111110   000001110011111110 01111111110  011111111111110       0110111011010000001001000000101101101000000000011111                         
              01111011111111000111111001111111 0011111111111111111111111111110    0111110000000000000000000000000000000000000011111111                          
                00000 011111111111110011110110 011111111111110111111111111111100011100110000000000000000        00000000000001111111                            
                  000011111111111111011111110001111   1  1111111  111111111111111110000000000001000000              000000000001111111                          
                        0011100000000111100011110001111   111111111111111111100000000000001111000000000000            0000000011111111                          
                            0 01111000000011010000 011111 1111111110000000000000000000111100  000000000000             0000001111111111                         
                                   001      00100000001111011100000010011100011111 1100           00011111               100001111111111                        
                                        0011 011000000001001111111111000001111000                       00                01010111111111                        
                                         00000011000011111 10111111000000000000000                                         01111111100                          
                                          0000001 10111111         00000000000111111                                         111110111                          
                                          00      1 111111          00000100111111 1                                          01111011                          
                                                      11               00111111111                                              111100                          
                                                                            001111                                               011 1                          
                                                                                                                                    1                           
                                                                                                                                                                
                                                                                                                                                                
                                                                                                                                                                
                                                                                                                                                                
                                                                                                                                                                
                                                                                                                                                                
