                                                                                                                                                                
                                                                                                                                                                
                                                                                                                                                                
                                                                                                                                                                
                                                                                                                                                                
                                                                                                                                                                
                                                                                                                                                                
                                                                              00                                                                                
                                                                          001111                                                               0000000          
                                                                       011111001111                                                    00111111111              
                                                                    010000000111001110                                            001111111111111111            
                                                                 01100000000000000001110011111                                 011111111111111111111            
                                              00000111111110    000     00000000000000000000000011111111                    0111000011111111111111              
                                      000111111111111118111111          000000000000000000000000000000000011              0110000000011111111111 1              
                                001111111111111111111111181111            00111111100000         0000000000000         0111000000000111111111111                
                           0011111101111110000111111111111111000            111111111110            00000         0001111000000000000111111111                  
                         011111111111111111111110011111111111111          01111111011110           0111110      0011111010000000000001111111                    
                     011110011111111111111111111100111011111111110      011111110011101110         1111110       0111101100000000000001110                      
                    11111111110      0111100111110 0111111111101110    011111111111111111110     00110111100    01111010000000000000011110                      
                    01011111110      00111011111110011111111111111100001111111001100011101100  0011101101111000010000000000000000000011111                      
                    1110011111100000011110011111110 01111111110  011111111111111110   011111111111001101100000000000000000000 00000000111111                    
                      0000011111111111111001111111 001111111110  0111111111001110       01100110000000000000000000000    00000 000000000111111                  
                        0001111111111111001110110 00111811111111111111111111111110      01110011000000000000000              0000000000011111111                
                        0   00111101111001111110001111   111111110111111111111111110   0111110000000000000000  0                0000000001110111                
                                0011100011110001111101   1   1111111 1111111111111111111100000000000001000000000                   000000001110111              
                                    000000000 1110000 0111   111111111111111111111100000000000000111000  0000000                      0010001111                
                                        0  111 0100000001111 1111111111000000011100000000000111110    0000000000                         0111011                
                                            00101000000000000011100000000000110000110011111100                                             01111                
                                              001 000001111111011111111111111101111111100                                                    01                 
                                              000 1011111111 1 0011111000000000000000000                                                        0               
                                              0000 111111111             00000000000111                                                                         
                                                  01111111                 00000011111 1                                                                        
                                                    0  1                     011111111                                                                          
                                                       1                        001111                                                                          
                                                                                      00                                                                        
                                                                                                                                                                
                                                                                                                                                                
                                                                                                                                                                
                                                                                                                                                                
                                                                                                                                                                
