                                                                                                                                                                
                                                                                                                                                                
                                                                                                                                                                
                                                                                                                                                                
                                                              000000111110                                                                                      
                      000001111111111111111111000       0011110111111111                                                                                        
                0001111111111110011111111111111111    00000000000000111111                                                                                      
            00111111111111111100000111111181118111 0         000000000111111                                                                                    
        001111100111111111111111111111111111111111          000000000000011111                                                                                  
        11011111110    00011111111111011111111111100          01111000000000111                                                                                 
        01101111110      011110111111001111111111111          11111111000000001111 0                                                                            
        000000111110000001111011111111 1111111111110      011111111111111100  000001 1                                                0000                      
          0000111111111111110011111111 1111111111111     1111111111111111000     0000111 0                                    00011111                          
          0   11111111111110011111110 01111111110011000011111111100110111           000011 1                              0111100000                            
                11111111110011111110 01111111110  011111111110101111111110            00000011                        00111000000000                            
                  011111111111111000011181111111001111111111111111001111110          0000000011                    011100000111100                              
                    0 11101110000011111   11111111111111111111000   011111      0 001111000 0000                011100000011100011                              
                        010001011110001  1  111111111111111111      0111110000001111111110                  0111000000000011111110                              
                          0   1100000 0 11  111111  111111111110     011011111111111111110        011100111110000000000011110000                                
                             01000000000111 111111111111111111110  011110111011011110011110     00011111111000000000000000111100                                
                              00000000111000111111111111111111111111111111111111111011011110  0011111100000000000000000000000                                   
                            1 0100101111   1111000000000011111111111111110011000000011011111111100110110000000000000000000                                      
                            111111111111  810 1111011011100000000000010000000000000000000000000000010010000000 00000000000                                      
                            1 11111  1   18 0  000000000001111101110000000000000000000000000000000000000000000000000011000                                      
                             8111  1 1 111         0000000000001111111111111010000000000            00000000  000000000000                                      
                              11                   000000000000000            00000000000000            000 0000000000000000                                    
                                                   010000011111110              000000000000              00000000000000000000                                  
                                                    1101011111  1                 01111000                  000000000000000000                                  
                                                      11111111   1                  001111                    0000000000000000                                  
                                                      0111 0                            00                      00000000000000                                  
                                                        0  1                                                       000000000                                    
                                                          0                                                            0000000                                  
                                                                                                                            0000                                
                                                                                                                                                                
                                                                                                                                                                
                                                                                                                                                                
                                                                                                                                                                
                                                                                                                                                                
                                                                                                                                                                
                                                                                                                                                                
