                                                                                                                                                                
                                                                                                                                                                
                                                                                                                                                                
                                                                                                                                                                
                                                                           0                                                                                    
                                                                      0011                                                                                      
                                                                   001111000                                                                                    
                                                                0100110001110001                                                                                
                                                             01100000001000001101111 1                                                                          
                                                           0100000000000000000000000000111                                                                      
                                               000001000  00       00000000000000000000000001111                                                                
                                       0011111111181111110          00111110000000000000000000001111 1                                                          
                                  0001111111111111111811 0            0 111111111110        000000000011                                                        
                             0011111110011111111111111111000          0 11111111110             0000000011                                                      
                          0111111111110000010111111110111111        0111111111111111            000000000000                          0000011111111000000       
                       0111100111111111111111001111011111111100     1111111100111011100        01111110                       001111111111111111100000          
                     1111111111111111111000011001111111111001110   01111111011111110111     0001111110        0        00011111100000111111111100000            
                  0111100111010 000111100111111000111011001100110011111111111100001111100 0001111111100       018111111110000000000001111111110000              
                 11111111110       0111001111111001111111110   111111111011100    0011011111110111011111    01111111111111000000000011111111111100              
                0111111111100  000011110011111110 01111111010 011111111111110       0110011011011011011110011111111011001000000000111111111111                  
                 1111001111111111111111001111110 0011811111111111111111111111110   01111111111001000001001111111111101100000000000111111111100                  
                   0000001111111111111001110110 011111 11111111111811111111111110001111110000000000000000000100000001011010000000000000111                      
                      000111111111111001111110 011111  11  111111  111111111111111111010000000000000000000    00000000000000000011101100                        
                            0011110000001100001111000111111 1111111111011011110000000000000000000000000             000000000001111110                          
                                0 0011100000 101000000011111111111110000000000000000000111110000000000000011          0000000000111111                          
                                       00     01100000001111  1000000110111001111111 1100        000000011 0           00000000000111111                        
                                             000110000111111  8100111100000000000                  0011111              0100000011111111                        
                                              000 1001111111  1110000000    000    0                   001               010000111111110                        
                                               00011111111 1        00 0000000011111                                      01001011110111                        
                                                   01 1111           000011001111111                                        11011011100000                      
                                                       01 111          0001111111111                                         01111000110                        
                                                                           0011111                                             011100001                        
                                                                                01                                               01110                          
                                                                                                                                   01111                        
                                                                                                                                      001                       
                                                                                                                                                                
                                                                                                                                                                
                                                                                                                                                                
                                                                                                                                                                
                                                                                                                                                                
