                                                                                                                                                                
                                                                                                                                                                
                                                                                                                                                                
                                                                                                                                                                
                                                                                                                                                                
                                                                                                                                                                
                                                                              0                                                                                 
                                                                          0011                                                                                  
                                                                       001111000                                                                                
                                                                     010000001110010                                                                            
                                                                  011000000110001100111011                                               000011111111000        
                                                                01100000000000000001000000000001111111                             00111111111111111            
                                                 00000001100    00     000000000000 0000000000000000000011                     011111111111111111111            
                                         001111111111118111110          00111000000000000   0  00000000000111              0111100000111111111111111            
                                   001111111111111111111181111            0 111111111110           0000000              01110000000000111111111111              
                              0111111111000000111111111111111000           011111111111            0110010      0001111111000000000001111111111111              
                          00111100001111111111110111111110111111         0111111111111110          1111110        011111110000000000011111111111                
                        011110111111111111111111100111011111111110      0111011100111001110      00110111000     11011001000000000000011111111                  
                     11111101110110000001100000110 0111111011100111     11111111111111110111    0111111011110  00111101100000000000000011111                    
                    11011111110       0111001111110 0111111111111110000110118100111000011111100001101100100111010000000000000000000011111111                    
                     11111111100  00 00111001111111 011111111110  011111111110111100   00111011001000000000000000000000000000 00000001111111                    
                    0110000111111000111111011111110 011111111110  0111111111111110       011000100000000000000000         000  0000001111111                    
                      0000001111111111111001110010 001111111111111111111111111111100    0111110000000000000000               00000000011111111                  
                         000111111111111000111110 011111  111111110111111111111111110000111000000000001000000000               000000001111111                  
                              00111000000111110001111111  11  111111  1111111111111111110000000000011000  000000                 000000111111111                
                                  00111100000011111100 01111  11111111111111111111000000000000001100000000000000                   0010011111111                
                                       0011   8 010000000111111111111111000000000000000011111110            0000 0                   01111111111                
                                            0   0 000000000110001100000000000110001111111000                                           011111111                
                                            00000 100000111111 1011111111100000000000000                                                 111111                 
                                            10000010111111111111 00000000000  0000000000                                                   1 1                  
                                            100000110111111111             0000000000111                                                    0                   
                                             0      11111111                 00111111111                                                      0 1               
                                                       111                      01111111                                                                        
                                                        1                            00011                                                                      
                                                                                                                                                                
                                                                                                                                                                
                                                                                                                                                                
                                                                                                                                                                
                                                                                                                                                                
                                                                                                                                                                
