                                                                                                                                                                
                                                                                                                                                                
                                                                                                                                                                
                                                                                                                                                                
                                                                                                                                                                
                                                                                                                                                                
                                                                                                                                                                
                                                                             00                                                                                 
                                                                      000111111                                                         0001111                 
                                                                  001111111111111                                                  001111111111                 
                                                              011100000000000011111                                             011111111111111                 
                                          000001111111100  00000  00000000000000011000111                                    0111111111111111                   
                                  0000111111111111118111110          000000000000000000000001111111                       0111000111111111111                   
                            00111111111001111111118111811 1          0001110000000000000000000000011111                 0110000000111111111                     
                        01111110001111000001011111111111110            0 111111110100       0000000000001             011000000001111111010                     
                     0111111111111111111111110111111111110111        001811111111110            0000000            011100000000000011111111                     
                  01111001111111001111111111100111111111111110      01111111111111110           010000       0011111110000000000000000000                       
                 1111111111       01111001111100111111111101110    0111111110011101110         0111110        0111111100000000000000000                         
                 11111111110      0111101111111 0111111111111110  011111111011111111111      00110111000     01001001000000000000000000                         
                 011000111110000011111001111111001111111110  011111111111111110000111110  000111111111110   011110010000000000000111111                         
                    010011111111111110011111110 01111111010  01111111110111000    0111111111110011011011110010000000000000  0000000111110                       
                    00 11111111111111001111110 01118111110111111111111111111        0110011011000000000000000000000000000   000000000000000                     
                          0111111110011111110011111  11111111011111111111111100    011111110000000000000000000          000000000000000001100                   
                             0011111011000001111011  1   111111  1111111111111100011111110000000000000000                  00000000000000000000                 
                                 00000000  010000 01111  111111 1111111111111111111110000000000001000000  000                  0000000000000000                 
                                     0    10100000011111 1111111111000101111100000000000000001110000000000000                     0000000000000                 
                                        000100000000011110011000000000000000000000000001111100000000000000000                         000000000                 
                                        1011000000011101111111000001111110011111111111000            00000000                             00111                 
                                       0101100001111111100011111 110000000000000000                                                                             
                                        1011111111110               00  00000000000                                                                             
                                         0111111110                  000000001111                                                                               
                                            111 0                      011111111111                                                                             
                                            1 1                          00111111                                                                               
                                                                             0011                                                                               
                                                                                                                                                                
                                                                                                                                                                
                                                                                                                                                                
                                                                                                                                                                
                                                                                                                                                                
                                                                                                                                                                
