                                                                                                                                                                
                                                                                                                                                                
                                                                                                                                                                
                                                               00001111                                                                                         
                                                          000011111100                                                                                          
                                  00000000000000      01110000000000111111                                                                                      
                         0000111111111111111111110    00   00000000000011111                                                                                    
                   0011111111110011111111111111111 0         00000000000001111                                                                                  
               00111111111111100000011111111111111 0          001000000000000111                                                                                
             011111111111111111111111101111111111100          01181111000000001111 1                                                                            
          1111100111111111111111111111001111111111111         0 11111111110000000001                                                                            
        11111111111000     011100001111001111101111110     01111111111111100    0000111                                                                         
        111111111110       011100111111100111111111110    0111111111111110         0000011 1                                                                    
         00100011111000000011110011111110011111111001100011111111111110010           0000111                                                                    
           00100111111111111111011111110 011111111  01111111111011111111110           00000011                                         000                      
            0 0111111111111111001111110 01111111110011111111011111000111110         001000001111                              00011000 0                        
                  01100001110011111110 011111111111111111111111100   011110    000011111110  000                         0011100000000                          
                    0011110000111100000011  11  1111111111111111      01111110011111111110                          0011110000000000                            
                        0001000000010000 01111  1111  111111111110   00110111111111111110                      001111000000000000000                            
                            0   1010000000111111111111111111111111001111111111111111111110        18111000011111000000000000000000                              
                               01100000 011111101100011000011111111111111111111111111111110   0111111111111100000000000000000000                                
                                1000000000  111111000000000011000000001000000000001111111111111111111111010000000000000000000000                                
                              0 000000001000011   1111111111000100000000000000000000000000111111111111110000000000000000000000                                  
                               10101111111         0000000000111111111111111110000000000000011111111110100000 000000000000                                      
                              1111111111              0   0 00       00000    000000000       00000000000000000000000000                                        
                             111111 10                1000000000               00000000000         00000000 000000000000                                        
                              10                      1010101111                0000011111           0000000000000000000                                        
                                                      1111111111  1              0111111               00000000000000000 0                                      
                                                        1111 1                     01111                000000000000000000                                      
                                                        1111                          0                  01000000000000000                                      
                                                           1                                               100000000000000                                      
                                                                                                            01000000000000                                      
                                                                                                              011000000000                                      
                                                                                                                00100000                                        
                                                                                                                   00100                                        
                                                                                                                      0011                                      
                                                                                                                                                                
                                                                                                                                                                
                                                                                                                                                                
                                                                                                                                                                
