                                                                                                                                                                
                                                                                                                                                                
                                                                                                                                                                
                                                                                                                                                                
                                                                                                                                                                
                                                                                                                                                                
                                                                                                                                                                
                                                                              0                                                      00011111                   
                                                                        00011 1                                                 001111111 1                     
                                                                   00111111100011                                           0011111111111                       
                                                                0110000000010011111                                       111110011111111                       
                                                  000000     0110000000000000000011100111                              011000111111111111                       
                                      001111111111111111100          0000000000000000000011111111                    011000000111111111                         
                              00111111111111111111111111111          000110000000 0000000000000000111               1100000000111111111                         
                         0011111111100000001111111111111111              111111100000      00000000000011         111000000001111111111                         
                      011111011111111111111110111111110111100           0111111111110           000000         0111000000000001111111                           
                   011110111111111111111111111011111111111111         111111111011110           000000     001811100000000000000000                             
                 111111011100   0001111000011100011111101111111      111101110011101110         011010       0101000000000000000000                             
                11011111110       001110111111100111111111101111    01111111111011111111      0011011000    01000000000 00000001100                             
                11110111111000000001111011111110 0111111101100111001111111100110001100110    011111001110  000000000000  000000111101                           
                 0010001111111111111110011111110 01111111110   01111011110111110   011101100011001100000000000000000000  00000000000001                         
                    000011111111111110011110110 011111111101000111111111111110      0011001000000000000000000000000000    00000000001000                        
                      00011111111111001111111 001111111111111111111111111111100      01110000000000000000000          0000000000000000000                       
                           011111110011111100011111   111 1111111111111111111111   0111100000000000000000                0000000000000000                       
                               011100000001111100000 11   1111111 11111111111111111111000000000000100000000                  000000000000                       
                                   0111  18 001100000111   111111111111111111110000000000000000000000000000                      000000000                      
                                             00010000000111111100111000000001000000000000001110000000000000                          001100                     
                                           0   101110000011001100000000011000001001111111100       00000000                              00                     
                                              00000011111111101111111111110111111110000                                                                         
                                               100000001111   00000000000000000000                                                                              
                                                           1 11     000 00000000000                                                                             
                                                                      0100000111111                                                                             
                                                                        01111111111                                                                             
                                                                          0111111                                                                               
                                                                              001                                                                               
                                                                                                                                                                
                                                                                                                                                                
                                                                                                                                                                
                                                                                                                                                                
                                                                                                                                                                
