                                                                                                                                                                
                                                                                                                                                                
                                                                                                                                                                
                                                                                                                                                                
                                                                                                                                                                
                                                                       001                                                                                      
                                                                   0011111                                                                                      
                                                                00111110001110                                                                                  
                                                              010000000011000111                                                                                
                                                            01100000000000000000110001                                                                          
                                                          0110 00 00000000000000000000001111                                                    00              
                                                 0011100           0000000000000000000000000000111                                         0001100              
                                          0011111111111111             0111111110000       00000000011                                 011100000                
                                     00111111111811111111100            11111111111            000000000                          00111000000000                
                                 00111111111111111111111111000        01111111111110            0000000000                    0111100000000000 0                
                              0111111000000000111111111111111110     011101110011001100        0110110                   001111000000000000000                  
                          0111111111111110111111001111011001111110    011111111111111110     001111110        0000 000111100000000000000000000                  
                        1 111111111111111111111110001111111110011100001111110011000111110 0001111111100       011111111100000000000000000000                    
                      0111111111111110101100000111100111011101100011110111111110   011111111110011111110    011111011100000000000000000000                      
                     11101001111010   00111001111111001111111110  0111111111110      011011011011011011110011111111010000000000000000000                        
                   011111100110       001110011111111 011111110100111111111111100    0111000000000000000011001111111010000 00000000000                          
                  111111111111100  000011111011111010 01111111011100111111111111100001100000000000000000000000000000000000000000000000                          
                  0000110011111111000111111001110011 01111 1111111111 111111111111111100000000000000000000    00000000000 000000111110                          
                   00000000001111111111111100011111001111  11 11111111111111111100000001000000000000000             000 00000000011100                          
                      0000000111110000001100111110001100011111111111111100000000000000001111110000 000000000          000000000000000000                        
                           0000111110000001000000001000000111111011000000000100001111  1100     0000000000             0000000000000110000                      
                                    0011000000011101000000000000000000001111111111000              0001000               01000000000000000                      
                                        00000111  01100000011111  1011110000000                       0001                 010000000000000                      
                                        000000000000 00000111111111 000000  0000000111                                       0110000000000                      
                                        0100000000 00 0011111111    000000000000001111                                         00110000000                      
                                          1100        11111111      000000001111111111                                            00111000                      
                                                        1 1111          000001111111                                                  0000                      
                                                          0 1                   0011                                                                            
                                                                                                                                                                
                                                                                                                                                                
                                                                                                                                                                
                                                                                                                                                                
                                                                                                                                                                
                                                                                                                                                                
                                                                                                                                                                
