                                                                                                                                                                
                                                                                                                                                                
                                                                                                                                                                
                                                                                                                                                                
                                                                                                                                                                
                                                                                                                                                                
                                                                                                                                                                
                                                                            0011                                                                                
                                                                         0111100                                                                                
                                                                      01011100111000                                                       0000000000000        
                                                                   011000000110001100011                                             001111111111111            
                                                                 1100000000000000000110000001111                                00111111111111111111            
                                                000001111110    00      000 0000000000000000000000000011                     01111000111111111111111            
                                        0001111111111118111111          000100000000000000000000000000000011              011100000001111111111111              
                                 00111111111111111111111181111            00111111110010          0000000000           001100000000001111111111111              
                             01111111110000000111111111111111000           011111111111             00000        0011111110000000000011111111111                
                          11111011111111111111110111111110111111          01111111011110           0111110        1111101100000000000111111111                  
                      00111011111111111111111111100111011111111110      0111111100111001100       01111110      0011110110000000000000000011                    
                    011111101100 0 000111100001110 0111111011101110     11111111111111111110     111101111110   01111010000000000000011000                      
                   011011111110      00111011111110 01111111111111100001111181001110001111110000011101101011100110000000000000000000111111                      
                    0110011111100000001111011111111 01111111111  011111111111111110    01111111001001100100000000000000000000 00000001111111                    
                    0010000111111111111110011111110 011111111110  111111111101110        0110011000000000000000000        0000 00000001111111                   
                        00011111111111111011100110 01118111111111111111111111111100     0111100000000000000000               00000000000111111                  
                        0   0111101111100111111100011111 1111111110111111111111111110 00111000000000000010000000                0000000011111111                
                               001111000011110001111111  11  1111111  111111111111111111000000000000000000000000                   0000011111111                
                                    01100000011111110001111   11111111111111111111000000000000001111000000000000                     01000111111                
                                       001 111101000000011111 11111111110000000000000000000011100       00000000 0                     011111111                
                                            0  1110000000010000110000000000001000001111111100                                            0111111                
                                             1000 00000011111110111111111101000011110100                                                   01111                
                                            01000 1001111111  1 001001000000000000000000                                                                        
                                            000000 111111111              00000000000111                                                                        
                                                  01111111                  0000001111 1                                                                        
                                                    0  1                       011111111                                                                        
                                                      11                          000111                                                                        
                                                                                                                                                                
                                                                                                                                                                
                                                                                                                                                                
                                                                                                                                                                
                                                                                                                                                                
                                                                                                                                                                
