                                                                                                                                                                
                                                                                                                                                                
                                                                                                                                                                
                                                                                                                                                                
                                                                                                                                                                
                                                                     0011                                                                                       
                                                                 00111110                                                                                       
                                                              0111111000111                                                                                     
                                                           011000000011100001100                                                                                
                                                         01100000000000000000011111                                                                             
                                                  0    0000  0  0000000000000000000000111                                                                       
                                        001111111111100          000110000000 000000000000111                                                                   
                                  001111111111111118111            001111111100000    00000000111 1                                                             
                             0011111111111111111111111100           0811111111110         00000000011                                               0           
                         0011111100000001111111111101111110       011111111111110            0000000011                                      000010             
                      01111100111111111111100111111111111110     011111111011101110          00000000001                              00011100000               
                    11111111111111111111111100011111101110111    0111111111111111110        01111110                            00111110000000000               
                  111111111111100111100011111100111111111111110001111110011100110111     0011111110                       001111100000000000000                 
               0111110011000   0 0111101111111100111111111   111111111111110   011111000011111111100       0010000000011111000000000000000000                   
              011111111110     0 001110011111110 0111111110  1111111111111      001111111110111111110    000111111111100000000000000000000000                   
             0101111111111000000011111001111111 001111111011111111111111111      011011111111111111110 000111111111111100000000000011100000                     
              000010001111111111111111011111110 01111111111110111111111111110  0111111111110111111111111111111110110110000000000000111110                       
               0010001 01111111111111000111110 0111   1  111111  1111111111111111111110010000000000000000111111111110000000000000000000                         
                  0 00011111100001110011111000110001 11  1111111111111111111111110100000000000000000000010000000100100000000000001100                           
                           01111100011000000011000 01111  11111111100001111000000000000000000100000         000000000000000001110000                            
                               000000000001 0010000000011111100000000001000010011001111110000000000000          0000000000000111110                             
                                     0001    0 10000011111    00111111110111111111000       00000000111           0000000000001111100                           
                                     00 0000000110001111111  88101000000000                   001111111            00000000000001100000                         
                                     10000000000 1111111111    10  00 00000000000               01111                100000000000010000                         
                                     10000000    0 111111 1    10 0 0000000111111                  00                 01000000010000000                         
                                        0          0             0000011001111111                                       010000001100000                         
                                                       01         0000001111111                                           0110000000000                         
                                                                    0    011110                                             01110000000                         
                                                                            01                                                 01111000                         
                                                                                                                                   0011 1                       
                                                                                                                                         0                      
                                                                                                                                                                
                                                                                                                                                                
                                                                                                                                                                
                                                                                                                                                                
