                                                                                                                                                                
                                                                                                                                                                
                                                                                                                                                                
                                                              000001111                                                                                         
                                                         0000001111111                                                                                          
                                     00000000000      01100000000000111111                                                                                      
                             000111111111111111110    00   00000000000011111                                                                                    
                      001111111111111111111111111110         00000000000001111                                                                                  
                 0111111111111000001111111111111110           001100000000000111                                                                                
               01111111111111111000011111111110111100           181111100000001111 1                                                                            
             011111111111111111111111110011111111111 0      000111111111111000000001                                                                            
          0 111110111111100001111000001100111110011110     01111111111111100     000111                                                                         
        011111111011100     001110111111100111111111110   0111111111111110         0000111 0                                                                    
          111111111110      00111011111111 01111111001100011111111111110110           000111                                                                    
          01110001111100000011111011111110 01111111   111111111111111111111           00000011                                                                  
            00000011111111111111001110110 01111111100011111110111100 011111        001100000111                                  0000000                        
              0 011110000011111000101110 011111111111111111111110     111110   000111111110 0000                            0001100000                          
                    011100000000111111000011  11111111111111111110     1111111011111111100                             0011100000000                            
                        011110000000000000001111111111  1111111111    0111110111111111110                        0001110000000000000                            
                            0000110010000 001111110011111111111111101111111111111111111110      0 11100   000111110000000000000000                              
                               0110 0    0111111111100000000011110111111111111111111111110   01101111111111100000000000000000000                                
                               100110000001  11111110000000000000000000000000000001111111111111111111111100000000000000000000000                                
                              0101100000000 0001111 11111111100110000000000000000000000001111111111111100000000000000000000000                                  
                              001 000000001           00000000001111111111111100000000000001111111111011000000000000000000                                      
                                 0000000000            0   000                000000000      000010010010000000000000000                                        
                                10000000               1000000000              0000000000        00000000000000000000000                                        
                                00                      010111111               0001111111          00000000000000000000                                        
                                                        1111111111               1111111             0000000000000000000                                        
                                                        11111  1                   111 0              010000000000000000                                        
                                                          11                         0                  1000000000000000                                        
                                                           1                                             010000000000000 0                                      
                                                                                                           000000000000000                                      
                                                                                                             00000000000                                        
                                                                                                               01000000                                         
                                                                                                                 00100 0                                        
                                                                                                                    0000                                        
                                                                                                                        0                                       
                                                                                                                                                                
                                                                                                                                                                
                                                                                                                                                                
