                                                                                                                                                                
                                                                                                                                                                
                                                                                                                                                                
                                                                                                                                                                
                                                                                                                                                                
                                                                          1 1                                                                                   
                                                                        111001001                                                                               
                                                                      11100100010000000000000000000000011                                                       
                                                                    01000000010000000000000000000000000000001                                                   
                                                                  010000000000000 000 0           00000000                                                      
                                                                 11000000  0 0000000000            0000000                                                      
                                           01 1             000010     0000000000000010            111111        00111111100001111100000                        
                                           1111 1 111010011 00000      0 000011111101110          01101100       00111111111000000000111111100                  
                                            11110101111111100                111111001001100     01100001010    0110110000000000000000000011111110              
                                           0100111111111111111100            0111100010000110  000000000000000000000000000000000000000000111111111110           
                                           0111111188111111011010           01101110000010010000000000000000000000000000000000  000000111111111111111 1         
                                         0111111181111111110111110000       01111000110  0000000000000000000000000   00000000   0000001111111111111111 10       
                                      011110111111111111011011011101110     0101110000      000000000000000000000        00    000010011111111111111  11        
                                  001111111110000000000011000101101100110   010110010      0000000010000000000000          00 000001111111111111111      11     
                               011110011111000000000010000011001100100001100100000000000  00000010      0000000              00000001111111           11118     
                              01100111111000001100111111000000000110010   0000000000000000000110                              00000111111                 1     
                              110111110001000100100000001100000000110000 00000000000000000110                                  0000011111                       
                            01111111111111110000000001111110 001101100000000000000000011100                                     000111111                       
                           11111110011100     000110011111000 0001000000000000000000110000000                                    00111111                       
                          0111111100000     0  0010000000000  0000000000000000000000000000000                                    011111 1 0                     
                          111100011100000  00000000000000000 0000000000100111111000   000000000                                   11111                         
                           01111000001110000000000000000000 0000 011111111100      000000000000                                    11 1                         
                                00000000000000000000000000000000 0000001100              00000000                                   1                           
                                   0     0000000000000000  0010000000011111                                                         11                          
                                                             11000001111111                                                        11                           
                                                              1100011111111                                                       1                             
                                                               0 1111111111                                                                                     
                                                                 01111111                                                                                       
                                                                    01                                                                                          
                                                                         0                                                                                      
                                                                                                                                                                
                                                                                                                                                                
                                                                                                                                                                
                                                                                                                                                                
                                                                                                                                                                
