                                                                                                                                                                
                                                                                                                                                                
                                                                                                                                                                
                                                                                                                                                                
                                                                                                                                                                
                                                                                                                                                                
                                                                                                                                                                
                                                                                                                                                                
                                                                                                                                     00000                      
                           000111111111111111110000                0000000011111                                                 01111                          
                    001111111111111111111111111111111110     0011100000111111111                                              01110000                          
               0011111111111111111111000011111118111111100  000  00000000111111111                                         01110000000                          
              0 11111111001 00111111111111111111111111 1           0000000000011111                                      01100000000                            
              0110111110      01111111111101111111111110          0001000000000001111                                  0110000110000                            
               001011111000000011101111111 0111111111111            0111100000000000011111 0                          11000000000110                            
                00011111111111111001111111 01111111111111          081111111000000 000000001111111                  0100000000110000                            
                0 0 1111111111110011111110 011111111111110     011111111111111100       000000000011              011000000000000000                            
                    011111111110111111110 0111111111101110    01111118111111111             0000000000          011000000000000000                              
                      0 111110111111110  011111111110  0111111111111111101111111            000000            011000000000000000                                
                        0 11111111110000111181111111000111111111111000111111111110         0110010      001111110000  0000000000                                
                          00111000000111111   111111111111111111011111100001101110      001111110         01010000000 0000000000                                
                             0   1 111100001     11111111111111111110      0111111000000111100111000    0110100000000 0000000000                                
                              0 111101000000111 1111111  111111111111        111011111111001100111100  01011000000000 000000000000                              
                                    0 00000111111   11  111111111111110     01110011001100110110010010000000000000000  0000000000000                            
                                    0 10111111111     11111111111111111000111111111111000000000000000000000000000000  0000000000000000                          
                                      1 11111111      00110111111111111111111111100000000000000000000000          00000000000000000000                          
                                        1 1111    818 000000001111100001000001000000000000000010000                  00000000000000000                          
                                          1   11111181111111111000001000000000000000000000000000000000                   0000000000000                          
                                              1  111  0000000000011111111111111111111000000   00000000                        0000000000                        
                                                         00   00000000000000000           000000000000                                                          
                                                          000000000001110000                  00000000                                                          
                                                           00000011111  11                                                                                      
                                                             111111111                                                                                          
                                                              011111                                                                                            
                                                                 001                                                                                            
                                                                                                                                                                
                                                                                                                                                                
                                                                                                                                                                
                                                                                                                                                                
                                                                                                                                                                
