                                                                                                                                                                
                                                                                                                                                                
                                                                                                                                                                
                                                                                                                                                                
                                                                                                                                                                
                                                                                                                                                                
                                                                                                                                                                
                                                                        0000011                                                                                 
                                                                  0011111111111                                                                                 
                                                             00110000000000111111                                                                               
                                          0000001111110    0000  000000000000111111                                                  0 00                       
                                   0001111111111111111111           0000000000000111111                                              10                         
                            00111111111111111111181118111          0 00100000000000001111 0                                        1000                         
                        01111111111000000011111111111111100            1111111000000000000111                                    100000                         
                    001111111111111111111111001111111111011          018111111111110     00001111 0                            11000000                         
                  0111011111111111111111111110011101111111110      0111111111111110          00001111                       01100000000                         
               0 111110111001  0001111001111110011111111101110    01111111100110110            0000000111                 0110000000000                         
               11011111110       001110111111110011111111111110000111181111111111110           000000000011            0111000000000000                         
                1110111111000000011111011111111001111111110 0111111111100111111111111        01111100                011000000000000000                         
               00000001111111111111110011111110 01111111110 0111111110111110   111111     00111111110        001111111000000000000000                           
               00000000111111111111100111111100001111111111111111111111110     00111110000111111111100       011111111000  0000000000                           
                    0011111111111110011111110 01111  1111111111111111111110      0110111111011110111110    011011001100000000000000                             
                         001111111111111110 0011001     111111  111111111110   011111111011111111101111000111111110000000000000000000                           
                             011111000000000110000001111111    1111111111111101111111111100000001000110111000000000000000 00000000000                           
                                  0011111  0001000000111111    1111111111111111111111000000000000000000000000000000000000 0000000000000                         
                                             00110001111111  88810000111100000000100000000000000000000000000  000000000  0000000000000000                       
                                           0111011111111111    1810111000000000000000001000001000000                  0000000000000000000                       
                                             000000111111    1111 000001111111111111111100000000000000000                0000000000000000                       
                                              00000000011    8811 100000000000000           0000000001111                  00000000000000                       
                                                 00          0 111000000000                   011111111                        0000000000                       
                                                                0000000001111                   0111111                            0000000000                   
                                                                 010000001111                       001                                                         
                                                                   10000011 1                                                                                   
                                                                    1111001                                                                                     
                                                                      111                                                                                       
                                                                        0                                                                                       
                                                                                                                                                                
                                                                                                                                                                
                                                                                                                                                                
                                                                                                                                                                
