                                                                                                                                                                
                                                                                                                                                                
                                                                                                                                                                
                                                                                                                                                                
                                                                                                                                                                
                                                                                                                                                                
                                                                                                                                                                
                                                                          001                                                                                   
                                                                     0011111111                                                             000000000           
                                                                 0010100001111011                                                    0011111111                 
                                                              01100000000000000111111                                            01111111111111 1               
                                              0000000000   0000  0000000000000000000000011111                                 01111111111111111                 
                                     0001111111111111111100         000000000000000000000000000001111                      11110001111111111111                 
                              001111111111111111111118111 1          101111100000000000 00000000000000011               011000000011111111111 1                 
                         0011111110000000011111111111111110            0 111111111100          0000000000             01100000000011111111111                   
                      011111111111111111111110111111101111111        00181111111111             000000            0111100000000000111111111                     
                   0111001111111111111111111100111111111111110      01111111111111110          0111110       00111111110000000000001111111                      
                 011111001100   0001111000111100111111011101110    01111111110111001100       01111110       00111101100000000000000000                         
                01101111110       0111101111111 0111111111111110  0111111010111111111110     111101111000    11111110000000000000000000                         
                 111001111100000001111001111111 011111111110 0111111111111111100001111110000011111101111000011011001000000000000011111111                       
                 000010011111111111111011111110 01111111110   11111111100111000   00111111101100110110010101000000000000000 0000001111111                       
                    00001111111111111001110110 001181111101101111111111111110        111011100100000000000000000000000000   000000000111101                     
                    0    01111111111001111110001111  11111111001111111111111110    0111110000000000000000000             00000000000000111111                   
                            00111110011111000111111  11  1111111 1111111111111110011110110000000000000000                   0000000000000011111                 
                                0001000000 111110001111  1111111 11111111111111111100000000000000000000000000                  0000000000100001                 
                                    00   1101000000111111111111111110000011110000000000000001110000  00000000                     00000000011                   
                                         1011000000001111001100000000000000000000001111111000      0000000000                        00111000                   
                                        000100000001111011111110000111111101111111111000                  000                           0011100                 
                                         00100001011111100111  1 111000000000000000                                                        01                   
                                         00101111111111              00  0000000001                                                                             
                                         10 111111101                  000000011111                                                                             
                                           1 11110                      01111111111                                                                             
                                              1                            01111111                                                                             
                                             0                                  001                                                                             
                                                                                                                                                                
                                                                                                                                                                
                                                                                                                                                                
                                                                                                                                                                
                                                                                                                                                                
                                                                                                                                                                
