                                                                                                                                                                
                                                                                                                                                                
                                                                                                                                                                
                                                                                                                                                                
                                                                                                                                                                
                                                                                                                                                                
                                                                                                                                                                
                                                                                                                                            00000               
                                                                        0000111                                                       0011111                   
                                                                  000011111111111                                                  0111111111                   
                                                              011100000000000111111                                             0111101111111                   
                                       001111111111111110    000   00000000000001111111                                      01111111111111                     
                              00011111111111111181111111111          0000000000000000000111                                0110001111111111                     
                          011111111100000001111111111111110            0111100000000000000000011111 1                    011000001101111111                     
                      011111111111111111111111111111111111000          0 111111100000     000000000000111               11000000001111000                       
                   011110111111111111111111110011111111111111        0018111111111100          0000000000            01100000000000001110                       
                 01111110110    000111100001110011111111111110      0111111111111110            0000000            01100000000000001000                         
                01101111111       01111011111110011111111101110    0111111110011101110         0010000       00111111100000000000000000                         
                 1110011111000000001111011111110 11111111110111000011118100111111111110      001111110        01101011000000000000000                           
                   0000011111111111111001111111001111111110  01111111111111111000110111     011110111100     01001000000000000000000000                         
                     00111111111111110011111110 011111111100001111111100111000   0111111000011101100111100  01011001000000 00000000000000                       
                         01111111111001111111 001111111111111111111111111110       011001101100110010011110000000000000000  000000000000000                     
                            01111110011111100011111  11 111111111111111111111      01110010001000000000000000000000000000   00000000000000000                   
                               00011000000111110001 11  1111111  1111111111111000011111110000000000000000000             00000000000000000000                   
                                   001   8 010000 01111  11111111111111111111111111100000000000000000000                    00000000000000000                   
                                          010000000011111111111111000001111100000000000000000000000000  00000                   0000000000000                   
                                        0001000000000001100100000000000000000000000000000111110000   000000                          00000000                   
                                         0010000000111101111111111111111001111111111111100       0000000000                               000000                
                                         00100101111111 0000001110000000000000000 0                  000000                                                     
                                         10 111111110              0  00000000000                                                                               
                                           1 111011                 00000000111                                                                                 
                                             11                      011011111111                                                                               
                                                                       01111111                                                                                 
                                                                          01111                                                                                 
                                                                             0011                                                                               
                                                                                                                                                                
                                                                                                                                                                
                                                                                                                                                                
                                                                                                                                                                
                                                                                                                                                                
