                                                                                                                                                                
                                                                                                                                                                
                                                                                                                                                                
                                                                      000                                                                                       
                                                                000111111                                                                                       
                                                           00000011000000                                                                                       
                            0000001111111111110000      011000000000011111111                                                                                   
                    0011111111111111111111111111111 0  00   0000000000000000000                                                                                 
                01111111100111100000111111181111111 0         0000000000000011111                                                                               
           0111111111111111111111111111111111111111            0010000000000000000011                                                                           
         11111111110    00111111111110011111111111111          0 111111100000000000000111                                                                       
         0110111111       011100111111011111110111111        001 1111111111100  00000000001                                                                     
          0100111110000000111101111111 011111111111110     018111111111111100       0000000011                                                                  
            00011111111111111011111111 011111111111110    01111111101011111             000000011                                                               
             0011111111111110111111110 01111111110 01110011111811111111111110           0000000001                                                              
                 1111111110001111110  01111111111   11111111111111111111111110         011000000011                                                             
                   0111111111111110 011111111111110111111111101111110  0111110     00011111110     0                                                            
                     0111111110000011111   11111111111111111111110     0011111000001111111110                                                                   
                         000001 111010001 1   1111111 1111111111110      01101111111111111110        00                                                         
                           0 111010000 01     11111   11111111111110   01111011101101111111110     000111110000000000000000000                                  
                               0 00000000111  111111111111111111111111111111111111111111101111000011111111111111100000111111111111110000000                     
                                 0000000001111011111111001111111111111111111110110000000011111111111111111111111000000000000000000000000000000000               
                               0 000000011011111110000000000111100000000010000000000000000000000011111111111010000000000000000000000000000000                   
                                 00101111  00011 1111111111110000100000000000000000000000000000010001101101101000000000000111111000000000                       
                                1101011 1 1 0000  00000000000011111111 11111111100000000000        000000011010000000001111110000000000                         
                                  11011                000000000                   000000000000        0000000000000000001111100000                             
                                 10     1               1000000000000                0000011111         000000000011100110001                                   
                                                        01011111111  1                0111111            0000000011011100                                       
                                                           11111111                      01 1            0100000100111111                                       
                                                           11111                                          000001010011110                                       
                                                             11                                            10100101111111                                       
                                                               1                                           01010111111100                                       
                                                                                                            1011011001110                                       
                                                                                                            0101100110001                                       
                                                                                                             011110011000                                       
                                                                                                               11100001                                         
                                                                                                                01100                                           
                                                                                                                  111                                           
                                                                                                                    011                                         
                                                                                                                                                                
