                                                                                                                                                                
                                                                                                                                                                
                                                                                                                                                                
                                                                                                                                                                
                                                                                                                                                                
                                                                                                                                                                
                                                                                                                                                                
                                                                          001                                                                                   
                                                                      0011110                                                       00011111                    
                                                                  001111000011011                                              00111111111111                   
                                                               0110000000000001111111                                      011111111111111111                   
                                                             010000000000000000000000000111                             0111000111111111111                     
                                        0001111111111111000          00000000000000000000000000001111                 011000011111111111111                     
                                 00011111111111111111111111          0001110000000000000000000000000000             011000000001111111111                       
                            0111111111000111111111111111111              111111110000         00000000000         011000000000111111111                         
                        01111110011111100000101111111111111000          011111111111            00000        00111100000000000011111111                         
                     0111111111111111111111111011111111111111 0       011111111111111           010000       111110000000000000000000                           
                  0111100111111100111111000111000111011101111110     0111011110011001100       0111110      001110000000 0000000000                             
                011111111110      0011100111111001111111111101110    11111111011111111110     0110011100    010000000000 0000001000                             
                111011111110    0 00111001111111001111111011100110001111111001110001101110000011001001110000000000000000 000000111111                           
                011100111111000000111110111111110001111111110  01111101110011110    01100111001001000000000000000000000  00000001111111                         
                   00000111111111111110011111110 01111111111100011111111111111        011000000000000000000000000000000   0000000000110                         
                      0011111111111110011111110001111111111011111011111111111110     011100000000000000000             000000000000011111                       
                       0 0011110111100111111100111111  11111111011111111111111111000011000000000000000000                 000000000000000                       
                             011111000111000011110001  1   111111  1111111111111111100000000000000100000000                  000000000110                       
                                 000000000   111100 01 11  1111111111110000111100000000100000111000 0000000                     00000000111                     
                                     0  111  1001100000111111110000110000000000000000000011110   0000000000                        00110001                     
                                          001   0111000000111110000000000110000111111 1100                                            01111                     
                                            0000000011100000111111111110000011111000                                                     01                     
                                             1000000  0111110000000000000000000000                                                                              
                                             10          0           00000000000000                                                                             
                                                             10        00100000111111                                                                           
                                                                          011111111                                                                             
                                                                             011111                                                                             
                                                                                 0001                                                                           
                                                                                                                                                                
                                                                                                                                                                
                                                                                                                                                                
                                                                                                                                                                
                                                                                                                                                                
