                                                                                                                                                                
                                                                                                                                                                
                                                                                                                                                                
                                                                                                                                                                
                                                                                                                                                                
                                                                        00                                                                                      
                                                                    0011 0                                                                                      
                                                                  111110001                                                                                     
                                                               01000100011000110                                                                                
                                                             011000000100001000111001                                                                           
                                                           011000000000000000000000000000011                                                                    
                                                          000     000000000000 000000000000000001111                                   0000000000000            
                                            000111111110           00001110000000000   0 0000000000000                         0001111111111100000              
                                       0111111111111111111             011111111110          00000000000                  0111111100000000000000                
                                  00111111111111111111111100            111111011100           000000                 011110000000011111110000 0                
                             001111110000111111111111111111011        1111111101111100        0111110       0000001111100000000000011111111111                  
                          0111111111110000001101111111111111110      011111110111000110      00111110        0111111100000000000011111111111                    
                       011110011111111111111111001110011001110110    0111111011111110110    01111111110    0110110010000000000001111111110                      
                     011111111111111111110000011000111111111111110000111111000110 001111100001001111111000011111110000000000000000011111                        
                   01111001111110000001110011111100011111110110 0111110111011100    00010110010000000000000000000000000000000000000000                          
                 011111110110       001110011111110 0111111111   01111111111110       0100000000000000000000000000000000000000111100                            
                01111111111110   000011110011111110 01111111101001111111111111110    11110000000000000000000    00000000000000011111                            
                 011110011111110000111111001111010 0011111111111100111111111111111000100000000000000000              00000000001111111                          
                   000000011111111111111000110111 001111  1111111111 1111111111111000000000000000000  000000          0000000000011111                          
                       000111111111111110101111100111111 111 111111111111000001100000000000111000000000000              0000000011111100                        
                        0  0011110000000011100001111000011111 111111011000000000000001111100      00000000               010000111101111                        
                                000111100000001101000 011111110011000000000110011111 100               000                 0100011110001                        
                                       000      1010000011111110011001111000000000                                           11111011100                        
                                       100000000001100000011       111000000 0                                                0111100011                        
                                      1000000000    00000010        0 0000000000000011                                          0111100                         
                                      00000000       0000111         00000000000001111                                             01111                        
                                                     1101111          0000000111111110                                               001                        
                                                      1101               0      0111 1                                                                          
                                                         1                          00                                                                          
                                                        0                                                                                                       
                                                                                                                                                                
                                                                                                                                                                
                                                                                                                                                                
                                                                                                                                                                
                                                                                                                                                                
