                                                                                                                                                                
                                                                                                                                                                
                                                                                                                                                                
                                                                                                                                                                
                                                                                                                                                                
                                                                                                                                                                
                                                                                                                                                                
                                                                                                                                                                
                                                                        0011                                                                0000                
                                                                  000111111111                                                      00111111                    
                                                              011100000000111111                                               0111111111111                    
                            0001111111111111111111111100   0000000000000000000111111                                       00111111111111111                    
                      011111111111111001111111111111111100         000000000000000000011 1                              011110111111111111                      
                 001111111111111111111000111111111111111          00000000000000000000000000111111                    01100000111111111111                      
              011111101111111111111111111101111111111110 0          00111100000000000000000000000000                11100000001111111111                        
              1101111110     00111110011110011111111111111          0 111111111110        000000000000           01110000000001111111111                        
              01101111100     0111101111110 01111110111111       0011111111111110             00000           001100000000000001111111                          
                010011111111111111001111111 011111111111111     011111181111111110           011000       01811111100000000000000000                            
                 00111111111111110011111111 0111111101111110   011111111110111011100        0111110        0111001000000000000000000                            
                 0 01111111111110011111110  01111111110  011111111111100111111110111      00110111000     11011000000000000000000000                            
                      011111110011111111000011111111110  0111111111111111100001111110000001100110111100 0010110000000000000001111111                            
                        0 11111111111100001111 111111111111111111111111100     011101111111001101000000000000000000000  00000001111101                          
                          00111111100001111111  111 111111111111111111110        111011100000000000000000000000000000   0000000000011000                        
                              00001   1110000011    111111  111111111111110    01111000000000000000000000            000000000000000111100                      
                                0 111 00100000001111111111  111111111111111000111000100000000000000000                  000000000000000000                      
                                        0 1000111111    111111111111111111111110000000000000001000000000                   000000000000000                      
                                        0011101111111     01100000011111000000000000000000110000  000000                      000000000001                      
                                           01 111111    181000100011000000000010000111111000000000000000                          00011000                      
                                              0111    1118 01100000001111111111111000             000000 0                            001111                    
                                                  0   8888 000000000000000000000                                                          0                     
                                                               000000000000111                                                                                  
                                                                 01000011111                                                                                    
                                                                   011111111                                                                                    
                                                                      011111                                                                                    
                                                                           000                                                                                  
                                                                                                                                                                
                                                                                                                                                                
                                                                                                                                                                
                                                                                                                                                                
                                                                                                                                                                
