                                                                                                                                                                
                                                                                                                                                                
                                                                                                                                                                
                                                                                                                                                                
                                                                     000000                                                                                     
                                                               001111111111                                                                                     
                                  000000000000000         00110000000001111 1                                                                                   
                      0001111111111111111111111111100  000000000000000000111111                                                                                 
                 001111111011110000001111111811111111          000000000000000011                                                                               
             0111111111111111111111111111111111111110          00000000000000011111                                                                             
           1111111110010 00011111111110011111111111100           0111100000000000000111                                                                         
          0111111111       01111011111101111111111111            11111111100000000000111                                                                        
           01001111100000001111011111110011111111111110     0011111111811111110   000000011                                                                     
            0010111111111111110011111110011111111111111    011111111111111110         0000011 1                                                                 
             00011111111111110011111110 0111111111000110000111111111111111110           0000111                                                                 
                 011111111110011111110 011111111110  0111111111110011111111110           00000111 0                                                             
                   01111111011111110000111811111110011111111111111111000111111         000100000111 0                                                           
                       111111110000011111   1111111111111111111111000   111111     000011111110 0001                                                            
                         0000000101111001  11  11111111111111111110      0111110000111101111000     0                                                           
                           0  11 100000 0      111111  1111111111110     01111111111111111110                                                 000               
                               01000000011 1   111111 1111111111111100001111111101111111111110       0 100                  0000000000000111100                 
                               100000000011111111111111111111111111111111111111111111111101111    0101111111111111111111111000000000000000000                   
                               0000000010001111011000000000011111111111111111101100000111111111111111111011111100000000000000000000000000                       
                              10010101111 100111 1111001101110000000000001000000000000000000001111111111111111000000000000000000000000000                       
                              0101011111  100000 001 1100000001111100110000100000000000000000000000011111110000000000000000000000000000                         
                              11110 11   1             000000000000111111111101000000000000     00000000101101000000000000000000000                             
                                       11              00000000                   00000000000        0000000000000000000000000000                               
                              1                          0101011111                 000001111 1        00000000000010000000                                     
                                                        1101111111111                01111111           0000000000001111000                                     
                                                         11111111                      1111              0000000000111111                                       
                                                           1111                          0                100000001001111 0                                     
                                                           0 11                                           01000010011100000                                     
                                                                                                           0100001100001000                                     
                                                                                                            010000011000000                                     
                                                                                                              1101000100000                                     
                                                                                                               011000000000                                     
                                                                                                                 01100000                                       
                                                                                                                   011100                                       
                                                                                                                      001 0                                     
                                                                                                                                                                
