                                                                                                                                                                
                                                                                                                                                                
                                                                                                                                                                
                                                                                                                                                                
                                                                                                                                                                
                                                                     001                                                                                        
                                                                0001111 0                                                                                       
                                                              0111110000111                                                                                     
                                                           01000000001110001100                                                                                 
                                                         01000000000000000000011101                                                                             
                                                       000   0  0000 00000000000000000111                                                                       
                                         00111111111100         0000110000000 00000000000001111                                                                 
                                   01111111111111118111            011111111100000    0000000001111                                                             
                              001111111111111111111111100           0811111111110         00000000011                                                           
                          011111110000011111111111111111110       011111111111110            0000000001                                       0000000           
                      00111100111111100111100111111111111110     011111110011101110          000000000001                             00001100000 0             
                    01111001111111111111111100111011101110111    0111111111111111110        01111110                            00111110000000000               
                  1111111111111111111000011110001111111111111000011111100111000101110    0111111110                      0011111100000000000000                 
                1111100111001  000111101111111100111111111  0111111111111110   011111000011111111100       001110000011111000000000000000000000                 
              011111111110     0 001110111111110 1111111110  1111111111111       01101111100111111110    000111111111100000000000000000100000                   
             011111111111100 00001111100111111100011111110111111111111111110     0110011011111111011100001111111111111110000000000011110000                     
              000110011111111111111111011111110 01111111111110111111111111111  0111111111000000111111111111111111110010000000000001111111                       
               0010000 01111111111111000111110 0111   1  111111  1111111111111111111110000000000000000000010111111110000000000000000000                         
                  0 00011111110111110011111100011001 11  1111111111111111111111100110000000000000000000000010000000100000000000001110                           
                       0 0001111000011110000011000 01111  11111111100000111000000000000000000000000           000000000000000111000                             
                              00000000000011001000000001100010000000000100001001110111111000000000000000         000000000000111110                             
                                     001     0 00000001111   10000111111011111111000        00000000111           0000000000001111100                           
                                     10 000000010000111111   8 011000000000                   001111111            010000000000111000                           
                                     00000000001 0111111111   1100 00  0000000000                0111 1              100000000100110000                         
                                     00000000   011111111 1    0 0000000000111111                    0                01000000010001100                         
                                     10            1  1          0000001101111111                                       110000001100000                         
                                                     01            000001111111 1                                        01110000000000                         
                                                                     0   001111                                             01110000000                         
                                                                             01                                               0011100                           
                                                                                                                                  00111                         
                                                                                                                                       00                       
                                                                                                                                                                
                                                                                                                                                                
                                                                                                                                                                
                                                                                                                                                                
