                                                                                                                                                                
                                                                                                                                                                
                                                               0001111                                                                                          
                                                           00111111100                                                                                          
                                                         01000000000111111                                                                                      
                                                      01000000000000000011111                                                                                   
                                              0000  0000     00000 0000000001111                                                                                
                                        011111111000          01111000000000000111                                                                              
                                    011111111111111100          00111111100000000011 1                                                                          
                                 011111111111111111010            1111111111110    0011                                                                         
                              011111111111111111011111000       00111111011100       00111                                                                      
                           0111111111000111111110110110111     011111100111110          0011                                                                    
                         01111111110000000011000110110111110   0111111001101110          001 1                                                                  
                     0111111111111000000001111000101101100110000011100110111111         0000011                                                                 
                    0111111111110000111100000011000101101100111111111110  01110    000111111001                                                                 
                    01111111111111110000000001111100111100  0111110010     1111000011111111110 0                                                                
                   01111111111111110  0001001111100 0111100000011111110     1101111111111100                                                                    
                    1111111001100      000000000000 01000000000000000010   0110101111111111                                                                     
                  11111111100000      000000000000 0001000000010000000000000000000111111111       110                                                           
                01111111111111000000000000000000000000000000000000000000000000000000001111100001011111                                                          
                  0000000000001000000000000000000 0000000100000000000000000000000000000001111111111111110                                                       
                   00000000000000000000000000000010 0111111111111111011111110100000000000011111111111111111110000                 0000                          
                            0 00000000000001    1010 00001000000000                 000000 00111111111110000000001111111111111111111 1                          
                                                    1     0000 0                    0000000   011111011100000000000000000000000000                              
                                                    1 000  000000 0 000000          011111 0   0101111000000000000000000000000                                  
                                                       001  000 0000000000            11        000000000000000000000000000000                                  
                                                      1 01       000000000             1        00000001000000011100000000                                      
                                                       811        010000               1        00000000110011100000                                            
                                                      01 0          11                          0100010101111000                                                
                                                      18                                        01000010111111                                                  
                                                     88                                         01101011011100                                                  
                                                                                                01100101111010                                                  
                                                                                                 1010110111000                                                  
                                                                                                 0111011000000                                                  
                                                                                                  111100100000                                                  
                                                                                                   110000000                                                    
                                                                                                    0110000                                                     
                                                                                                      0110                                                      
                                                                                                        0110                                                    
                                                                                                                                                                
