                                                                                                                                                                
                                                                                                                                                                
                                                                                                                                                                
                                                                                                                                                                
                                                                                                                                                                
                                                                    001                                                                                         
                                                                0011110                                                                                         
                                                             01111110001110                                                                                     
                                                           01000000001100001100                                                                                 
                                                         11000000000000000000011000                                                                             
                                                       000   0 00000 00000000000000000111                                                                       
                                         000111111110           0001100000000 00000000000000111                                                                 
                                   00111111111111111111            011111111100000    0000000000111                                                             
                              0011111111111111111111111             1111111111110         00000000001                                                           
                          001111110000111111111111111111110       011111111111110            0000000001                                        000000           
                       0111110011111000011101111111111111110     011111110011101110          010000000000                             0000111000000             
                    01111001111111111111111100111011101110110    0111111111111111110       001111110                           001111110000000000               
                  0111111111111111111000011110011111111111111000011111100111000101110    0111111110                     0011111100000000000000000               
                0111000111011  000111001111111000111111111  0111111111111110   0111110000111111111000      001111111111110000000000000000000000                 
              011111101110     0 00111011111111001111111110  0111111111111       01101111100111111111    010111111111100000000000000111111000                   
             01111111111110  00000111101111111100111111111111111111111111110     0111011011111111011110011111111011011110000000000111110000                     
              000110011111111001111111011110010 011111111111101111111111111110 0111111111000000000110111111111111111010000000000001111110                       
               0010000 01111111111111000111111 0111   11 111111  1111111111111111111110000000000000000000010011111110000000000000000000                         
                  000000111111111111001111110 011001 11  11111111111111111111111000100000000000000000000000000000000000000000000011                             
                       000011110000011110000011110 011111 11111111100000111000000000000010100000000           000000000000001111000                             
                             0 011100000000101000000000110001100000000010000110111111111000000 0000000000        000000000001111110                             
                                     00      010000000111111100000111111111111111000         0000000111           0000000000001111110                           
                                     00000000011000011111  8810111000000000                    01111111            010000000111111000                           
                                     0000000000 10111111111    000  00 0000000000                 011 1              1000001011111100                           
                                     00000000 0  11111111 1      0 00000000011111                                     01000001110001100                         
                                     00          0 1111 1        0000001100111111                                      0110000011100000                         
                                                                   00000011111111                                        01110000001000                         
                                                       0             0    0011110                                          0011100000 0                         
                                                                              01                                              0111000                           
                                                                                                                                 001111                         
                                                                                                                                      0                         
                                                                                                                                                                
                                                                                                                                                                
                                                                                                                                                                
                                                                                                                                                                
