                                                                                                                                                                
                                                                                                                                                                
                                                                                                                                                                
                                                                                                                                                                
                                                                                                                                                                
                                                                       0                                                                                        
                                                                   00111                                                                                        
                                                                0111110001                                                                                      
                                                             01100100011100010                                                                                  
                                                           01000000000000010001111                                                                              
                                                         010000000000000000000000000001111                                                                      
                                                0000    00       000000000000 00000000000000001111                                                              
                                      000111111111111100         00011111000000000    00000000000001                                                            
                                 00111111111111111181110            0 111111111110          000000000011                             0000001111000000           
                            001111111111111111111111111000          0 11111101110             0000000000                     00111111111111111111111            
                        0111111100000000001111111110111111        01111111111111110          01110100                  001111110000111111111111111              
                     011110001111111111111100111111111111110      0111111101111111110      001111110        000000011111000000000011111111111111                
                   1111111111111111111111111001111111011100110    11111100111111110110    01111011100       011111111110000000000011111111111111                
                01110001111110000011100011111000111011111110110001111111111110 00111111000111011111111    0111111011101100000000011111111111                    
                1111101110       00110011111110 01111111110  0111101110011100    00111111011011011011110001111111101101000000000111111111110                    
             0111111111110    0 001111011111111 01111111010  011111111111110       011011101101001000100110000111111110100000000001111111                       
              011110111111100000111110011111110 011111111011111111111111111110    1111110000000000000000000000000000000000000011011111                          
                000000011111111111111001110110 011111111111110111111111111111110011100000000000000000000       000000000000001111111                            
                  000001111111111111010111110 01111   11  111111  111111111111111100000000000001000000              0000000000111111                            
                     00000111000000001111100011100011111  111111111111111111100000000000001111000000000000           00000000001111111                          
                            0 11111100000011010000 011111 111111111000000000000000110011100    00000000000             000001011111111                          
                                   0001     0010000000111101110000001001110011111111100           00011111              00000111111110                          
                                        0001 01100000000110111111111100000000000                       000               0101011111111 0                        
                                        0000000 1000001111 101111100000   00000000                                        01011111100111                        
                                        10000000 101101111         0 000000000111111                                       01111101110                          
                                        10        11111111          00000110111111 1                                         011110111                          
                                                   1 111               00011111111                                            01111001                          
                                                    0  1                    000111                                              0111                            
                                                                                  0                                               0                             
                                                                                                                                                                
                                                                                                                                                                
                                                                                                                                                                
                                                                                                                                                                
                                                                                                                                                                
                                                                                                                                                                
