                                                                                                                                                                
                                                                                                                                                                
                                                                                                                                                                
                                                                                                                                                                
                                                                                                                                                                
                                                                         001                                                                                    
                                                                    00111111                                                                                    
                                                                 010001100011111                                                                                
                                                              0110000000000000111110                                                                            
                                                            010  00000000000000001111011                                                                        
                                           001111111111000          000000000000000000000111                                                                    
                                     001111111111118111811          0 01111100000000000000000011                                                                
                               001111111111111111181111111              1111111111110     0000001111 0                                                          
                           00111111101000001111111111111111110        00811111111110          00000001 1                                                        
                        01111100111111111111110111111111111180      0111111111111110             000000011                                          0000        
                      11110111111111111111111100011111101111111     111111110011101110          0000000001                                   000011000          
                   0111001111110000111110001111100111111111111100  01111810011111111110        01111110    0                         000111100000000            
                 01111110110       0111101111111100111111111000111111111111111000011111     0111111110                        00111111100000000000              
                0111111111110   00001111011111111 0111111111   011111111011100    01111100001111111110        001100000000111110000000000000000000              
                  0110011111110000111111011111110 011111111110011111111111110       01001111101110111110    000111111111100000000000000000000000                
                  111000011111111111111001110111 011111111111111111111111111110    0111011011111011011110000111111011111110000000000001110000000                
                     00001111111111111001111111 01111   1  111111  1111111111110001111111111000000100111111111111110110110000000000000000000 0                  
                        000011110000100111111000110001 1   111111 11111111111111111111110000000000000000000010011111011000000000000000000001                    
                                011111100000000110000001111111111111100101111000000001000000000000000000000100000000001000000000000000 0                        
                                     00011    00100000001111  88 0000000000000000000000001111000000000          0000000000000000100000                          
                                                011000111111    88101101110011111111111100000000000000000          0000000000000111110                          
                                                 01 11111111    18 0000000000000000            00000001111           0000000000001111100                        
                                                   011111111       000000 0                      0111111              000000000000000000                        
                                                       01          0 0000000000111                 01111               0100000000000000000                      
                                                            0      100000000111111                    00                 01000000000000000                      
                                                                    00001101111110                                         110000000000000                      
                                                                      0001111111                                            01110000000000                      
                                                                          001110                                               01110000000                      
                                                                              0                                                   01110000                      
                                                                                                                                     00011 0                    
                                                                                                                                           0                    
                                                                                                                                                                
                                                                                                                                                                
                                                                                                                                                                
                                                                                                                                                                
