                                                                                                                                                                
                                                                                                                                                                
                                                                                                                                                                
                                                                                                                                                                
                                                                                                                                                                
                                                                     001                                                                                        
                                                                 0011110                                                                                        
                                                              01111110001110                                                                                    
                                                            01000000001100001100                                                                                
                                                          1100000000000000000011000011                                                                          
                                                        000  00 00000 00000000000000000111                                                                      
                                           00111111100           0001000000000000000000000000111                                                                
                                     0111111111111111111            01111111110000     0000000000111                                                            
                                001111111111111111111110             1111111111110          0000000001                                                          
                            01111110001111111111111111111110       011111111111110            0000000001                                         0000000        
                        011111111111100001110111111111111111      011111110011101110          011000000000                            00000111100000            
                     01111001111111111111111000111011101111110    0111111111111111110       011111110                         00011111110000000000              
                   0111111111111111111000011110011111111111111000011111100111000101110    0111111110        00         001111111000000000000000000              
                 01110001111 0 00001110011111110011111111110 0111111111111110   0111110000111111111100      018111111111000000000000000000000000                
               011111101110     0 00111011111111001111111110  0111111111111       01101111100110111111    011111111111110000000000001111111100                  
              01111111111100   00001111011111111001111111111011111111111111100    0111011011111111011110011111111011011110000000000011111000                    
               001110111111111001111111011111010 011811111111101111111111111110 0111111111000000000010011011111111111010000000000011111111                      
                0110000011111111111111001111111 0111   11 111111  1111111111111111111110000000000000000000000010111110000000000000000000                        
                   000000111111111111001111110 011001 11  11111111111111111111111000100000000000000000     0000000000000000000000111                            
                       0000111100000010111000011110 011111 111111111000001110000000000000111000000000           00000000000001111000                            
                              0 11111000000010100000000111101110000000000000001011111111000 000 0000000111        000000000001111111                            
                                     000      010000000011111011000011111101111110000         0000000111            000000000001111110                          
                                      000000000 0000011111  81101111000000000                    0111111             10000000111111000                          
                                      0000000001100011111111  1  000 00 0000000000                  0111              1101001111111100                          
                                    0000000000000 1111111111      0 00000000011111                                     010000011100011 0                        
                                     100          11111111         000001110111111                                       110110011100000                        
                                                    1  1            00000011111111                                        011100000110 0                        
                                                      0                     011111                                          011110000000                        
                                                                                01                                             0111000                          
                                                                                                                                  0011                          
                                                                                                                                      0                         
                                                                                                                                                                
                                                                                                                                                                
                                                                                                                                                                
                                                                                                                                                                
