                                                                                                                                                                
                                                                  0001                                                                                          
                                                               0111000                                                                                          
                                                             1100100001110                                                                                      
                                                           1100000001000000000                                                                                  
                                                         1100000000000000000000111                                                                              
                                                       010 00  00   000 00000000000011                                                                          
                                        0       100001000     00001000000000 0000000001111                                                                      
                                        1101111111 0            00001111111110100     000111 0                                                                  
                                      111111111118111100            111111111110         00011 0                                                                
                                     1111111188111111110            111111111100            0011 0                                                              
                                   0111111111111111011110000      011111100110010           000011                                                              
                                 0111111111111111111100110111     0111111001111110        001100001                                                             
                               11100111111111101011001010011000    1011100100010010    00011111110001                                                           
                             01101111100000000000000100110110010000001101010  01101000011111111000  0                                                           
                            1101111111000000001111000010010010 00110010010      010101111111111                                                                 
                         1111011111110000111000000000000001100  00000000000     0000000000111111      000                                                       
                        0111111111100000000000000000000000000000000000000000   00000000000010110    001110                                                      
                        0111111111001111100000000000000 000000000000000000000000000000000000001100011111111                                                     
                        0111111111111110   000000000000 00000000000000000000000001111000000000001111111111110                                                   
                       011111111000000      000000000000000000000000000011111110000     00000000000111111110111                                                 
                       11111111100000    0000000 000000000001111100111000                00 0000  0111111110000110                                              
                      0111110000000000000000000000000000   0000000000                     0000000   0011011000000110                                            
                       0000000000000000000000000001 100001000001111100  00000000           00011 0   0011000000000001110                                        
                        0000000000000000000000            0111001111  00 0000000            11       000000000000000000011100                                   
                           00      0                         011111111 000000000                     0000001001111111000000001111000                            
                                                                001  1   00000                       1000110111111111110000000000                               
                                                                    0       00                      1101111111111111110000                                      
                                                                      0                            01111111111                                                  
                                                                                                   111111111                                                    
                                                                                                   111111111                                                    
                                                                                                  0111111111                                                    
                                                                                                  1111111111                                                    
                                                                                                  11111111                                                      
                                                                                                  11111111                                                      
                                                                                                  0 111 11                                                      
                                                                                                    1111                                                        
                                                                                                     111                                                        
                                                                                                       1                                                        
                                                                                                                                                                
