                                                                                                                                                                
                                                                                                                                                                
                                                                                                                                                                
                                                                                                                                                                
                                                                           0                                                                                    
                                                                      0011                                                                                      
                                                                   011111000                                                                                    
                                                                01001100001100011                                                                               
                                                             01100000000000001101111                                                                            
                                                           0100000000000000000000000000111                                                                      
                                              0000011100   0       00000000000000000000000001111                                                                
                                       0011111111181111110          00111110000000000000000000001111                                                            
                                  001111111111111811181110            0 1111111111100       000000000111                                                        
                             0011111100011111111111111111000          0 11111111110             0000000111                                                      
                         00111111111110000110111111111111111        0111111111111111            00000000000                                 0000000000          
                       0111101111111111111111001111011111111100     1111111100111011100        01111100                          0011111111111111111111         
                     1111111111111111110000011000111111111101110   01111810011111110111     0001111110                    00111111111110100000000000            
                  0111100110010  00111100111111100111111101100111111111111111100001111100 0001111111100       011111111111100000000001111111110000              
                  1111111110       01110011111110 0111111110   111111111011100    0011011111110111011110    00011111111110000000000000111111110000              
                0111111111110  000011110011111110 011111111100011111111111110       011011001011101101110000111111101101100000000001111111111110                
                 0111000111111111111111001111110 0011811111111111111111111111110   01111111111011011011111111111111101100000000000111111111000                  
                   0000001111111111111001110111 011111 11111111111 1111111111111001111111001000000000000000001001001101001000000000001111111                    
                       001111110001111011111100011111  11  111111  1111111111111111110000000000000000000000000000000000000000000000110 0                        
                            000111100000110000111100 011111 1111111111001011110000000000000000000000000           00000000000001111100                          
                                  0001100000 10100000000111111100111000000000000000100011111000000 000000000         00000000000111111                          
                                       00     10100000011111    00000110111001111111 1100       00000000111           0000000000011111                          
                                             0100 0000111111  88 0111100000000000                  0111110             01000000110111111                        
                                               0001101111111    1 000000    0                        00111               100001111111100                        
                                                 00 11111111        00 0000000011111                                      11010011101111                        
                                                    001              000010001111111                                       1101011110000 0                      
                                                        001     1      00011111111 1                                        011111001100                        
                                                                          00111111                                            0111000011                        
                                                                               001                                              011100                          
                                                                                                                                  011110                        
                                                                                                                                     001                        
                                                                                                                                                                
                                                                                                                                                                
                                                                                                                                                                
                                                                                                                                                                
                                                                                                                                                                
