                                                                                                                                                                
                                                                                                                                                                
                                                                                                                                                                
                                                                                                                                             001                
                                                                                                                                          01110                 
                                                                                                                                        11100                   
                                                                                                                                      1100000                   
                                                                                                                                     10000000                   
                                                                                                                                   1100000000                   
                                                                            000111111                                            0 0000000000                   
                                                                       001110000111111111                                       0100000001000                   
                                                                    01000000000000011111111 0                                  11000000000000                   
                                                000111111111110    00       0000000000000011111 0                            0 100000000000                     
                                         000111111111111118111111          0101000000000000000011111111111100               110000000000000                     
                                    01111111100111111111111111111            001111011000000     00000000001111           01100000000000000                     
                                01111111111000000000111111111111100           0111111111110           0000000000       01110000  0000000000                     
                             11111001111111111111111011111110111011         001111111001110            000000      0018111110000  0000000000                    
                          0111111111111111111111111100011101111111110      11111181001111110          0010000        010000000000 0000000000000                 
                        01111100110010 0000111000011100011111101100111     1111111111110001100       001111100      0110000000000 000000000000000               
                       11011111111       00111011111110001110110111011000011111100011001110011     0111100111110   01000000000000 00000000000000000             
                       0111111111100  00001111011111111 01111111110  01111111111111110  0111111000001100110100100000000000000000   0000000000000000             
                         010000111111001111110011111110 01111111110  011111111001100     000100111011001000000000000000000      00000000000000000000            
                            00011111111111111001110110 01111111110111111111111111110       0110001000000000000000000                 000000000000000000         
                            0  0011110011111011111110 01111  1111111101111111111111110   01111100000000000000000                                                
                                   001110000001110000111001  11  111111  111111111111100111000000000000000000000000                                             
                                       00011000000 1110000 1111111111111111100111111000000000000000001100000 000000                                             
                                             0     1010000000001110000000000000000000000000000111111000000000000000                                             
                                                 0   0 000000000000100000000001100001111111111100          00000000 0                                           
                                                      01000001111111 1111111000000111110000                                                                     
                                                       1100001111      0000000000000000                                                                         
                                                         10001111          00 00000000000                                                                       
                                                         1 111101           0000000001111                                                                       
                                                            000              011011111111                                                                       
                                                           0                   01111111                                                                         
                                                                                 011111                                                                         
                                                                                    011                                                                         
                                                                                                                                                                
                                                                                                                                                                
                                                                                                                                                                
                                                                                                                                                                
