                                                                                                                                                                
                                                                                                                                                                
                                                                                                                                                                
                                                                                                                                                                
                                                                  0000011                                                                                       
                           0000000000000000               0000111111111                                                                                         
                 00011111111111111111111111111110     0110000000000011111                                                                                       
             00111111110011110000011111111111111110    0   0000000000000111                                                                                     
         011111011111111111111111111111111111111111         0000000000000111111                                                                                 
         101111110 0  00011111111111011111111111100          001100000000000000011                                                                              
        0100111110      011110100111011111111111111          0 181111000000000000000111                                                                         
       0 100011111000000111101111111001111110111111        001 111111111110   0000000000111                                                                     
          000011111111111110011111110011111111111110     018111111111111100        000000000011                                                                 
           0 11111111111110011111110 011111111111110   011111111101111111             000000000                                                                 
               01111111110011111100 01111111110  0111111111111111111110110            00000000000                       0000011111110000                        
                 0111111111111110 0011181111110  01111111111111111111111111         01111110                     001111111111111111111111   0                   
                   0 11111111000011111  11111111111111111101111110  0111111      0011111110                0001111000000011111111111111111                      
                      0000000111111001     11111111111111111110      0111111000011111111110        011111111110000000000011111111111111 1        1              
                           11101000000111  1111111 1111111111110       1110111111101110111110    01111101111111000000000011111111111111                         
                           0   110000000111111111  11111111111110    01111011101101110110111100001111111011000000000000111111111111 1                           
                               0 0000011111    111111111111111111111111111111110000000000010011111011111101100000000000111111111111                             
                                 1001111111     101000010111111111111111111000000000000000000000000000000000000000000001111111                                  
                                 0 111111      8 0001000000000000000001000000000000000000000000000000000000000000000111111111                                   
                                   1  1     111111111011100001100001000000001101100000000000             000  0000000111111                                     
                                     0           000000000000111111111111110000000000  00000000            0000000000011111                                     
                                                    00000000000000000 0            000000000000              0000000011111111                                   
                                                     010000001111   1                 0001111                  00000011111111                                   
                                                       1111111111  11                       0                    000001111111                                   
                                                         11111111                                                 01001111111                                   
                                                           0011 1                                                   1111111111                                  
                                                               0                                                     011111 1                                   
                                                                                                                      01111                                     
                                                                                                                          11                                    
                                                                                                                         1                                      
                                                                                                                           1                                    
                                                                                                                            1                                   
                                                                                                                                                                
                                                                                                                                                                
                                                                                                                                                                
                                                                                                                                                                
