                                                                                                                                                                
                                                                                                                                                                
                                                                                                                                                                
                                                                                                                                                                
                                                                                                                                                                
                                                                           001                                                                                  
                                                                        001110                                                                                  
                                                                      111110001110                                                                              
                                                                    100010001100001000                                                                          
                                                                  11000000110001000011000111                                                                    
                                                                11000000000 0000000000000000001111 1                                                            
                                                              000      000000000000 00000000000000001111                                                        
                                                  0011111110            00111111001000000       000000001111                                                    
                                            001111111118111811              111111111110            0000000111 0                                                
                                        0111111111111181111111             0111111111110             00000000001                                     000000000  
                                   0111111001111111111111111111110       01111111111111110          1111110                        0001111111111100000000000    
                               011111111000000000011111111111111110      1111111101111111110      001111110         00000000001111110000000000000000000000      
                            0111100011111111111111001111011101111111     11111110111111100110    01111111100      00111111111100000000000000000000000000        
                          01111111111111111111111110001111111111111110000111111111110  0111111000111011011111    0111111111111000000000000000000000000          
                        011100111111000000110011111110011111110110 00111101110011100    000100110110110110111100111111110110010000000000001110000000            
                      01111110110     0 00111011111110 01111111110  011111111111110       01100110100000000000010010111110110000000000000111111000              
                     111011111110    0 001111011111110 0111111111100111111111111111110   1111110000000000000000001000000000000000000000000000011                
                       01100111111100001111110111100100011111111111110011111111111111101111000000000000000000         0000000000000011100000                    
                       000000011111111111111001110110 011111  1111111111 111111111111111000000000000000000000             000000000011111100                    
                       0000010011111111111100001111000111011 11  1111111111110000111000000000011110000000000000011         00000000001111110                    
                             00000111100000000110000111100 0111111111110111000000000000001111110       000000000            0100000000111111                    
                                      001111000000  01100000001111     100001001110111111000              011111             01000000111110000                  
                                            001      011000011111111  88 011100000000                         00               100001110011100                  
                                                000000001100111111    118100000   0  00000                                      11010011100010                  
                                                 10000000111111111       0 00 000000001111                                       0111110111000                  
                                                  0000     01 11 1          00000000011111                                         01110000000                  
                                                                001           000011111111                                           011100000                  
                                                                                    001111                                             0011000                  
                                                                                        00                                                 011                  
                                                                                                                                                                
                                                                                                                                                                
                                                                                                                                                                
                                                                                                                                                                
                                                                                                                                                                
                                                                                                                                                                
