                                                                                                                                                                
                                                                                                                                                                
                                                                                                                                                                
                                                                                                                                                                
                                                                         0                                                                                      
                                                                        110                                                                                     
                                                                       11000000100110011001101111                                                               
                                                                     110001001000000000000000000000000011                                                       
                                                                   110000000000000000000000000000000000000001                                                   
                                                                 01000000 00  000000000           00000000                                                      
                                                                11000 00 00000000000000            0100000                                                      
                                          1 1  1          0001110     00000011001100110           0111110        0011100                                        
                                         0 1111111100101110                 1111111011000        011001100        011111111111111111000                         
                                           011111111111111111                111111010001100    011000001010    01111101001000000000011111100                   
                                          1100011111111111111110            01111100011100010000000000000000000000000000000000000000000001111110                
                                           10111111811111110110100         011100100000001100000000000000000000000000000000000000000000111111111110             
                                         0011111111111111110111110011       0111100010     0000000000000000000000000000000000  00000011111111111111 0           
                                      0111001111111111110110110011001100    000110000      00000000000000000000        00000  0000001111111111111111            
                                   01111111110000000000001000111100100010000100100000     000000000000000000000           0   00001101111111111111111           
                                11111011111000000000001000011001100101000000000000000000000001100        000000            0000000111111111111111 11            
                               1110011111100000000011111000000100110010   00000000000000000110                              00000001111111    1        10       
                              01111111100000000111000000010000001001100000000000000000000000                                 0000011111               11        
                             01111111101111110000000001111110 0010000000000001000000111000                                    000111111                         
                            1111111111111110 0 00010001111000  000000000000000000011000000000                                  00111111 0                       
                           1111111100100        0010000000000 000000000000000011100  00000000                                  01111111                         
                          011110011100000   00 000000 000000 00000011001111110000 00000000000                                   11111 1                         
                           011100000010000000000000000000000 000  0000001110         0000000000                                 11111                           
                             0000000000000000000000000000000000000000001111                                                     011 1                           
                                    00 000000000000000000  0 01000000111111                                                      11                             
                                                              0110001111111 1                                                                                   
                                                                11100111111                                                    081                              
                                                                  011111111                                                    1                                
                                                                    01111                                                                                       
                                                                          00                                                                                    
                                                                                                                                                                
                                                                                                                                                                
                                                                                                                                                                
                                                                                                                                                                
                                                                                                                                                                
                                                                                                                                                                
