                                                                                                                                                                
                                                                                                                                                                
                                                                                                                                                                
                                                                                                                                                                
                                                                                                                                                                
                                                                            0                                                                                   
                                                                     000111                                                                                     
                                                                00111111000                                                                                     
                                                             011000000001111100                                                                                 
                                                          0110000000000000001111111                                                                             
                                             00000010    000   000000000000000001111111                                                                         
                                     00111111111181111100         00000000000000000000111 1                                                                     
                               000111111111111118118111 0            011111110000000000000011                                                0110               
                           01111111100011111111111111111000          1 111111111110     000001111 0                                      001100                 
                       011111100111110000111011111111111118        01111111111111           000001111                                 0011000                   
                    01111101111111111111111100111111111111100     1111118111111110            000000011                           00110000000                   
                  01111111111111111111000011100011111111101110   0111111111111111100          00000000111                      01110000000000                   
                111111011100    00111100111111100110111111001100011111100111111100110       011111000    0                 011100000000000000                   
              011111111110       001110111111110 111111111   111111111111110  0111110    01111111110                   01111000000000000000                     
             00011111111110000000011110011111110 0111111110 011111111111100    011111000011111111100         111111111100000000000000000000                     
               00000001111111111111111011111110 011811111111111111111111110      01101111101111111111     0001111111111000000000000000000                       
               1000000 11111111111111000111111 0111  11111111111111111111111   00111111011111111101110000011111101110100000000000000000                         
                  0 0001111111111111001111110 00111  11  111111 111111111111000111111111100111111111111111111111101100000000000000000                           
                         000111000001111110 011100 0111  1111111111111111111111111111000000000000000000000100111110110000000000000000                           
                              00111100000001011000000001111 1111110000111100000001100000000000000000000010000000000000000000000110000                           
                                    00       01100000111111  88 00000000000000000000000100000000000           0000000000000000000000000                         
                                        00001 01 1000111111    81011111011111111111111100000000000000             000000000000000000000                         
                                        0000000001111111111    181000000000000000          000000000111             000000000000000000000                       
                                         1000000000111111 1     11000                        0111111111               0000000000000000000                       
                                          00000        01  111111 0000000011111                011110                   00000000000000000                       
                                                               0 10000001111111                   011                      0000000000000000                     
                                                                 00001001111111                                              000100000000                       
                                                                   0000111011                                                    0001100000                     
                                                                       0111                                                           0000000                   
                                                                          01                                                                                    
                                                                                                                                                                
                                                                                                                                                                
                                                                                                                                                                
                                                                                                                                                                
                                                                                                                                                                
