                                                                                                                                                                
                                                                                                                                                                
                                                                                                                                                                
                                                                                                                                                                
                                                                                                                                                                
                                                                         00                                                                                     
                                                                     001111                                                                                     
                                                                  00111100011                                                                                   
                                                                01000000011000110                                                                               
                                                              1100000000000010001110011                                                                         
                                                            11000000000000000000000000000111111                                                                 
                                                   000     00      000000000000  00000000000000001111                                                           
                                         0001111111111110          000111110000000000     000000000000011                                                       
                                    001111111111111118111              1111111111110           000000000011                            000011111111000000       
                               0011111111111111111111111100            181111111111             00000000000                    001111111111111111000000         
                           0111111000000000001111111101111111       011111111111111110         01111110                   011111100000111111111110000           
                        01111000111111111111101111111111111110      1111111111111111110      0001111110        011111111111000000000001111111110000             
                      11110111111111111111111100111111101100111    011111110111111110111     111101111000     0011111111100000000000011111111111110             
                   0111001110100000111100111111001111111111111110001111111111110  01111110000110011011111    0111111011001000000000011111111111                 
                  1111110110      00111011111111 01111111111   0111101110011100    000110111110011011011110011111101101100000000000001111111000                 
                 110111111100  00000111011111111 011111111110 0111111111111110       011101111110100000000010000011011011010000000000000111                     
                  011001111111100111111011111110 01111111111111111111111111111110   11111110110000000000000000000000000000000000010001110                       
                  10000001111111111111001110110 0111111111111111111111111111111110111111010000000000000000         0000000000000011111100                       
                      000111111111111101111110 011111  11  111111  1111111111111111110010000000000000000               000000000001111111                       
                           000111000000111000011110001111  11111111111111101111000000000000011100000 00000000            0000000000111111                       
                                00011110000011110000 0111111111111111000000000000000111111100     00000000000             00000001111111111                     
                                      000 1  1010000000011110001000000010111001111111000              0011111               000001111111110                     
                                             10100000011111    01111111000000000000                        00                01010111101111                     
                                              0110001111111  11 0000000000   00000000                                         0111111110011                     
                                               0 1011111111            0000000000111111                                         11111011100                     
                                                 0 11111111              001111111111                                            01111001 1                     
                                                   1  1 1                   001111111                                              011110                       
                                                      0 1                        0011                                                0111                       
                                                                                                                                       0                        
                                                                                                                                                                
                                                                                                                                                                
                                                                                                                                                                
                                                                                                                                                                
                                                                                                                                                                
                                                                                                                                                                
