                                                                                                                                                                
                                                                                                                                                                
                                                                                                                                                                
                                                                                                                                            00011               
                                                                                                                                        001111111               
                                                                                                                                     0111100011                 
                                                                                                                                   011000011100                 
                                                                                                                                 01100001110000                 
                                                                                                                               0 10000000011111                 
                                                                              00001111                                        110000000011000                   
                                                                         0001111111111111                                   01100000000000000                   
                                                                     0111000000000011111111 1                              110000000000000000                   
                                                   000000011110    000     00000000000000000111111111111111               11000000000000000                     
                                           0001111111111111811110          000000000000000000000000000001111111         110000 0000000000                       
                                    00011111111111111111111111111 0          001110000000000         000000000      01111100000 00000000000                     
                                011111111100000001111111111111111              111111111110            00000       001111000000  000000000000                   
                             011111000111111100000101111111101111111          0111111101110            010000       001100000000 00000000000000                 
                           0111111111111111111111111001111111111111 0      011111111111111110         0111110       110000000000  00000000000000000             
                        0111110011111000000111000011100111011101111010     01111111000110001110     001100101110   000000000000   00000000000000000             
                       11011111111       001110111111100111011111111110   010111100011111110110    00110010000000000000000000 000000000000000000000             
                        11111111110    0 00111011111110 0111111111000011111111111111110  01110110000000010000000000000              00000000000000000           
                         010001111110000111110011111110 01111111010  0111100111001100     0001000100000000000000000                            0000000          
                            10011111111111111001110010 00111111110100011111111111111        011000000000000000000                                               
                            0  0011111111111001111110 011111111111111000111111111111110   0110000000000000000000000                                             
                                  0011100000011111100011111  111 1111111 11111111111111000000000000000000000 000000                                             
                                      0011110000000111110001111  1111111111110000000000000000000000110000000000000000                                           
                                           0011    011000 001101110000000000000000000000000000111100                                                            
                                               0   0110000000111100010000000000010000111111 110                                                                 
                                                    1100000000111 11111111111111000010000                                                                       
                                                    11000000111100 0 0000000000000000000                                                                        
                                                      000001111 1            0   0000000000                                                                     
                                                     1101110111               0000000000000                                                                     
                                                      8011010                   011001111                                                                       
                                                       1010                       0111111                                                                       
                                                        1                            0011                                                                       
                                                                                                                                                                
                                                                                                                                                                
                                                                                                                                                                
                                                                                                                                                                
                                                                                                                                                                
