                                                                                                                                                                
                                                                                                                                                                
                                                                                                                                                                
                                                                                                                                                                
                                                                                                                                                                
                                                                                                                                                                
                                                                            0                                                                                   
                                                                        0011                                                                                    
                                                                    00111100                                                           000000000                
                                                                 011000000110001                                                001111111111                    
                                                              0110000000000000000111                                        0111111111111111                    
                                                            01000000000000000000000000001111                            01111111111111111111                    
                                        0000111111111110 0          00000000000000000000000000000111                  01110000111111111111                      
                                  000111111111111111111111          00001110000000000   00000000000000             01110000000111111111111                      
                            001111111100111111111111111111              111111111110          000000000          01100000000001111111111                        
                        0111111111111000000001111111111111000          011111110111            00000       00011111000000000001111111111                        
                     011111111111111111111111011111111111111 0       0111111110111110          111010       0111101000000000000011111                           
                  011110111111111111111111111100111011101111110     0111111110011001100      001101100     001010000000 000000001000                            
                11111110110000  00011110011111000111111111101110    01111110011011110110    011101111110   010000000000 000000110001                            
                11011111110       0011101111111001111111101100111001111111011110000111110000011011000010000000000000000 000000111111                            
               011111111111000000011110011111110 01111111111   01111011100111000   00110111001000000000000000000000000   0000001111111                          
                 0010001111111111111110011111110001111111101000111111111111110       01100000000000000000000000  00000   0000000001110                          
                    000011111111111110011111110001111111110111110111111111111110    011100000000000000000             000000000000111110                        
                      000111111111110011111100011111   111111111111111111111111100001100000000000000000000               00000000011001111                      
                           0011100000111110001111000  11  1111111  111111111111110000000000000000000000000                  000000001100                        
                                00110000001 1111000 01111 1111111111100000011100000000000001111000 0000000                    0000000011 1                      
                                    00  111  000100 0011111111100001000000000000000000011110     000000000                       0011000                        
                                        0001   00 10 0001110011000000100111000111111 110                                            01110                       
                                           0000000011000001 1111111111000000111000                                                    01                        
                                           1000000   1110000000000000000000000000 0                                                       1                     
                                            01          11 0        0000000000000000                                                                            
                                                          01          00011000011111                                                                            
                                                                          01111111                                                                              
                                                                             00111 1                                                                            
                                                                                  00                                                                            
                                                                                                                                                                
                                                                                                                                                                
                                                                                                                                                                
                                                                                                                                                                
                                                                                                                                                                
