                                                                                                                                                                
                                                                                                                                                                
                                                                                                                                                                
                                                                                                                                                                
                                                                                                                                                                
                                                                                                                                            000000000000        
                                                                                                                                     0011111111111111           
                                                                                                                                 0111111111111111111111         
                                                                                001                                          011100000001111111111111           
                                                                           001111111111                                    011000000000011111111111             
                                                                        0011100111111111111111111111111111111           0111000000000001111111111               
                                                                     0110000000000000000000000000000000000000       00111000000000000000111111111               
                                                            000   0000    0000 00  000000000        0000000      0118111000000  0000000000000                   
                                                  0001111111110          000000000000000000           00000        010000000000 00000000000                     
                                           0011111111111118111111            0011111110000            01000       0100000000000 0000000000001                   
                                     0011111111111111111111111110              111111101110          011010000    0000000000000  000000000001                   
                                01111111111000001111111111111111100           0111111111001100      00100000000000000000000000   00000000000000                 
                             0011110001111100000000001111011101111110       0111111100010001110    0010010000000000000        0000000000000000000               
                           0111111111111111111111111001111011111111110      01111111011011100010000000000000000000                00000000000000001             
                         1111100111111110101111000111000110011001100011     001111000110  0111000000000000000000000                   0000000000000             
                       111111100110 0   00011100011111000111001111111110000010111001100      0100000000000000000000                      0000000000             
                       011011111110      00111001111111 001111111010  0011110011000110       00000000000000  000000                         0000001             
                        01110111111000000011110011111110 011101110000  011111111111111100   00000000001100000000000                            0100             
                           0000111111111111111011110010 0011111111000010001111111110111100000000000110                                           0              
                            0 001111111111111001100110 00111111111111110011111110000000000000000110                                                             
                            0     0011100000000011110 0011111  111 100001111000000000000000111100                                                               
                                      0001110000000000111000000001000000000000000000001111100                                                                   
                                            000000110110000 001000010000000000000111000000000                                                                   
                                               00111010000000011 1111111111111110000000000000                                                                   
                                                00  010000000001000  000000     00  000000000                                                                   
                                                     100000001111                 00000000000                                                                   
                                                     100001011111                     000111111                                                                 
                                                      01010111110                                                                                               
                                                     1111111110                                                                                                 
                                                       111110                                                                                                   
                                                       0  1                                                                                                     
                                                                                                                                                                
                                                                                                                                                                
                                                                                                                                                                
                                                                                                                                                                
