                                                                                                                                                                
                                                                                                                                                                
                                                                                                                                                                
                                                                                                                                                                
                                                                                                                                                                
                                                                     001                                                                                        
                                                                 0011110                                                                                        
                                                              01111110001110                                                                                    
                                                            01000000011100011100                                                                                
                                                          1100000000000000000011000011                                                                          
                                                        010  0000000 000000000000000000111 1                                                                    
                                           00011111100           0000000000000000000000000000111                                                                
                                     0011111111111111110            01111111110000     0000000000001                                                            
                                001111111111111111111110              111111111110           000000000                                                          
                            0111111000111111111111111111010        011111111111110            0000000001                                         0000000        
                        011111111111000001110111111111111180      011111110011101110          1110000                               0000011111100000            
                     01111100111111111111111000111011101111110    0111111111111111110      001111111                         001111111110000000000              
                   0111111111111111111111011100011111111111111000011111100111000111110    0111111110        00000    00011111100000000011110000000              
                 01110011111 000000111001111111001111111111000111111111111110   0111111000111111111110      011111111111000000000000000110000000                
               011111101110       00110011111111 0111111110   11111111111110      011011111001101111110   011111111111110000000000011111111110                  
              0111111111110    00001111011111111 01111111111011111111111111100    0111011011111111011111111111111011011010000000000111111000                    
               001110111111110000111111011111010 011811111111101111111111111110  011111111000000000000001011111111111000000000000011111111                      
                0110000011111111111111001111110 0111   11 111111  1111111111111111110010000000000000000001100000011010000000000000000000                        
                   000101111111111111001111110 01101  11  111111 1111111111111111000100000000000000000       00000000000000001100011                            
                       0001111000000000111000011100 011111 111111111000001110000000000000111100000000            0000000000001111100                            
                             0001 111000000010100000001111111110000000000000001001111111000 00000000000111         00000000001111110                            
                                    0001     0110000000011100011000011111101111110000          000000111            000000001001111111                          
                                      000000000 0000001111  1 011111000000000                     011111             01000000111111000                          
                                      000000000 10001111111 11 0 000 00  000000000                   001              0101001111111110                          
                                    000000000000110111111111      0000000000001111                                     010010011100011 0                        
                                    0000          11111111         000000110111111                                       1101100111000                          
                                                      11             0000011111111                                        011110000110                          
                                                                             01111                                          0111100000                          
                                                                                00                                             0111000                          
                                                                                                                                  0111                          
                                                                                                                                      0                         
                                                                                                                                                                
                                                                                                                                                                
                                                                                                                                                                
                                                                                                                                                                
