                                                                                                                                                                
                                                                                                                                                                
                                                                                                                                                                
                                                                                                                                                                
                                                                                                                                                                
                                                                                                                                                                
                                                                  00000111111 1                                                                                 
                         0001111111111111111111111100       00111100000001111                                                                                   
                   001111111111110000011111111111111110  0000000000000001111111                                                                                 
              01111111111111111111111001111111111181111          0000000000111111                                                                               
             111111011001000011111111111011111111111110          000000000000011111                                                                             
             101111110      011111000111001111111111111            011100000000001111                                                                           
             11001111100 000011110111111100111111111111          0 1111111100000000111  0                                                                       
             0010011111111111111011111111 01111111111110     0011111111811111100  0000011 0                                                                     
              0 0111111111111110111111110 11111111111111     111111111111111100      000111 0                                                                   
                  0111111111100111111100 01111111110 011100111111111101111111           00011 1                                               0                 
                     11111110111111110 001181111111   111111111110001111111111            00011 1                                        01 1                   
                       1 111111111100011118 11111111111111111111111111001111110           0000001 1                                   00110                     
                         00000000001111111   118111111111111111111000   0111110        011100000011 1                             001100000                     
                               18110010001  1  11111111111111111110      0111110000011111111110    00                        000110000000                       
                               11100000001     111111  1111111111110      01111111111111111110                          00111000000000000                       
                               110000000000111 1111111111111111111110  011111011011111111111100        100      00011110000000000000000                         
                               1000010101111000111111111111111111111111111111111111111101111110    000011111111110000000000000000000000                         
                              8011101111111   01110000000001111111111111111111111001111111111110000111111011111000 000000000000000000                           
                               0111111111  1110111111111111110000000000001000000000000000000101111111111110110000000000000000000000                             
                              8111 10   1111 0000000 0000000001111100010000000000000000000000000000101111100100000000000000000000                               
                                         11            00000000001111  111111111110000000000000000000000000000000000000000000                                   
                               01                      10000000000                000000000           00000000000000000000000                                   
                                                       10001011111100              000000000000          00000000000000001000                                   
                                                       1101011111  1                01000111111            00000000000000000000                                 
                                                         0111111    1                 1111011               0000000000000000000                                 
                                                        010100     1                    011 0                 0000000000000000000                               
                                                         0 11                              0                   010000000000000000                               
                                                                                                                 0000000000000000                               
                                                                                                                   000000000000 0                               
                                                                                                                      000000000                                 
                                                                                                                         00000000                               
                                                                                                                              00000                             
                                                                                                                                                                
                                                                                                                                                                
