                                                                                                                                                                
                                                                                                                                                                
                                                                                                                                                                
                                                                                                                                                                
                                                                                                                                                                
                                                                                                                                                                
                                                                                                                                                                
                                                                                0                                                                               
                                                                            0011 1                                                       00011111               
                                                                        0111110001                                                  00111111111111              
                                                                    011000000011101111                                           01111111111111111              
                                                                 0110000000000000000111111                                    011100111111111111                
                                             000011111111110    000   000000000000000000000001111111                        01100001111111111111                
                                    00001111111111111118111111          000000000000 000000000000000001111                11100000001111111111                  
                               0111111111100011111111111181111            001111000000000      00000000000000          01110000000001111111111                  
                          00111110000111110000101111111111111000            111111111110           0000000          011110000000000011111111                    
                        0111111111111111111111110011111111111111          01111111011110            000000      00181111100000000000001000                      
                     111110011001000011111001111100111011111111110      11111181111111110          0111110       011110100000 000000001110                      
                   01101111111       0111101111111 011111111110111     01111111110111101110      00110111000    01101000000000000000011010                      
                    01111111110    000111101111111001111111011111110000101181000110111101110    0111011011110  01001000000000 000000011111                      
                    1110001111110000111110011111110 01111111110  011111111111111110  0111111100001101100000001010000000000000  00000001111111                   
                       010011111111111110011111110 011111111110  01111111110111000    000110111001000000000000000000000000000  000000000001111                  
                        0 01111111111110001111110 0111811111111111111111111111110       011000110000000000000000             0000000000000011111                
                             0011110110011111110011111  111111111011111111111111110    1111110000000000000000                   000000000000000111              
                                0 11111001000011111001  11  1111111  1111111111111100011100000000000001000000000                   0000000000110                
                                     0000000 81110000 1111  1111111111111111111111111100000000000011000000000000                       000000011 1              
                                        0  11 101000000011111111111111100000011100000000000000011000000000000000                          0111101               
                                            0 1010000000000000110000000000001000001000111111110          0000000                             011 1              
                                              000 0000011111100111011111111110111111111000                                                      0               
                                              01011011111111  001111110000000000000000                                                              1           
                                              0100 111111111            00  0000000011                                                                          
                                                     11111                000000011111                                                                          
                                                       1                   01111111111                                                                          
                                                      01                      00111111                                                                          
                                                                                   000                                                                          
                                                                                                                                                                
                                                                                                                                                                
                                                                                                                                                                
                                                                                                                                                                
                                                                                                                                                                
