                                                                                                                                                                
                                                                                                                                                                
                                                                                                                                                                
                                                                                                                                                                
                                                                                                                                                                
                                                                     001                                                                                        
                                                                 0011110                                                                                        
                                                              01111110001110                                                                                    
                                                            01000000011100011100                                                                                
                                                          0100000000000000000011000011                                                                          
                                                        010  0000000 00000000000000000111111                                                                    
                                            0000111000           000000000000 000000000000000111                                                                
                                     0011111111111111110            01111111100000     0000000000001                                                            
                                 00111111111111111181110              111111111110           0000000001                                                         
                            001111110011111111111111111100         001111111111110            0000000000                                       0000000          
                        0011111111100000001111111111111111 0      011111110011101110         01110000                             00001111111111100000          
                     01111100111111111111111001111111111111110    0111111111111111110      001111111                      000111111111110000000000              
                   011111111111111111111111110001111111110111100 011111100111000111110    0111111110        00110000000111111000000001111111000000              
                 011100111111000001111001111111001111111111000111111111111111   0111111011111011111110     0011111111110000000000000011111110000                
               011111101110      000110011111111 0111111110   11111111111110      011011111001101111110  0011111111111111000000000111111111110                  
              0111111111110    0 001111011111111 01111111110001111111111111100    0111011011111111011111111111111111001010000000001111111000                    
              0011110111111100000111110011111010 011 11111111100111111111111110  011111111100000000000000001011111111001000000000011111111                      
               00110000011111111111111001111110 0111  111 111111  11111111111111111100100000000000000000000000000000100000000000111000                          
                  0000001111111111111001111110 01111  11  111111  111111111111111000100000000000000000         000000000000001110011                            
                       0001111000000000111000011100001111  1111111110000011100000000000001111000000000000         000000000001111110                            
                              011111100000001010000 00111111111000000000000000100111111100   0000000000111         00000000000111111                            
                                    0001     0100000000010000110000011111101111110000           0000011111          0100000011011111                            
                                      00000000010000001111  101 1111000000000                     001111             01000011111111000                          
                                      000000000 0000011111  11   000000  000000000                    00               100101111111110                          
                                    010000000000 11111111111      000000000000111111                                    11010011100011                          
                                    0000         111111111         000000111111111                                       0111110111000                          
                                                  1  111             0000011111111                                         11110000110                          
                                                    0                        01111                                           111100000                          
                                                                                 0                                             01110 0                          
                                                                                                                                  0111                          
                                                                                                                                      0                         
                                                                                                                                                                
                                                                                                                                                                
                                                                                                                                                                
                                                                                                                                                                
