                                                                                                                                                                
                                                                                                                                                                
                                                                                                                                                                
                                                                                                                                                                
                                                                                                                                                                
                                                                                                                                                                
                                                                                                                                                                
                                                                           000111                                                                  1            
                                                                       00111111100000                                                            1              
                                                                    0110000000011111111                                                        0 00             
                                                                 0110000000000000001111111  0                                                  100              
                                                      0000100    00      00000000000000000111 1                                             11000               
                                              00111111111111111          010111000000000000001111 0                                       0110000               
                                         0011111111111111118111              1111111100000    0000111 0                                 010000000               
                                     0111111111111111111111111100           01111111111100        0000011 1 0                        011000000000               
                                 0111111110000000001111111101111111       011111111111110             000001111 0                 011100000000000               
                              011110001111111111111001111011111111100    011101111011101110           00000000001              011100000000000000               
                           011111111111111111111111100011111101110111    0111111111111111110        01110000                0011000000000000000                 
                          0110011111111000011000011111001110111011101100011111100111001100110     0011111110         111111111000000000000000                   
                        11111101110      0011101111111100111111111   011101111111110   0111110000011111111100       0111111110000 00000000000                   
                      011111111111     0 00111001111111001111111010 01111111111110      0011011111100111111110    011111100100000000000000000                   
                      001111111111100000011111001111010 011111111011111111111111110      0110011011011011001111001111110110000000 00000000000                   
                       0111100011111111111111101110011 011111111111110111111111111110  011111111100000000000000110000000000000000 0000000000000                 
                          0000001111111111111000111110011111  1  111111  111111111111111110011000000000000000000001000000000000000000000000000000               
                              00011111000000001111000111000011111111111111110111111000000000000000000000000000             0000  000000000000000000             
                                     00111111000000  0110000000011111 11000000000000000000000000101000000000                   00000000000000000000             
                                            000      1000110000111111    0010011000111111111111000000000000000000                000000000000000000             
                                                 0 0    1111111011111     000000001111000 0          000000000000                    00000000000000             
                                                             01111111      0000000                     00111100                          00000000000000         
                                                                 011   11  000000000                      00111                                                 
                                                                     0  111000000001111                                                                         
                                                                           101000111111                                                                         
                                                                           000101111100                                                                         
                                                                              011100                                                                            
                                                                                111                                                                             
                                                                                                                                                                
                                                                                                                                                                
                                                                                                                                                                
                                                                                                                                                                
                                                                                                                                                                
