                                                                                                                                                                
                                                                                                                                                                
                                                                                                                                                                
                                                                                                                                                                
                                                                                                                                                                
                                                                                                                                                                
                                                                                                                                                                
                                                                                                                                            000                 
                                                                       0000011111                                                      011111                   
                                                                 0000111111111111                                                   01111000                    
                                               000000000      011000000000000111111                                              0111001111                     
                                    00001111111111111111100  0      0000000000000111111                                        011000111111                     
                             001111111111111111111111111111          00000000000000000011 1                                  01100011100011                     
                         0111111101100000001111111111111110            011110000000000000001111 1                          0110000110111110                     
                      011111111111111111111110111111111111110          0 111111100000     0000000111111                  0110000000111000                       
                  0111100111111111111111111111011111111111118        0011111111111100         00000000011              011000000001100010                       
                 11111111110      0111100001110011111111111110     01111118111111110             0000000000          01100000000000011000                       
                 11011111110      00111011111110011111111111110    0111111110011101100          010000          00011100000000000000000                         
                 0110011111100000011111011111111 01111111110011000111118100111111111110       00111110         18111110000 0000000000                           
                    010011111111111111001111111001111111010  01111111111111110000101110     01110011000      000110001000000000000000                           
                     0011111111111111001111111  01181111111001111111110111100    01111100000111011011111    01111100000000 000000000000                         
                         00111111111011111111 01111111111111111111111111111        011011111100110110111100010011000000000  0000000000000                       
                             0111101111111000111111  11 1111111 1111111111110     0111001100100100010000000000000000000000  000000000000000                     
                                0000000001111110001111  111111  111111111111110001111111001000000000000000000000000000000   00000000000000000                   
                                    01   1 010000 01111  111111111111111111111111111000000000000000000000                00000000000000000000                   
                                       0 10010000000011111110111100000011110000000000000000000001000000                     00000000000000000                   
                                         00110000001111011110000000000000000000000000000011111000000 000000                      000000000000                   
                                         00110000011111 01 11111111111100111111111111111000   0000000000000                           000000000                 
                                          10 0111111101    00000000000000000000000                000000000                                                     
                                           0111111101             00 000000000000                      0000                                                     
                                              11111                000000001111                                                                                 
                                              1 0                   01100111111                                                                                 
                                                                      011111111                                                                                 
                                                                        01111 0                                                                                 
                                                                           001                                                                                  
                                                                                                                                                                
                                                                                                                                                                
                                                                                                                                                                
                                                                                                                                                                
                                                                                                                                                                
