                                                                                                                                                                
                                                                                                                                                                
                                                                                                                                                                
                                                                                                                                                                
                                                                         0000                                                                                   
                                                                00011111111                                                                                     
                                   000000000000            0011000000000011                                                                                     
                       001111111111111111111111111110  000100000000000001111111                                                                                 
                  01111111111110000001111111111111111 0         00000000000001011                                                                               
             0111111111111111111111111111111111111111           0000000000000011111                                                                             
           1111111010000 000111111111110111111111111000          01111000000000000001                                                                           
           1101111110      01111011111100111111111111 0          1111111110000000000111                                                                         
           01101111110000000111001111110011111111111110      011111111811111110  000000001                                                                      
             010011111111111111011111111 01111111111111     0111111811111111000      00001111 0                                                                 
              001111111111111101111111100111111111100110000111111111100111110          00000111                                                                 
                 011111111110011111110 001111111110  0111111111110111111111110            0001111                                                               
                   001111110111111110001111111111100011111111111111110001111110          000000111                                                              
                       111111111000001111   1111111111111111111111000   111111      000111110000011 1                                                           
                         0000000101111001   1  11111111111111111110     00111100000111111111110    00                                                           
                           0  11 100000 01     111111  1111111111110      1111111111111111110                                            000000 0               
                               01000000011 1   111111 111111111111110  01111111101111111111110       000                    00000000000000000                   
                               100000000001111111111111111111111111111111111111111111101101111     0001111111000111111111110000000000000000                     
                             0 0000000011001111001000010000111111111111111111111100101111111110000111111111111100000000000000000000000000                       
                              010101011111100111111000011001100000000000010000000000000000000111111111111111110000000000000000000000000                         
                              0111011111  1100000001 11100011001111000100000000000000000000010000111111110110100000000000000000000000                           
                              111 0 11   1             00000000011111  11111111111000000000  00000000101101100000000000000000000000                             
                             11        11              00000000                   0000000 0         00000000000000000000000000000                               
                             01                        010000011100                000000001110        00000000000000000000                                     
                                                         011111111111               011111111           0000000000001111000                                     
                                                        010111111                     11110              000000000011011100                                     
                                                         0 1111                         011               00000000000111110                                     
                                                          0 111                                            1000000011000000                                     
                                                                                                            100100100000100                                     
                                                                                                             11000000000000 0                                   
                                                                                                              0100000000000                                     
                                                                                                                01100000000                                     
                                                                                                                  011000000                                     
                                                                                                                    0011000                                     
                                                                                                                        000                                     
                                                                                                                                                                
