                                                                                                                                                                
                                                                  00                                                                                            
                                                                0100                                                                                            
                                                              010010000100                                                                                      
                                                             10000001100001000                                                                                  
                                                           010000000000000000100000011                                                                          
                                                          110000000  000 00000000000000011 1                                                                    
                                      011               010     000000000000000000000000000011 1                                                                
                                       11111     00000010000    001111111111111110        00000111 0                                                            
                                     111111110111111                 011111111110            0000111 0                                                          
                                    0111101111111111111100            111111001100            00000011                                                          
                                    0 00111111188111111110           011111001100110         001100001                                                          
                                     1111111181111111011110000       1110110001110110     00011111110 011                                                       
                                    0111111811111111111101101110     01111001100000110   01110111100    0                                                       
                                  01100111111111111110010110110000   001110000   000010001101101110                                                             
                                0 1001110000000000000011011001000110010010010      00000000000111110      010                                                   
                               1101111110000000000100000000010010 000000000000     00000000000000110   00011110                                                 
                            0011011111110000000000001000000001000  0000000000000 00000000000000000000001111111110                                               
                            11111111110000001100000000000 000000000000000000000000000000000000000000000011111111110                                             
                           011111111100001000000000000000  00000000000000000000001111000   00000000000000011111100110                                           
                           111111110101111100000000000000  0000000000000000111000             0000000  000111111000011                                          
                          0111111111111101     0000 00000 000000100000000000                   0000000   000101000000111                                        
                          11111111000000      00000 00000 00 000000111  100  0000000             000      00000000000001 0                                      
                          111111111000000 000000000000000000  0000111111 1 100000000              01       000000011111101 0                                    
                         111111000000000000000000000001100 0111000111111   1 1000000                       00011111111111111 0                                  
                           00000000000000000011000            011111111111   1100000                      00011111111111111001 0                                
                            000000000000                          000111    11811000                      101111111111111111100111                              
                                                                                                         011111111    11111110 00                               
                                                                                                         1111111 0                                              
                                                                                                        011111                                                  
                                                                                                        111111                                                  
                                                                                                       01111  1                                                 
                                                                                                        111                                                     
                                                                                                      0 11                                                      
                                                                                                       1                                                        
                                                                                                       1                                                        
                                                                                                      1                                                         
                                                                                                                                                                
                                                                                                                                                                
                                                                                                                                                                
