                                                                                                                                                                
                                                                                                                                                                
                                                                                                                                                                
                                                                                                                                                                
                                                                                                                                                                
                                                                                                                                                                
                                                                                                                                                                
                           0000011111111111111110000            0000011111111                                                                                   
                    00111111111111111111111111111111110    00100000000000011111                                                                                 
               011111111111111111111000011111118111111110        0000000011111111                                                                               
              11111101100100011111111111101111111111111           00000000000111111                                                                             
             0101111110      01111000111101111111111110 0          0100000000001111                                                                             
             11000111100  00001110011111100111111111111 0          011111000000000111                                                                           
              0000111111111111111011111110011111111111110      000181111111000000000111 0                                                                       
               00111111111111110011111111 011111111111110    01111111111111111100  000011 1                                               1                     
                   111111111110011111110 00111111111001100 00111111111111111100       00011 1                                          1100                     
                     011111110111111100 01111111111   011111111111111111110111           000111 0                                   11000                       
                       0 111111111110001111811111110001111111111111111111111110            000011 0                              011000                         
                         00100000000111111   1111111111111111111111110000111111          0000000011 1                        0011000000                         
                            11  8 11011001  1   1111111111111111110      111110     000011111000 0000                    00111000000000                         
                                 1100000 0     811111  111111111111       011111000011111111110                      001100000000000000                         
                                 100000000011  111111  1111111111111     001101111111111111110         000     0001110000000000000000                           
                                 00001011111110011111111111111111111100011111111111101111011111      00011111111100000000000000000000                           
                                11110111111    1010001110011111111111111111111111111111111111110   0111111011010000 000000000000000                             
                                111111111    181111000011001111110011111111111001000000101111111111101111110110000000000000000000                               
                               0 111 111  1111000011 11111111000010000000000000000000000000000000001101111100100000000000000000                                 
                                          11          000000001111111111000100000000000000000010001000000000000000 000000000000                                 
                                 0 1                   0000000000000000010111000000000000000         000000000000 0000000000000                                 
                                                       10000000000000              00000000000             0000  00000000000000                                 
                                                       101011111111 1               00000000011              00000000000000000000                               
                                                       0101011111   1                 111111110                000000000000000000                               
                                                         1110111                        01110                   0000000000000000000                             
                                                         1111                              01                     00000000000000000                             
                                                            1                                                        000000000000                               
                                                                                                                        000000000                               
                                                                                                                            0000000                             
                                                                                                                                                                
                                                                                                                                                                
                                                                                                                                                                
                                                                                                                                                                
