                                                                                                                                                                
                                                                                                                                                                
                                                                                                                                                                
                                                                                                                                                                
                                                                                                                                                                
                                                                           0                                                                                    
                                                                      0001 1                                                                                    
                                                                  001111100000                                                                                  
                                                                010000000011100011                                                                              
                                                             011000000000000000000111                                                                           
                                                           0110 00000000000000000000000111                                                                      
                                             00011111110            00000000000000000000001111                                                                  
                                       0011111111118111111            011111001000000 000000000011 1                                                            
                                  001111111111111811181110              1111111111110        000000111 0                                              00        
                             0011111100001111111111111111101          01111111111110            00000011 1                                      000010          
                          0111110011111001111011111111111111 0      01811111101111111            000000001 1                              0001100000            
                       0111101111111111111111000111011101111110     1111111111111111110         111100000000                        0001111000000000            
                     01111111111111111100001111001111111111111100 0011118100111111100110     0011111110                       00011111000000000000              
                   11110011000   0011110011111110011111111110001111111111111111   1111110 0001111111100         000    000011111000000000000000000              
                 01111111110       01110011111110 0111111111   011111111011100     001111111110011011111      0011111111110000000000000000000000                
                 11111111111000000011110011111110 0111111111100111111111111110       11001101101101101110   011111101111111000000000000010000000                
                  111100111111111111111001111010 0111811111111111111111111111110   01111111111111111011111111111111101101000000000000000000000                  
                    0001 0111111111111001111111 01111   11 1111111 1111111111111111111111101100000000000000001111111111000000000000000000000                    
                        000111111111110111111000111001     1111111 111111111111111111110000000000000000010001000000010010000000000000000                        
                             00011111110100000111000001111111111111110000011110000000000000000000000000         000000000000000000000000                        
                                  0000000000  001000000011111    000000000000000000110011111100000000000            00000000000001111000                        
                                        0       01000011111111  88100111111001111111 1100      0000000001111          000000000000111100                        
                                                0011101111111   888000000000000                  000011111             0000000000000110000                      
                                                   011111111      100 00 00000                     0111110               10000000010000000                      
                                                      0 11  1        0 00000000111 1                   011                010000000000000000                    
                                                         001  1      000010000111111                                       011000000100000                      
                                                                       00011111111 0                                         0111000000000                      
                                                                         000111110                                             00111000000                      
                                                                              01 1                                                01111000                      
                                                                                                                                      001110                    
                                                                                                                                           000                  
                                                                                                                                                                
                                                                                                                                                                
                                                                                                                                                                
                                                                                                                                                                
