                                                                                                                                                                
                                                                                                                                                                
                                                                                                                                                                
                                                                                                                                                                
                                                                                                                                                                
                                                                                                                                                                
                                                                                                                                                                
                                                                                                                                              0                 
                                                                           0000000 0                                                       011                  
                                                                     0001111111111                                                      0110                    
                                                                 0111000000000001111                                                    1000                    
                                           00001111111111100   0000  0000000000001111111                                             1100000                    
                                    00011111111111111111111110         0000000000000001111                                          10000000                    
                              001111111110001111111111111111 0          0001100000000000001111                                    1100000000                    
                          001111100011111000011111111111111110            011111110000000000001111 0                            110000000000                    
                        11111111111111111111111101111111111111 0        0011111111111100     000000111 1                      11000000000000                    
                    011110011111100001111100111100111011111111100     0111111111111110            0000000111                11000000000000                      
                  011111111110      01111011111110011111111111111     11111111000111111            00000000001            1110000000000000                      
                    1111111110    0 00111011111111 01111110111011000011111111111111111100         0000000              0110000000000000000                      
                   0111001111110000111111011111111 0111111111   1111111111110111001110111      0001111110       0011111110000 0000000000                        
                      000011111111111111001111111  01111111110 01111111110111110   0111110  0 01111011100        011111010000 0000000000                        
                        001111111111111001111111 00111111111111111111111111110      01111111111100110111110    011011000000000 000000000                        
                            0011111111011111110001111   11111111111111111111110      0110011011011101101110000011111011000000 000000000000                      
                                0111111111100001110001     111111  1111111111111   011111111101101101100110111000000000000000  0000000000000                    
                                   000000000  011000000011111111111111111111111111111111110010000000000000000000000000000000   000000000000000                  
                                       0  111  0010000001111    111110011111111111111110000000000000000000000000        0000   000000000000000                  
                                            0   1111100111111     000000000000000000000000000000001000000                   000000000000000000                  
                                                  0011111111    1810110111000011001100011111111000000000000000                 000000000000000                  
                                                      011111    11 00000000011111111110000     0000000000011                       00000000000                  
                                                          0   81  1 000   0000000                 0000000010                             000000000              
                                                                  1  0 00000000000                   0111111                                                    
                                                                     010000001111                         00                                                    
                                                                      0100011111 1                                                                              
                                                                       011111111                                                                                
                                                                         11110                                                                                  
                                                                           011                                                                                  
                                                                                                                                                                
                                                                                                                                                                
                                                                                                                                                                
                                                                                                                                                                
