                                                                                                                                                                
                                                                                                                                                                
                                                                                                                                                                
                                                                                                                                                                
                                                                                                                                                                
                                                                             0                                                                                  
                                                                       00011                                                                                    
                                                                   00111110000                                                                                  
                                                                010000000001111001                                                                              
                                                              11000000000000001111111                                                                           
                                                            010  0000000000000000000000111                                                                      
                                             00011111110            00000000000000000000011111                                                                  
                                       0111111111118111811            0011110000000000000000001111                                                              
                                 0011111111111111111111111              11111111111100      0000001111                                              00          
                             0111111100000111111111111111111          01111118111110            00000111 0                                     0001000          
                          0111100011111111111011111111111111 0      01111111111111111            000000011                                0011100000            
                       0111111111111111111111100111011101111111     0111111111111111100         011000000001                         0011100000000              
                     01111111111100111100001111001111111111111100 0011118100111111100110     00011111110                        001111000000000000              
                  011111011000   0 011100111111100111111111100011111111111111110 01111100   0111101110                    001111000000000000000000              
                 01111111110       01111011111111 01111111110  011111111011100     011111111111011011110        11111111111000000000000000000000                
                 01111111111100000111111011111110 0111111111101111111111111110       11001111101111111110    111111111111100000000000000000000                  
                  001100011111111111111001111010 0111811111111111111111111111110   01111111111111111011111001111111001101100000000000000000000                  
                     00000111111111111001111111 01111   11 1111111 1111111111111001111111111100000000000011111111111011000000000000000000000                    
                        000111110011110111111000110001     1111111 111111111111111111110000000000000000000000000010110110000000000000000                        
                              00111111101000001110000001111111111111100010111100000000000000000000000000   00000000000000000000000000000                        
                                   000000011  001000000011111     0000000000000000000001111111000000000            000000000000000111100                        
                                                01100001111111  88 0011011100111111  110000    0000000001110          000000000000011100                        
                                                0 0 111111111   888 000000000000                0000001111             0000000000000100000                      
                                                    01111111  1       00 0000                     01111111              000000000000000000                      
                                                       01     1     0  00000001111                   011 1                010000000000000000                    
                                                            0       0000000000111111                                        0100000000000000                    
                                                                      000011011111                                            11100000000000                    
                                                                        00011111                                                0111000000                      
                                                                            0011 1                                                 0111100                      
                                                                                0                                                      00011                    
                                                                                                                                                                
                                                                                                                                                                
                                                                                                                                                                
                                                                                                                                                                
                                                                                                                                                                
