                                                                                                                                                                
                                                                                                                                                                
                                                                                                                                                                
                                                                                                                                                                
                                                                                                                                                                
                                                                                                                                             10                 
                                                                                                                                           10                   
                                                                                                                                         1100                   
                                                                             0000011111                                                0 000000                 
                                                                        000111111111111                                                10000000                 
                                                                    0011000000000011111 1                                            11000000                   
                                                         0000     0000  0000000000001111111 0                                      0 0000000000                 
                                              00111111111111111            000000000000000011 1 0                                  10000000000                  
                                         001111111111181111111111          00011100000000000000111110                           0100000000000                   
                                    01111111000111111111111111110            01111111100000     0000111111111                 011000000000000                   
                                01111111111000000000111111110111111          01111111111100           00000001111           011000000000000                     
                            0011110011111111111111110011111111111111       0111111111111100            00000000          011100000000000000                     
                           011111111111111111111111110011101100111111     011111110001100110          0010000        011111110000 000000000                     
                        01111100110010 0000111000111110011101111111110   01111110011111111110        01111110         110100100000 0000000000                   
                       11111111111       00111001111111001111111110001111111111111110000101110    0111100110000     011010000000000000000000000                 
                       1111111111100  00001111011111111001111111110  0111101100111000   011111000001101110111110   010110000000000 00000000000000               
                        1111001111111000111111011111110 011111111010011111111111110       011011101100100110010000000000000000000  0000000000000000             
                           001001111111111111001110110 011111111111110011111111111100    0011001100000000000000000000000000000000  0000000000000000             
                             000111110011111001111110 01111  111 111111  1111111111110000111111000000000000000000000             00000000000000000000           
                                  00011100000011100011110001111  111111 111111111111111111100000000000000000000                       000000000000000 0         
                                       00001000000 1111000 00111110001111100000011100000000000000000000100000   000                                             
                                            00      10010000000011000000000000000000000000000111111000000 000000000                                             
                                                   0  11 1000011111 1000001101110011111111111100       000000000000                                             
                                                         0 10011111   111000000000000000                  000011110                                             
                                                           1 111111      000000000000                                                                           
                                                             0 1111 1     0000000000000                                                                         
                                                               0  1         10000111111                                                                         
                                                                 1           1111111111                                                                         
                                                                               111111                                                                           
                                                                               011110                                                                           
                                                                                 01                                                                             
                                                                                                                                                                
                                                                                                                                                                
                                                                                                                                                                
                                                                                                                                                                
