                                                                                                                                                                
                                                                                                                                                                
                                                                                                                                                                
                                                                                                                                                                
                                                                                                                                                                
                                                                                                                                                                
                                                                        00011                                                                                   
                                                                  00111111111                                                                                   
                                                              00100000000011111                                                                                 
                                                           011000000000000001111111                                                                             
                                            00000111100  0000   000000000000000011111                                                                           
                                    001111111111111111110         00000000000000000001111                                                  01 1                 
                              0011111111111111118111811 1            011110000000000000001111                                            0110                   
                          011111111000001111111111111111000          0 111111111100   000000111 1                                      110000                   
                      0111110001111111111111011111111111111        0011111111111100       000000111 0                              00110000                     
                   011111111111111111111111110011111111111110     0111111111111110            000001111                         00110000000                     
                 011100111111100011111000011110011111111101110    11111111001110110            00000001                      01110000000000                     
               111111101110      0111101111111100111111111001100011111100111111111110        0111000000000                01110000000000000                     
             0 110111111110    0 011110111111110 111111111   111111111111111000111110     00011111100                 0011100000000000000 0                     
                0110111111100000111111011111111  0111111110 011111111011100    011111000001111011110         0110011111000000000000000000                       
               10000000111111111111110011111110 01181111111111111111111110       01111111111111011110      0011111111100000000000000000                         
                000000011111111111111011111110 0111  11111111111111111111110    0111011011011111111110    011011101100000000000000000                           
                     00011111000111101111110  01101  1   11111  111111111111000111111111111111111011111001111111110100000000000000000                           
                           0011111011011100001110000111111111111111111111111111111111101100000000000000100110111110010000000000000000                           
                               0000000000011011000000001111    111001111111011000110000000000000000001000100000000000000 000000000000                           
                                    00       00110000111111  88  00000000000000000000000000000000000         00000000000000000000000000                         
                                         0000 10 1100111111    181011100001101111111111111000000000                0000000000000000000000                       
                                          00000000111111111    18 000000011111100000      0000000000111              00000000000000000000                       
                                          00000000001111     1111 00000                     00000011111                 00000000000000000                       
                                            00100        0 1   11  000000000000               0111111                     00000000000000000                     
                                                                0000000001111                    0111                        0000000000000                      
                                                                 000000001111                        0                          00000000000                     
                                                                   00100001 0                                                        00000000                   
                                                                      01110                                                                                     
                                                                        011                                                                                     
                                                                                                                                                                
                                                                                                                                                                
                                                                                                                                                                
                                                                                                                                                                
                                                                                                                                                                
