                                                                                                                                                                
                                                                                                                                                                
                                                                                                                                                                
                                                                                                                                                                
                                                                                                                                                                
                                                                                                                                                                
                                                                                                                                                                
                                                                         001                                                                                    
                                                                    00111110                                                                                    
                                                                00011110001110                                                           000000000 0            
                                                             011000000000000011001                                                001111111111                  
                                      0000011111111100    001000000000000000000111000111                                      0111111111111111                  
                           00011111111111111111111111110          000000000000000000000000111111                          011111111111111111                    
                      0011111111100000011111111181181111          000100000000 000000000000000001111                   011100011111111111111                    
                   0111111111111111111001111111111111110            00111111100000       0000000000000              011100000001111111111111                    
               1111100111111111111111111110011111111110111            111111111110           00000000            0011000000000111111111111                      
              111111111000000001111100001110011111111111110       0111111111011100           000000        00011111100000000000111111111                        
              1111111110      001110011111100011111111101010     011101111001100110          1111110      0 11111110000000000001111111                          
              001001111110000011111011111111 0111111011111110   011111111111111111110      0011011000     01111101100000000000001100                            
                 000111111111111110011111110 0111111111000011111111111101111001110111    0011111011110    11111110000000000000001110                            
                  0011111111111110011111110 001111111110  011111011100111110   01111110010111011010010100100000000000000000000111111                            
                      0111111110011111111000011111111111001111111111111110       01100110010001000000000000000000000000 00000011111111                          
                        011111111111111000011111  11111111101111111111111100     01110011000000000000000000000   00000  0000000001111111                        
                            0111111100001111000   1   111111  111111111111110  011111100000000000000000               00000000000011111101                      
                               000001  1010000 0111  1111111  111111111111111111110000000000000000000 0000               00000000011111111                      
                                        0010000000011111111111111111111111100000000000000000000000 0000000                 000000001111000                      
                                      0   1 100001111111 1001110000000000000000000000000111000000000000000                    000000001111                      
                                          000 11111111     00000100111000011000111111100         000000000                       001110011                      
                                                111111  11111111000000001111111100                                                  011110                      
                                                  0     11 10 00000 000000000000                                                       011 1                    
                                                      0   11      00000000001111                                                                                
                                                                   01100011111                                                                                  
                                                                      01111111                                                                                  
                                                                         00111                                                                                  
                                                                                                                                                                
                                                                                                                                                                
                                                                                                                                                                
                                                                                                                                                                
                                                                                                                                                                
                                                                                                                                                                
