                                                                                                                                                                
                                                                                                                                                                
                                                                                                                                                                
                                                                                                                                                                
                                                                                                                                                                
                                                                                                                                               11               
                                                                                                                                             0 00               
                                                                                                                                             10                 
                                                                           0011111111                                                      1000                 
                                                                      00111011111111111                                                  110000                 
                                                                   0111000000000001111111                                              0 000000                 
                                                       000000    0000   0000000000000001111 1                                         110000000                 
                                              00111111111111111           000000000000000001111 0                                   01000000000                 
                                         001111111111111111111110            0111100000000000000111 1 0                           0110000000000                 
                                    00111111001111111111111111110            01111111111100     0000011111100                    11000000000000                 
                                01111111111000000001111111110111111        001111111111110            000001111 1             011000000000000                   
                             011111001111111111111110011111111111110      01111111111111110            0000000000           01100000000000000                   
                           011111111111111111111111110011111101110011     111111110011101110          0000000        000011110000 00000000000                   
                         0111000111110000001110001111100111001111111100 001111110011111110110      0001111110        011111010000  0000000000                   
                       0 111110111       00111001111111001111111110 01111111111111110000111110    011110111000      0011100110000000000000000                   
                      0111111111110   00 00111001111111001111111010  011111110011100    01111100001110111011110    0111110000000000000000000000                 
                       01111011111111000111111001111010 01111111101111111111111111        1100110110011011001101000100100000000000 0000000000000000             
                          0000001111111111111001110111 011111111111110111111111111110    0111011100100000000000000000000000000000  0000000000000000             
                             000111111111111001111110001111   1  111111  111111111111000111111100000000000000000000000000   00000000000000000000000             
                                 000111100000011110001110000111  1111111111111111111111111000000000000000000000                  000000000000000000             
                                       001111000001 101100000001110000111100000011000000000100000000000000000                        00000000000000000          
                                             0       00010000001111111000000000000000000000001111100000000000000000                         00000000            
                                                   0   111110001111    00111111101111111 111000       00000000000                                               
                                                           111111111    0000000000000                    00111000                                               
                                                             0 111111   0  0  0000000                        0000                                               
                                                                    1   000000000000011                                                                         
                                                                   1  1    010000111111                                                                         
                                                                             1011111111                                                                         
                                                                               111011                                                                           
                                                                               0111                                                                             
                                                                                 01                                                                             
                                                                                                                                                                
                                                                                                                                                                
                                                                                                                                                                
                                                                                                                                                                
