                                                                                                                                                                
                                                                                                                                                                
                                                                                                                                                                
                                                                                                                                                                
                                                                                                                                                                
                                                                                                                                                                
                                                                                                                                                                
                                                                                                                                                                
                                                                                                                                     00001                      
                              000000000000000000                    00000011111                                                 001111                          
                      0011111111111111111111111111111110     0011100000111111111                                             0111100000                         
                 01111111111111111110000111111111111111100  000  00000000011111111                                         11110011111                          
              0 1111111101101111111111111111111111118111 0         00000000000111111                                    01110001111000                          
              0 11111110      01111111111101111111111110          00000000000000001111                                 110000111000111                          
               0101111100     01111011111100111111111111 0          011110000000000000001111 0                       110000000011111                            
                01011111111001111101111111001111111111111          011111111000000  00000000111111                 01100000001110000                            
                0 0 1111111111111011111111 011111111111110     001111111181111100        0000000000011           0110000000000001110                            
                    1111111111100111111110 011111101111110    011111111111111110            0000000000         0110000000000000000                              
                      111111110111111110  01111111110  01110011111111111011101110           000000         001111000000000000000                                
                        1 111111111110000111111111110  011111111111000111111111110         0111110        18111110000 0000000000                                
                          1 1111110000111111  111111111111111111111111110000111111      0011001110       00101000000000000000000                                
                            0100011 11110001  1  11111111111111111111000    111111000000111111011100    0110100000000 000000000000                              
                              0 188101000000111  1111111 1111111111110       0110011111110011100011100001000000000000  0000000000000                            
                                0  101100000011111 1111  11111111111111     00111001100110110010000000000000000000000  000000000000000                          
                                    10100001111111    11111111111111111100011111111111000000000000000000000000000000   00000000000000000                        
                                      0 111111111      01111111111111111111111111100000000000000000000              00000000000000000000                        
                                        1 11111     18 00000000111110000100000100000000000000010000                     0000000000000000                        
                                          0       1118100011111100000000000000000000000110000000000000                      000000000000                        
                                              1 11118801000000000111111111111111111110000000   0000000                            0000000000                    
                                                          00  00000000000000000             0000000000                                                          
                                                           00000000000011000                     00000                                                          
                                                            000000011111 11                                                                                     
                                                              1111111111                                                                                        
                                                                111111                                                                                          
                                                                   011                                                                                          
                                                                                                                                                                
                                                                                                                                                                
                                                                                                                                                                
                                                                                                                                                                
                                                                                                                                                                
