                                                                                                                                                                
                                                                                                                                                                
                                                                                                                                                                
                                                                                                                                                                
                                                                                                                                                                
                                                                                                                                                                
                                                                       0011                                                                                     
                                                                    0111100                                                                                     
                                                                 0111110011100010                                                                               
                                                              01100000001000010001111                                                                           
                                                            011000000000000000011000000011111                                                                   
                                                    00     000     0000000000000000000000000000000111                                     000000000000          
                                         0001111111111110          0001100000000000000  000000000000001                           001111111111111111            
                                   0001111111111111118111              1111111111110           00000000001                   0011111111111111111111             
                              01111111001111111111111111100            181111111111             0000000                  01111000000111111111111111             
                          01111110000000001101111111101111111        0111111111111110          01111110             00111100000000000111111111111               
                       011110111111111111111101111111111111110      1111111100111011100       00111110         0 111111100000000000111111111111                 
                     111111111111111111111111000111111001101110    011111111111111111110     111101111000    0011110111011000000000111111111110                 
                  11111001100   00011110011111000111111111111110000111118100111000111111000001100110111100  011111110010000000000000011111111                   
                 1111111111       00111011111110001111111110  01111111110111100    011111110110011011011111111011111100100000000000000000                       
                 0111111111000000001111011111110 01111111010   111111111111110       0110011011000000000000000000000000000000000011111000 0                     
                 011000011111111111111001111110 00111111110111111111111111111110    01111111100000000000000000000000000000000000011111111                       
                  0000000111111111111101110110 00111111111111110111111111111111100001111110000000000000000              00000000001111111                       
                     00 0011111111111011111100011111   11  111111  111111111111111111101000000000000000  0000             00000000011111111                     
                            0001111000111000011110001111  111111111111111111111000000000000011110000 00000000               000000011111111                     
                                 0000000000  110000 011111 11111111110000000000000000100111100    00000000000                00000011111111                     
                                      00     01000000000000001100000000001110001111111100              000011                  01000111101111                   
                                           001100000001111110111111111100000000000000                                            0111111110                     
                                           00010000111111  1 00111110000000 000000000                                              11110111                     
                                            00 011111111111            00000000001111                                               0111111                     
                                             01 1111111 1                001111111111                                                 01111                     
                                               0 1111                       0011111 1                                                   0                       
                                                 0                               0011                                                                           
                                                                                                                                                                
                                                                                                                                                                
                                                                                                                                                                
                                                                                                                                                                
                                                                                                                                                                
                                                                                                                                                                
                                                                                                                                                                
