                                                                                                                                                                
                                                                                                                                                                
                                                                                                                                                                
                                                                                                                                                                
                                                                                                                                                                
                                                                                                                                                                
                                                                                                                                                                
                                                                                                                                   00                           
                                                                       0000111111                                                1100                           
                                                                 00111111111111                                                  0000                           
                                             0000000000      0110000000000001111111                                            10000                            
                                   000111111111111111111100         00000000000011111                                        01000000                           
                           001111111111111111111118111111 1          000000000000001111                                      10000000                           
                       011111111111111000011111111111111110            01110000000000000111 1                              1100000000                           
                    01111111111111111111111100111111111111110          11111111000000000000001111                        0 0000000000                           
                 11111001111111001111111111110011111111111111       00011111111111100      000000111111                  100000000000                           
               111111111110      01111011111110011111111111110     0111111111111110            0000000011             0110000000000                             
               011111111110    0 01111011111111 011111111111110   011111111001110111            00000000000         011000000000000                             
                0010011111100000111110011111111 01111111110001101111111101011111111110         0110000          0011100000000000000                             
               111000 1111111111111110111111110 0111111111   1111111111111111001101110      0011111110       011111100000 0000000                               
                   000111111111111110011111110 011111111110011111111101111000   1111110 000011110111000      001010000000 000000000                             
                       011111111111011111110000111111111111111111111111111       01101111111100110011110    0110100000000 000000000                             
                          001111111111111000011101      11111111111111111110      111011101101110110111100011001000000000  0000000000                           
                               0110000000111110000011111111111 11111111111110  011111111110100000000000000000000000000000  000000000000                         
                                  001    1 001100000001111    1111111111111111111111111001000000000000000000000000000000  0000000000000                         
                                            101110001111111  88 00010111111111111110000000000000000000000              0000000000000000                         
                                           0   111111111111      000010000000000000000000000001100000                     0000000000000                         
                                                000111111    111800111000011001100011111 111000000000000000                  0000000000                         
                                                  0011111    881810000001111111 1111000     0000000000000                         0000000 0                     
                                                           0    1 0  00000000                  0000000000                                                       
                                                                 0 0000000000                     0111111                                                       
                                                                 000000001111                          00                                                       
                                                                  010000011                                                                                     
                                                                    1100011                                                                                     
                                                                     0111                                                                                       
                                                                       00                                                                                       
                                                                                                                                                                
                                                                                                                                                                
                                                                                                                                                                
                                                                                                                                                                
