                                                                                                                                                                
                                                                                                                                                                
                                                                                                                                                                
                                                                                                                                                                
                                                                                                                                                                
                                                                                                                                                                
                                                                                                                                                                
                                                                                                                                          0011                  
                                                                                  00                                                   01111                    
                                                                        000111111111                                                 0110000                    
                                                                   01110000000111111                                               011000000                    
                                             000000111111100    000000000000000001111111                                          1100000000                    
                                    00001111111111111118111110          000000000000011111                                      110000000000                    
                              00111111111100111111111811181111          0000000000000000000111                                0 0000000010 0                    
                          001111100011111100001111111111111110            01111100000000000000111111                          100000001000                      
                        0111111111111111111111110111111111111111          0 111111111110     0000000111111                 110000000000000                      
                    01111101110110000111111111110011111111111111       0111111111111110           0000000011             01100000000000000                      
                    1111111110      01111001111110011111111110111     01111118111111110             0000000000         01100000000000000                        
                   11111111110    0 00111001111111 0111111111111100  01111111111011101110         0010000        00011111000 00000000000                        
                    011001111111000111111011111111001111111110 011111111111100111111101110       01111110       0 11111010000 0000000000                        
                      0010111111111111110011111110 01111111110  01111011111111110  0111110     11110011000      0010100000000 0000000000                        
                       00011111111111110011111110001111111111111111111111111100     01111110101110111011111    01111000000000 000000000000                      
                            00111111110011111100011111  1111111101111111111111        111011001101110110110100010000000000000  0000000000000                    
                                011111111110000111000      1111111 1111111111111    0011111110010010000000000000000000000000   000000000000000                  
                                   000000001  010000 0111  111111 111111111111111001111111100100000000000000000000000000000000 000000000000000                  
                                          111 00110000000111111111111111111111111111111000000000000000000000                 0000000000000000000                
                                            0   0 1000011111   000010000001110000000000000000000000100000                       00000000000000                  
                                                000 11011111    0000110011000001000000001101111110000000000000                       0000000000000              
                                                    0 111111  111011100000011111111111111000     0000000000000                                                  
                                                       01       10 00000000000000000                0000110000                                                  
                                                          011        0 00000000000 0                    000111                                                  
                                                               1     0100000011111                                                                              
                                                                       1000111111                                                                               
                                                                        11111111                                                                                
                                                                         01111                                                                                  
                                                                            01                                                                                  
                                                                                                                                                                
                                                                                                                                                                
                                                                                                                                                                
                                                                                                                                                                
