                                                                                                                                                                
                                                                  00                                                                                            
                                                                0100                                                                                            
                                                              110010001100                                                                                      
                                                            110000001100000000                                                                                  
                                                          0 00000000000000000000000111                                                                          
                                          1              110000 00   00  000000000000011                                                                        
                                        1            00010     00000000000000000000000000011 1                                                                  
                                        11 1 1101110  0000      000111111111111110      00000111 0                                                              
                                      11111111111110                 011111111110           000011 0                                                            
                                      0000111111118111100            011111100110             000011                                                            
                                      01111111181111111110          011111001100110         000000001                                                           
                                    01111111111111111111110010      0110010001111110       0111111000110                                                        
                                  011111111111111111101001101100    01111001100010110    01111111110  0                                                         
                                011000111111111011010001010010011   000110000   01001000111111111                                                               
                               111011110000000000000011001001000010110010010      00000000011011110       0                                                     
                             01101111110000000001110000010010010  00000000000     00000000000001110     01110                                                   
                          01111011111100000010000000000000101100  0000000000000 000000000000000000000011111110                                                  
                          11111111110000000000000000000000000000000000000000000000000000000000000000111111111110                                                
                          0111111110001111100000000000000 00000000000000000000001111100000000000000000111111111111                                              
                          0111111111111110   000000000000 00100000000000001111000           0 00000  0101111111001 1                                            
                         011111111001100      0000 000000000000110000000000                  0000000   0011011000001 0                                          
                         11111111100000    0000000 0000000  0000001111100    00000            000000    00001000000001 0                                        
                        0111110011000000000000000000000000000000011111   10 000000              11       000000000000001 0                                      
                        000011000000000000000000100001 0   0111111111111   1000000                       0000000111111100110                                    
                          000000000000000000000               0111111111   1100000                      000011111111111110001100                                
                            00000    0                             0011   11110000                      00111111111111111100000011 0                            
                                                                                                       011111111  1111111111                                    
                                                                                                       1111111                                                  
                                                                                                      011111 1                                                  
                                                                                                      111111                                                    
                                                                                                     01111 1                                                    
                                                                                                      1111 1                                                    
                                                                                                      1111                                                      
                                                                                                    0 11 1                                                      
                                                                                                    0 11                                                        
                                                                                                    01                                                          
                                                                                                     1                                                          
                                                                                                                                                                
                                                                                                                                                                
