                                                                                                                                                                
                                                                                                                                                                
                                                                                                                                                                
                                                                                                                                                                
                                                                                                                                                                
                                                                      00011                                                                                     
                                                                   011111000                                                                                    
                                                                0100010000111001                                                                                
                                                             01100000000000001101111                                                                            
                                                           0100000000000000000000000000111                                                                      
                                             00001111100           000000000000000000000000011 1                                                                
                                       0111111111188111110          00011111000000000000000000001111                                                            
                                 0001111111111111811181110            0 1111111111100       0000000011 1                                                        
                             0111111100001111111111111111000          0111111111110             0000000111                                                      
                         01111111111110000111011111111111111 0      0111118111111111            00000000011                                                     
                      01111001111111111111111000111011111111110     111111111111101110         01110000                             00000111111111100000        
                     1111111111111111110000011100111111111111110   01111810011111110111     0001111110                      000111111111110000000000            
                  0111100110010  0001110011111110011111110110011111111111111110000111110  000111111110        00110000000111110000000001111110000000            
                0 1111111110       01111011111110 0111111111   111111111011100    0011011111110111011110    00011111111110000000000000011111000000              
                011111111111000000011110011111110 011111111110011111111111110       011011011011101111110 00111111011111110000000000111111111110                
                 0111000111111111111111001111011 001181111111111111111111111111    01111111111011011011111111111111011001000000000111111111000                  
                    0000 1111111111111001111111 011111  1111111111 1111111111111001111111001000000000000000001011111111000000000000011111111                    
                       000111110001110011111100011101  11  111111  111111111111111111100000000000000000000000000000000100000000000000000                        
                            000111100000000000111100 011111 1111111110000011110000000000000000001000000          000000000000001111000                          
                                  0000100000  0110000000011111110111000000000000000000011111000000000000000         000000000001111110                          
                                        0      0100000011111  811000011011100111111  1100      00000000011           00000000000111111                          
                                              000 1000111111  18  011000000000000                 01111111             00000000000111111                        
                                                001111111111     1000000   00                       001111              1000000011111000                        
                                                  001 111111        0  0000000011111                    0                110100111011110                        
                                                      011            000010001111111                                      01011001110001                        
                                                                      000011111111 0                                        111110011000                        
                                                                          01111110                                           01110000011                        
                                                                               0                                               0111100                          
                                                                                                                                  011100                        
                                                                                                                                     011                        
                                                                                                                                                                
                                                                                                                                                                
                                                                                                                                                                
                                                                                                                                                                
                                                                                                                                                                
