                                                                                                                                                                
                                                                                                                                                                
                                                                                                                                                                
                                                                                                                                                                
                                                                                                                                                                
                                                                         00                                                                                     
                                                                     001111                                                                                     
                                                                  0111110001110                                                                                 
                                                                11000000011000111                                                                               
                                                             01100000000000010000110001                                                                         
                                                           0110 0000000000000000000000000111111                                                                 
                                                 000000    00      000000000000  000000000000000111 1                                                           
                                         0001111111111111            0011111001000000     0000000000001                                                         
                                    00111111111111111 111              1 111111111100           00000000111                                                     
                               001111111111111111111111110000          1811111111110             0000000000                            00000001111111110000     
                           0011111100000000101111111101111111       011111111011111110          01111000                       001111111111110000000000         
                        011110001111111111111001111111111111100     01111111111111111110      001111110                  0011111100000001111100000000           
                      011111111111111111111111001111111011101110   011111100111111110111     01111111100       018111111111000000000000111111100000             
                    011001110110000011100111111000111011101100111011111111111110  01111110000111011011111     11111111111110000000000111111111110               
                  1111110110       00110011111110011111111110  011111111001110      00110111111011011011110001111111011001000000000001111110000                 
                 110111111110   00001111011111110 01111111110000111111111111110      0111011111111011001111111111111101100000000000001111111000                 
                  011001111111100111111001111110 00118111111111111111111111111110   111111111100000000000000000000100100100000000000000000011                   
                   0000000111111111111101110111 00111  1111111111111111111111111111111111100000000000000000000000000000000000000011001000                       
                       00111111111111100111111 011111   1  111111  11111111111111111000100000000000000000            000000000000111110                         
                            001111011001111000111110001111111111111111101101111000000000000011110000000000000          000000000001111111                       
                                 00111100000  01000000000111101110011000000000000100111111100    000000000000            0000000000111111                       
                                       001     01000000011111 11000000110111001111110000            000111100             000000001111111                       
                                             0 0100000111111     01111100000000000                      00111              0100001111111000                     
                                               00 101111111111118 00000000   00000001                                       010101111001110                     
                                                 0 11111111 1         000000000001111                                         1101111110000                     
                                                   0 1111 1             0001111111111                                          011110011000                     
                                                      01                   0011111111                                            11110001                       
                                                                               0001 1                                             0111100                       
                                                                                                                                     0111                       
                                                                                                                                       00                       
                                                                                                                                                                
                                                                                                                                                                
                                                                                                                                                                
                                                                                                                                                                
                                                                                                                                                                
