                                                                                                                                                                
                                                                                                                                                                
                                                                                                                                                                
                                                                                                                                                                
                                                                                                                                                                
                                                                             000                                                                                
                                                                      00011111                                                                                  
                                                                  00111111100011                                                                                
                                                               011000000000111111111                                                                            
                                                            0010 000000000000000011111                                                                          
                                         00011111111111100           00000000000000000011                                                                       
                                   00011111111111111111181 0        0 001110000000 00000001111                                                                  
                              001111111001111111111111111100            11111111000000 000000011                                                                
                          011111111111100001101111111101111110         011111111111100      0000001110                                             001          
                       011110011111111111111110011111111111111      0111111111111110            00000111                                       00010            
                     0111111111111111111111111100111111011111110    011111111011101110           000000011                                0011000000            
                  0 1111001100   00011110011111100111111111111100  01111111111111111110         01000000001                          0011100000000              
                0 1111111111       0011101111111100111111111000111111111111111000110111      0011111110                        0011111000000000000              
                 001111111110000000011110111111110 111111111   1111111110111100  0111110 0001111011110                    0011110000000000000000                
                  0010001111111111111110011111110 01111111111011111111111111      001111111111011011100       0111111111110000000000000000000000                
                  000001 01111111111111001111110 01111111111111111111111111110     011001101101111111110    0101111111111000000000000000000000                  
                       000111111111111011111110 01111  11  111111 1111111111110  01111111101111111101111000111111100110110000000000000001000                    
                            00111100011111110 0111000111  111111  111111111111111111111100100000000001001111111111110110000000000000000000                      
                                0 011100000000011000000011111111111111111111111111001000000000000000000000000000100101100000000000000000                        
                                      001     00110000001111  88 00000000101000000000000000000010100000000000000000000000000000000000000                        
                                                011000111111      00100110000110111001111111100000000             0000000000000001111000                        
                                                  0 11111111    18 00000001111111111000      0000000000000           0000000000000000000                        
                                                    01111111      100000000                    00000011111            00000000000000000000                      
                                                        0         1 000000000000                 0111111                000000000000000000                      
                                                            0      0 00000001111                   001 1                  010000000000000000                    
                                                                   00 0001111111                       0                    0100000000000000                    
                                                                     000101111 0                                              00100000000000                    
                                                                        001110                                                   001100000                      
                                                                           0 1                                                       0001000                    
                                                                                                                                           000                  
                                                                                                                                                                
                                                                                                                                                                
                                                                                                                                                                
                                                                                                                                                                
                                                                                                                                                                
