                                                                                                                                                                
                                                                                                                                                                
                                                                                                                                                                
                                                                                                                                                                
                                                                                                                                                                
                                                                           001                                                                                  
                                                                        0011 0                                                                                  
                                                                      0111100011                                                                                
                                                                    11001000110001100                                                                           
                                                                  11000000110001000011100111                                                                    
                                                                0100000000000000000000000000000111 1                                                            
                                                              000      00000000000  00000000000000000111                                                        
                                                  0000111100           000111110000000000      0000000000111                                                    
                                            001111111118111111            00111111111110           00000000011                                                  
                                       00111111111111111111111              111111111110            000000000000                       00000000000000000000000  
                                  00111111001111111111111111110000        0111111111111110          1111110                   000111111111111100000000000000    
                               01111111111000000011111111111111111       1110111101111111110      01111110        0 11111111111000000000000000000000000000      
                            0111100011111111111111001111011111111110     11111110111111100110    01110111110      00111111111000000000000000110000000000        
                          11110111111111111111111110011111111111111100000111181111110000111111000110111011110   01111110011010000000000001111111100000          
                       01110011111 0000001110011111100111101110110001111111111011100    000110110110110110111111111111111011000000000011111110000000            
                      11111101110      001110011111110011111111110  011111111111110       011001100000000000000000000100110100000000000001111111 0              
                      11111111110    0 0011100111111100011111111110011111111111111110    111111000000000000000000000000000000000000000001100                    
                       010011111110000111111001110010 0011811111111110111111111111111100111000000000000000000           00000000000011111000                    
                      000100001111111111111101110111 00111   1111111111  11111111111111100000000000000000000000000         00000000001111111                    
                        000000111111111111100011110 0111111 11  11111111111110101111000000000011110000000000000000          0000000000111111                    
                             0000011110000000111000111100000111111111111111000000000000001111110       0000000000            010000001111111                    
                                      01111100000  001000000001111   10000000001100111111100               00111              0100001111111000                  
                                           000      01100000111111  88 001111000000000                                         010100111011110                  
                                               0000000110000111111  11110100000   00000000                                       1101111110011                  
                                               1000000001111111111         000000000001111                                        011110111000                  
                                                000000  0011111111          00000000111111                                         01111000110                  
                                                  0         011        1       00111111111                                           0111000                    
                                                                                     011 1                                             00111                    
                                                                                                                                          001                   
                                                                                                                                                                
                                                                                                                                                                
                                                                                                                                                                
                                                                                                                                                                
                                                                                                                                                                
                                                                                                                                                                
