                                                                                                                                                                
                                                                                                                                                                
                                                                                                                                                                
                                                                                                                                                                
                                                                                                                                                                
                                                                                                                                                                
                                                                             00000                                                                              
                                                                     00011111111                                                                                
                                                                 00100000000001111                                                                              
                                                              011000000000000011111111                                                                          
                                         00111111111111110           000000000000001111                                                                         
                                  001111111111111111111111 1          00000000000000001111                                                      01 0            
                             0111111111000111111111111111110            0111100000000000000111                                                0100              
                         0111111001111110001111111111101111010          0 111111111100   0000011   0                                       01000                
                      0111111111111111111111110011111111111111       00011111111111100       0000011 1                                  01100000                
                   011110011111100001111000011100111111111111110    0111111811111111             0000111 0                          001100000000                
                 011111111110      01111001111110011111111111110    011111111001100110           000000011                       0111000000000                  
                 011011111110    0 0011100111111100111111111001110111111110011111111110         011000000000                 01110000000000000                  
                  0011011111110000011111011111111 0111111110   111111111111111000110111     00011111110                  011110000000000000000                  
                  0110000111111111111110011111110 0111111111000111111111111000    11111000001111111110        001110011111000000000000000000                    
                      00011111111111110001111110 011111111111111111111111111       011011111110110111110      001111111100000000000000000000                    
                        0 00111100111101111110 00111   1  1111111 111111111110    00110011011011011111110   011111101110000000000000000000                      
                              01111111111110001110000 11  111111  1111111111110001111111111010110110011111111011111100100000000000000000                        
                                  000000000010110000000111111111111111111111111111111110000000000000000000000000110100000000000000000000                        
                                        1     01100000011111  1011100000111100000000100000000000000000010001000000000000000 000000000000                        
                                            0  0110000111111  8 00010000000000000000000000000001000000           000000000 000000000000000                      
                                                 1111111111   1810111111001111111 1111111100000000000                 000 0000000000000000                      
                                                  0 111111     1 000000000000000000          0000000000111              00000000000000000000                    
                                                      1          0 000000000                   000000111                  000000000000000000                    
                                                        0 11      00000000011111                 0011110                     00000000000000000                  
                                                                   0000001111111                     011                        000000000000                    
                                                                     010111111 1                                                    0000000000                  
                                                                      011111                                                              000000                
                                                                        0111                                                                                    
                                                                          01                                                                                    
                                                                                                                                                                
                                                                                                                                                                
                                                                                                                                                                
                                                                                                                                                                
                                                                                                                                                                
