                                                                                                                                                                
                                                                                                                                                                
                                                                                                                                                                
                                                                                                                                                                
                                                                                                                                                                
                                                                       001                                                                                      
                                                                    001110                                                                                      
                                                                 01111100011                                                                                    
                                                               11001100111000100                                                                                
                                                             110000000000011000110001111                                                                        
                                                           01000000000000000000000000000001111                                                                  
                                                          000     000000000000 000000000000000001111                                         000000000          
                                            000111111110 0         00001110000000000      000000000000                            0001111111101000              
                                       0111111111111111111             011111111110           0000000000                    01111111100000000000                
                                  00111111111111111111111100           0111111011100           000000                  0111110000000011110000000                
                              01111110000111111111111111111111        1111111111111110        0111110        000000111110000000000000111111000 0                
                          00111111111100000011101111111111111100     0111111101111101110    001111110        011111111000000000001111111111100                  
                       011111001111111111111111000111011101110111    0111110001101110110   001111111110     11011001100000000000011111110000                    
                     011111111111111111110000011000111111111111110000111111111110  0111110110100111111100 01111111000000000000000011111111                      
                    0110101111110000001110011111110011111110110 0111110111011100    00010110010000000000011000000000000000000000000000                          
                  111111101110       00110011111111 01111111110  01111111111110       1110000000000000000000000000000000000000111000                            
                 1111111111110    00001111011111111 011111111010011111111111111110  011100000000000000000000  0000000000000000011111                            
                 0111100111111100000111111011110010 011111111111110111111111111111001100000000000000000             000 00000001111111                          
                  00001000011111111111111001110110 01111  111 111111  1111111111100000000000000000000 000000          0000000000011111                          
                     00000011111111111110010111100011011  11  111111111100000011000000000111100000000000000            00000000011111111                        
                         00001111000000000111000011100 001111111110000100000000000001111110       00000000               000000111111110                        
                                0001111000000001011000 011111100110000001001100111111000               000                01000011110011                        
                                       0000     1010000001111110111001111000000000                                          011110111100                        
                                      00000000000011000000011   11111100000        000                                       01111000111                        
                                      1000000000    000000110       0 0000000000000111                                          1111000                         
                                      00000000      10000111 1       00000000000011111                                            011100                        
                                       0            0 011111          0000000011111111                                               01                         
                                                       11111             0      0011 1                                                                          
                                                         1                           0                                                                          
                                                                                                                                                                
                                                                                                                                                                
                                                                                                                                                                
                                                                                                                                                                
                                                                                                                                                                
                                                                                                                                                                
