                                                                                                                                                                
                                                                                                                                                                
                                                                                                                                                                
                                                                                                                                                                
                                                                                                                                                                
                                                                                                                                                                
                                                                           01 1                                                                                 
                                                                         011101101111                                                                           
                                                                       111001100100000000000000000000000001                                                     
                                                                     11000000000000000000000000000000000000                                                     
                                                                   11000000 000000000000           000000        00      0000111111111111111111000              
                                                1                010 0  0000000000000000           0100010       0011111111100000000000000011111111110          
                                                  1 1  1 000000000     00000001000000010           0110110       00110010000000 00000000001111111111111 0       
                                               11111111111110                0111111011100        0010010100    011001000000000 0000000001111111111111111       
                                              1011111111111111100             111111001001100     11000000000000000000000000000 00000001111111111111111  11     
                                            011111111181111111110            01111100010110010  000000000000000000000000000000  00000000011111111111111      1  
                                       001111111111111110110111110000       01111110000001000000000000000000000000       0000    00001100011111 1             1 
                                    0111111101111111111111111001110110      011111000110  00000000000000000000000           00 00000011111110                   
                               01111111111110000000000111100110010111100     1011101000      0000000000000 000000             0000000011111                     
                              01110011111100000000011100001100110011001100000101100110      000000000000000000000               00000001111 0                   
                             011111110000000111111111110000101011100010001011000100000000  00000010                              00000011111                    
                           0111111111111111100110000000110001100011000   010011000000000000000110                                 00000111111                   
                           11111001111110000000110011111110 00110111000000000000000000000001110                                     000111111                   
                        0111111110110        00110011111110 00111111100010000100000000111110                                         11111111                   
                         1110011110000    0 001110000000000 000111000000000000000000111000000                                         1111111                   
                          01111001111110000001101000000010 000000100000000000000000000000000000                                        11111                    
                              000000100000000000000000000 0000000000001101111111100   000000000                                        1 1                      
                                00 0000000000000000000000000000 01111111111000     000000000000                                        01 1                     
                                 0         000000000001  010000000001000                000000000                                       11                      
                                                          0100000000111 1                                                               8                       
                                                           11000001111111                                                                                       
                                                             000011111111                                                                                       
                                                             1111111111                                                                                         
                                                              0111111                                                                                           
                                                                01                                                                                              
                                                                                                                                                                
                                                                                                                                                                
                                                                                                                                                                
                                                                                                                                                                
                                                                                                                                                                
