                                                                                                                                                                
                                                                                                                                                                
                                                                                                                                                                
                                                                                                                                                                
                                                                                                                                                                
                                                                                                                                                                
                                                                                                                                                                
                                                                                                                                            00                  
                                                                              000000                                                     01110                  
                                                                      000111111111                                                     11000                    
                                                                  011100000000001111                                                 1100000                    
                                            0000111111111110    0000 0000000000001111111                                           010000000                    
                                    00001111111111111118111110          000000000000011111                                        1100000000                    
                              001111111110001111111118111111 1          0001000000000000001111                                  110000000000                    
                          001111100011111100011111111111111110            011111110000000000011111 0                          01000000000000                    
                       01111111111111111111111110111111111111111          18111111111110     00000011111 1                  0 100000000000                      
                    011111011101100001111100111100111111111111110      0111111111111110           0000000011              0110000000000000                      
                  0 1111111110      01111001111110011111111110111     11111111100111111            00000000000          011000000000000000                      
                    1111111110    0 0011101111111100111111111111100 001111111111111101100         0010000            0111000000000000000                        
                    011001111111000111111011111111 01111111110  1111111111110111111110111       001111110       0018111110000 0000000000                        
                      001011111111111111001111111  01111111110 011111111111111100  0111110    01111001110       0011000010000 0000000000                        
                        001111111111111001111111 00111111111111111111111111110      01111110101110111111110    01101100000000 0000000000                        
                            00111111110111111100011118  11111111111111111111110      0110011011001101100111000010011000000000 000000000000                      
                                0111111111100001110001     111111  1111111111111    01111111101101100100010001000000000000000  00000000000000                   
                                    00000001  011000 00111111111111111111111111111111111110011000000000000000001000000000000   000000000000000                  
                                          111 000100000011111111111111111111111111111110000000000000000000000              0000000000000000000                  
                                            0   111100011111    10000000001110000000000000000000001000000                     000000000000000000                
                                                0 0011111111     100110111000010000000001011111100000000000000                   0000000000000                  
                                                      1 1111  111111000000011111111 11110000    00000000000000                         00000000000              
                                                        01          00000000000000                 000000000                                                    
                                                            0 11     0 00000000000                    001111                                                    
                                                                     0100000011111                                                                              
                                                                      0100011111                                                                                
                                                                        11111111                                                                                
                                                                         01110                                                                                  
                                                                           011                                                                                  
                                                                              0                                                                                 
                                                                                                                                                                
                                                                                                                                                                
                                                                                                                                                                
