                                                                                                                                                                
                                                                     0                                                                                          
                                                                   01                                                                                           
                                                                  10000   0                                                                                     
                                                                010000010000100                                                                                 
                                                               1000000100010000000000000111                                                                     
                                                               0000000000000000000000000000000111                                                               
                                                            01000000   0   0000000  00  0000000000111                                                           
                                      1 1                00010 0  000000000000000010          000000011 0                                                       
                                     1111 1          00100000      00000111111111110             0 000011 1                                                     
                                      11111111100111110                 011111100110             0000000011 0                                                   
                                     111011101111111111111100            11111101101100        011111110  00                                                    
                                     0 0000011111111111111110           0111110001011110     0011111100                                                         
                                      110011111188111111011110000       111111000001100100000111101110                                                          
                                       0111111811111111111101110110     0111100010  00000000000000011110       111                                              
                                     01000111111111111011011010111000   010110100      00000000000000000   0100111110                                           
                                    110001110011100000010010110010001100100000000     0000000000000000000001111111111110                                        
                                  0110111110000000000000001001000010  0000000000000  00000000000000000000000000111111111110                                     
                               10110111111100000000011110000000000000 0000000000000000001110000000000000000000000010111000111                                   
                             011110111111000000110000000000000000000000000000000000011100        000000000    00000000000000111                                 
                              0111111111000000000000000000000 0000000000000000011100                0000000     000000000001011 1                               
                              1111111100001111100000000000000 0000000000000000000     0               000        00000000011111111                              
                             01111111111011110   000000000000 00010000011   10   000000                          000000011111111111                             
                             11111110000000       0000 00000 00 000000111      10000000                           00001111111111111                             
                             11111111100000   00000000000000000  0000111111    11100000                           00011111111111111 1                           
                            111110000000000000000000000001100 011000001111111    1 0000                           0011111 1111111111                            
                             0100000000000000000000000           011111111111     18 0 0                         011111  1    1  1111 0                         
                              000000000000000                        001111  11                                  01111110                                       
                                                                                                                 1111                                           
                                                                                                                011111                                          
                                                                                                                 1111                                           
                                                                                                               11                                               
                                                                                                                 1                                              
                                                                                                             011                                                
                                                                                                             8                                                  
                                                                                                           01                                                   
                                                                                                                                                                
                                                                                                                                                                
                                                                                                                                                                
                                                                                                                                                                
