                                                                                                                                                                
                                                                                                                                                                
                                                                                                                                                                
                                                                                                                                                                
                                                                                                                                                                
                                                                                                                                                                
                                                                          0000                                                                                  
                                                                     001111111                                                                                  
                                                                 00100001000011111                                                                              
                                                               111000000000000011111                                                                            
                                                             010  0000000000000000011111                                                                        
                                            00111111111100           00000000000000000001111                                                                    
                                      00111111111111111181 0          001111000000000000000011                                                     011          
                                0011111111111111118111111100            1 111111111100     000011111 0                                          0110            
                            0011111100000001111111111111111110        0018111111111100         0000111 1                                    0011000             
                         0111110001111111111110111111111111111       0111118111111110            000000111                              0011000000              
                       11111111111111111111111100111111011101110    0111111111011101110          0000000011                         0011100000000               
                    0111001111 00000111100111111001111111111111100 011111100011111111110        01111000 0000                   0011100000000000                
                  01111101110      01111011111111001111111110001111111111111111000110110     00111111100                   001111000000000000000                
                  11011111110    00011110111111110 1111111110  0111111110111100   011111100001111111110         011000001111000000000000000000                  
                  1111011111111000111111011111110 0111111111100111111111111110      011011111101110111110     00111111111100000000000000000000                  
                    0000001111111111111001111111 0111111111111110111111111111110    0111011011011011011110 001111110111101000000000000000000                    
                       000111111111111001111111 01111   11 1111111 11111111111110001111111111000101101111111111111111110000000000000000000                      
                           001111001101111111001111000 11  1111111 111111111111111111111100000000000000000000110111111110000000000000000                        
                                00111110000000111000000001111    11111011111110000000100000000000000000000001000000000000000000000000000                        
                                      0001    1001000001111111  88 000000000000000000000000100000000000          00000000000000000111100                        
                                          0 0   11110001111111  11810110111000111111111111100000000000000            000000000000000000000                      
                                                   011111111    111800000000000000000          00000000011 1           000000000000000000000                    
                                                      0 1111  11   100000000                     011111111               0000000000000000000                    
                                                         001  111  1 0000000000111                 0111100                 01000000000000000                    
                                                                    00 00000001111                    01                     010000000000000                    
                                                                     0000100001111                                             0010000000000                    
                                                                       000111111                                                  0011000000                    
                                                                          011110                                                      00011000                  
                                                                              11                                                            0000                
                                                                                                                                                                
                                                                                                                                                                
                                                                                                                                                                
                                                                                                                                                                
                                                                                                                                                                
