                                                                                                                                                                
                                                                                                                                                                
                                                                                                                                                                
                                                                                                                                                                
                                                                                                                                                                
                                                                                                                                                                
                                                                          0                                                                                     
                                                                     00111                                                                                      
                                                                  0111100001                                                                                    
                                                              001000000011000000                                                                                
                                                            010000000000000000011111                                                   00000111110 0            
                                            000000000    0000 000000000000000000000000011111                                     0011111111111       11         
                                  0001111111111111111110          00000000000000000000000000000111                          00111111111111111111                
                          001111111111111111111111111111          000111100000000000  0000000000000000                   011110001111111111111                  
                      0111111111000000001111111111111110              111111111110          000000000000             01111000001111111111111                    
                   011111111111111111111110111111110111111          0111111101110             000000              01110000000000111111111111                    
               01111001111111111111111111110111101111111111       0111111111111111           0111110      0 011111111000000000011111111111                      
             01111111111001100001111000011100011111101110111     01111111100110001100       01111110        011111110100000000011111111111                      
             011011111110      0011101111111001111111111111100  011111110011111110111     011110111100    0110110010000000000000000011                          
              1110011111100000011110011111111 01111111111000111111111111111100001111110000011011001111000011111011010000000000000111                            
                00000111111111111110011111110 01111111110   1111111110011100    0011011110110110010011111100000000000000000000111111                            
                  00111111111111110011111110 011181111101001111111111111110       0110011000000000000000000000000000000000000011111111                          
                     0011111111110111111110 011111111111111101111111111111110    011111000000000000000000          0000 00000001111111                          
                         01111100011111100011111   11  1111111 1111111111111100011100000000000000000000               000000000001111111                        
                            0001100000001111000001 1   111111  1111111111111111110000000000000010000000000               000000001111111                        
                                001    1100100000000111 11111111110000011110000000000000011110000 00000000                 000000111101111                      
                                          1011000000001110000000000000000000000001000111100     0000000000                   0000011111011                      
                                          0 011100011111 11000000110111100111111111100                0000                     01111111110                      
                                              0111111111  11011111000000000000000                                                01111011                       
                                               000111111     0   000   00000000000                                                  1111                        
                                                      0             000000001111 1                                                    0  1                      
                                                           11         0111111111                                                        0                       
                                                                         0111111                                                                                
                                                                             0011                                                                               
                                                                                                                                                                
                                                                                                                                                                
                                                                                                                                                                
                                                                                                                                                                
                                                                                                                                                                
                                                                                                                                                                
