                                                                                                                                                                
                                                                                                                                                                
                                                                                                                                                                
                                                                                                                                                                
                                                                                                                                                                
                                                                                                                                                                
                                                                                                                                                                
                                                                                                                                                                
                                                                         000011111                                                                              
                                                                    00011111111111                                                        0110                  
                                                                0111000000000001111111                                                   11000                  
                                           00001111111111100   000   0000000000000011111                                                1000                    
                                    000111111111111111811181 0         0000000000000001111                                            100000                    
                              001111111110011111111111111111             001110000000000001111                                      11000000                    
                           01111100011111000011111111111111100            11111111000000  00001111 0                              1100000000                    
                        11111111111111111111111001111111111111 0        0011111811111100      00000111 1                       0110000000000                    
                    011110011111100011111000111100111111111111100     0111111111111110            0000001110                 011000000000000                    
                  011111111110      01111011111110011111111111111    011111111001111111            00000000111             011000000000000 0                    
                  011111111110    0 01111011111111 01111111110011100011111101111111111110         0100000               011100000000000000                      
                   1110011111110000111111011111111 0111111111   1111111111111111000111110     00011111100       00000111100000000000000000                      
                     0000011111111111111001111111  01111111110001111111110111000   0111110 0001111001110         011111110000 0000000000                        
                        001111111111111001111111 01111111111111111111111111110      0110111111110111011110     0110110010000000000000000                        
                            0111111111011111110001111   111111111111111111111100     01101100110111111111100 0011111110000000 0000000000                        
                                0111111111100001110001 1   111111  11111111111110 0111111111111001001001111111101111000000000 000000000000                      
                                   000000000 10110000000011111111111111111111111111111111100100000000000000000000000000000000  0000000000000                    
                                       00 111  0010000001111     1110000011111101100010000000000000000000000000000000000000   0000000000000000                  
                                            0    1111001111111  8810000000000000000000000000000001000000                  00000000000000000000                  
                                                  0001111111    11 10111110001110111111111111110000000000000                 00000000000000000                  
                                                       01 1     1111000000001111111100000      0000000000011                    00000000000000                  
                                                           01188111 00    00000                   0000001111                        000000000000                
                                                                    00 00000000110                  01111110                               0000000              
                                                                     01000000111                        0000                                                    
                                                                      0100001111 1                                                                              
                                                                        111111                                                                                  
                                                                         01110                                                                                  
                                                                           011                                                                                  
                                                                                                                                                                
                                                                                                                                                                
                                                                                                                                                                
                                                                                                                                                                
