                                                                                                                                                                
                                                                                                                                                                
                                                                                                                                                                
                                                                                                                                                                
                                                                                                                                                                
                                                                          00                                                                                    
                                                                      00111                                                                                     
                                                                   011111000011                                                                                 
                                                                0100000001110000110                                                                             
                                                              1100000000000000000011111                                                                         
                                                            010 00000000000000000000000001111                                                                   
                                               0000111000           000000000000  00000000000011111                                                             
                                        0011111111181111110           0011111111000000    0000000011111                                                         
                                    00111111111111811811110            0 111111111110          0000000011 0                                                     
                               011111100011111111111111111000          01111111111100             000000011                                        000000       
                           01111110001000001101111111111111111       11111181001111110           010000000001                             0000111000000         
                        011110001111111111111100111011111111111      1111111111111111110        01111110                          0001111111000000000           
                      0111111111111111111001111001111111111011110  011111810011111110011     0111111110                    00111111000000000000000000           
                    011100110010 00011110111111100111111111110011111111111111110   0111110000111111111100      001111111111100000000000000000000000             
                  0111111111       00111011111111 01111111110   11111111101110      0011011111101111111110    11111111111110000000000001111100000               
                 0 10111111100  00001111011111111 01111111111000111111111111110      0111011011111011011110001111111011101100000000000001100000                 
                  0111011111111101111111011111110 0111111111111100111111111111110   01111111110000000001001111111111101100000000000000000100000                 
                    0000001111111111111001111110 01111  11111111111 111111111111111111111110000000000000000000000110110110000000000000000000                    
                        001111111111110011111100011101  1   111111  111111111111111110010000000000000000000 00000000000000000000000000000                       
                             000111110101110000111100 011111 111111111100001111000000000000011110000000             000000000000011110000                       
                                  00001000000  0100000000011111110000000000000000000111111110000000  00000000         0000000000011111000                       
                                        00      0100000011111     00001101110011111111000         00000001111           00000000000111110                       
                                               000 1001111111    880111000000000                    0111110              0000000001011000                       
                                                  0 111111111     10 0 000 0000000000                  0011               01000011010111000                     
                                                    0111111           0 0000000011111                                      0100000111000110                     
                                                       01              00001100111111                                        11011001100000                     
                                                                         000111111111                                         0111100000000                     
                                                                           0 011111                                             011110000 0                     
                                                                                  0                                                011100                       
                                                                                                                                      00111                     
                                                                                                                                          0                     
                                                                                                                                                                
                                                                                                                                                                
                                                                                                                                                                
                                                                                                                                                                
