                                                                                                                                                                
                                                                                                                                                                
                                                                                                                                                                
                                                                                                                                                                
                                                                                                                                                                
                                                                                                                                                                
                                                                                                                                                                
                                                                                                                                                                
                                                                     0001111111                                                     0                           
                                                                001100000011111                                                  0100                           
                                            00000000000      0100000000000000111111                                              1000                           
                                  0000111111111111181111100         00000000000001111                                          100000                           
                           001111111111111111111111118111 0          000000000000001111                                      0 000000                           
                       011111111111111000011111111111111110            01110000000000000111 1                                10000000                           
                    01111111111111111111111100111111111111110          11111111000000 00000011111                          1100000000                           
                 01111001111111111111111111110011101111111110       01111111111111100      0000001111 0                  110000000000                           
               111111111110      01111001111110011111111111110     1111111111111110            0000000111              01100000000000                           
               111111111110      01111011111111 011111111111110   011111111001100110            00000000000          0110000000000000                           
                0110011111100000111110011111111 01111111110 01111111111100111111111110        00100000            01110000000000000                             
               111000 1111111111111110111111110 0111111111   1111011111111110001101110     0001111110        011111111000  00000000                             
                  0000111111111111110011111110 01111111111101111111111111100    1111110000011111011100       001000000000 000000000                             
                      00111111111110111111100001111 1111111110111111111111       01101111111101110111110    01101100000000000000000                             
                          001111111111111000011101      111111 1111111111110     0111011001101100110111100011011000000000 00000000000                           
                               0110000000011110000011111111111 1111111111111000011111111110100100000000001000000000000000  000000000000                         
                                  001      001100000001111     111111111111111111111110001000000000000000000000000000000  0000000000000                         
                                            100110001111111  88 000001111110110001100000000000000000000000            0000 000000000000                         
                                          00   011111111111    88000010000000000000000000000001100000                    0000000000000000                       
                                               0000111111    111800111000111011110011111 1110000000000000 0                 00000000000                         
                                                 00001111    8888 00000011111111110000      0000000000000                       000000000                       
                                                                  0   0000000                 00000000000                              0                        
                                                                 0 0000000001                    00111110                                                       
                                                                 000000001111                         000                                                       
                                                                  010000011                                                                                     
                                                                   01100011                                                                                     
                                                                     0111                                                                                       
                                                                       01                                                                                       
                                                                                                                                                                
                                                                                                                                                                
                                                                                                                                                                
                                                                                                                                                                
