                                                                                                                                                                
                                                                                                                                                                
                                                                                                                                                                
                                                                                                                                                                
                                                                                                                                                                
                                                                                                                                                                
                                                                                                                                                                
                                                                                                                                                                
                                                                      001111                                                                                    
                                                                 0011111100111                                                        00011111                  
                                                             0011000000001100111                                                001111111111                    
                                 0000011111111111111110    0000000000000000000011111                                        0011111111111111                    
                        00011111111111111111111111111111          000000000000000000000111                               0111111111111111111                    
                    011111110001111000001111111111181111          000000000000 0000000000000000111                    01110000111111111111                      
                0111111111111111111111111111111111111110            001111000000000   0000000000000001              0110000000111111111111                      
              11111111111111111111111111110011111111110111          0 111111111110          0000000000           01110000000001111111111                        
              1101111110      0111100111111001111111111111        011111111101110            000000          001111000000000000111111111                        
              0110111111000000011110111111100111111111101110    0111111111001111110          0111110      0081111110000000000000111111                          
                0000111111111111110011111110 111111101111110   011111111111111111110       00111110       00111001000000000000000010                            
                 00111111111111110011111110 011111111110 0111111111111001111111100110     011101111110    11111010000000000000000110                            
                    0111111111110011111110 0011111111110  011110111111111110  011111100000110011011110000100000000000000000000111111                            
                       01111111011111111000111111111111101111111111111110       001101110110011001000000000000000000000 00000001111111                          
                          01111111111000011111   1111111110111111111111110       0110011000000000000000000000000000000  0000000000111101                        
                            0001000001111110001     81111111 111111111111110   0111111000000000000000000              00000000000011111100                      
                               00   18 0010000001111111111  111111111111111111111100000000000000010000                  000000000000000011                      
                                  0     01100000001111111111111111111111111111000000000000000000000 000000                 000000000011000                      
                                      0  11 1000111111    00110000000111000000000000000011111000  0000000                     000000000111                      
                                            0 11111111  1  000010011100000100011111111100      00000000000                        00111000                      
                                              0 1111    118 111000000001111111111000                                                 0111100                    
                                                  0     111  0000000000000000000                                                        00                      
                                                                00000000000111                                                                                  
                                                                  011000111111                                                                                  
                                                                    0111111111                                                                                  
                                                                       00111 1                                                                                  
                                                                                                                                                                
                                                                                                                                                                
                                                                                                                                                                
                                                                                                                                                                
                                                                                                                                                                
                                                                                                                                                                
