                                                                                                                                                                
                                                                                                                                                                
                                                                00001111                                                                                        
                                                            0011111111                                                                                          
                                                        011000000000111111                                                                                      
                                                      0100000000000000001111                                                                                    
                                           0001100  000      00000 000000011111                                                                                 
                                     001111111811110          001100000000000011                                                                                
                                 00111111111111111110           0011111100000000011  0                                                                          
                              011111111111111111111110           01111111111100  00011                                                                          
                           01111111111111111111111111111        01111111111100      001110                                                                      
                         011111111100000000101101111111110     1111111111111          0011 0                                                                    
                     00111111111110000000111000110110111011   0111111001100110          0011                                                                    
                    1111111111110001111111001100011011111110000111100111111111          00001                                                                   
                   01111111111111111101000000011001111010  0111111111110001111       01111000110                                                                
                  011111111111111100000100011111100111100  01111100100    111100000111111111000                                                                 
                  11111111011100     0011001110000 0111100000011111110     11111111111111000                                                                    
                  111111110100       000100000000 001001000001000100110   0110101111111110                                                                      
               0111111111110000000000000000000000 0010000000010000000000001001011111111111        0                                                             
                 1111100000111110000000000000000000000000000000000000000000000000001111111   0001 111                                                           
                  0000000000000000000000000000 0000001011000000000000000000000000000001111111111111111100                        00011 1                        
                          00001111110000000111011  111111111111111111111111111111000000011111111111111111111111100000000000011111111 0                          
                         0          000000    1010 0001110000000000               000000000111111111111100000000000000000000000000                              
                                                 10 0     00000                    000000   011111110111000000000000000000000000                                
                                                   000    00000 00000000           0001011    00111111000000000000000000000000                                  
                                                  0 00    0000000000000011         01111  1    00011100000000000000000000000                                    
                                                   110       0 100000000            111         000000000000000000000000                                        
                                                   110          101001               1 0        000000000110001100                                              
                                                   8              10                            0000000110111000                                                
                                                  8               0                             0100101001111000                                                
                                                11                                               101010100111000                                                
                                                                                                 101001011000000                                                
                                                                                                 010100100000000                                                
                                                                                                  01010000000000                                                
                                                                                                   0100000000000                                                
                                                                                                    0110000000 0                                                
                                                                                                      011000                                                    
                                                                                                        0110                                                    
                                                                                                           000                                                  
                                                                                                              0                                                 
