                                                                                                                                                                
                                                                                                                                                                
                                                                                                                                                                
                                                                                                                                                                
                                                                                                                                                                
                                                                                                                                                                
                                                                         000111                                                                                 
                                                                   0001111111100                                                                                
                                                                011000000000111111                                                                              
                                                             0110000000000000000111111                                                                          
                                         00111111111111110           0000000000000000111                                                                        
                                  000111111111111111111181 0          0011000000000000001111 0                                                                  
                             0011111111000111111111111111110            0111111100000000000001 1                                                  01            
                         0011111101111100001101111111101111110          11111111111100     000001111                                           01100            
                      0111110111111111111111110011111111111111       011111111111110           0000111 0                                   0010000              
                    01110011111111011111000011100111111111111110    01111118111111110            000000110                             00110000000              
                  11111100110      011110011111100111011111111100  0111111111111111110           000000001                         0011100000000                
                0 10011111110    0 0011101111111100111111111000111111111110111111110110        01111100   00                   01111000000000000                
                  0110011111100000011111011111111  111111111   1111111111111110  0111110    0111111110                    00111000000000000000                  
                  1011000111111111111110011111110 01111111111001111111111111      01111100001111111110        00111001111100000000000000000000                  
                    0001001111111111110001111110 0111111111111111111111111110      011011111101110111110    00011111111110000000000000000000                    
                        00011110001111011111110 0111   1  1111111 111111111111    01111111011011011011110 0011111100110010000000000000000000                    
                              01111101111110001111000111  111111  111111111111111111111111100000011011111111101111110110000000000000000000                      
                                  000000000000010000000011111111111111111111111111111000000000000000000000000001111110100000000000000000                        
                                       01     00100000011111  81001000001111000000001000000000000000000000000000000000000000000000000000                        
                                            0   1 1000111111  18 001100100000100000001101111100000000            00000000000000000000000                        
                                                  1 11111111  118101000000111111  11110000  0000000000000            000000000000000000000                      
                                                    0 11111 111 1 000000000                   000000000111             0000000000000000000                      
                                                       01        0 00000000                     01111111                 0000000000000000000                    
                                                                  0 000000011111                  011111                   00000000000000000                    
                                                                   0000000111111                     001                     000000000000000                    
                                                                    001101111110                                                000000000000                    
                                                                       0111111                                                      00000000                    
                                                                         011                                                              000000                
                                                                            1                                                                                   
                                                                                                                                                                
                                                                                                                                                                
                                                                                                                                                                
                                                                                                                                                                
                                                                                                                                                                
