                                                                                                                                                                
                                                                                                                                                                
                                                                                                                                                                
                                                                00000111                                                                                        
                                                          00001111111110                                                                                        
                               00001111111100000      00110000000000111111                                                                                      
                     00111111111111111111111111110    00   00000000000011111                                                                                    
                0111111111110000001111111181111111 0         00000000000001111                                                                                  
            01111111111111111111101111111111111110          00010000000000001111                                                                                
         0111110111111111111111111111011111111111110          01111100000000001111                                                                              
        11111111110     0011110000111001111111111111          1111111110000000000001                                                                            
        11111111110      0011101111111001111101111110     011111111111111100    0000111  0                                                                      
         010001111100000011110011111110 1111111111111    0111111811111111         00000011 0                                                                    
           010011111111111111011111111001111111110011000011111111101110110           0000111                                                                    
           0 0111111111111110111111110 0111111110  011111111110111111111110           00000001                                    000000                        
                01110011110011111111  0118111111100111111111111111000111110         001000001111                             000100000                          
                    11111111111110000111   11111111111111111111000   111110    000011111110   00                       000111000000000                          
                      0011000000 0011001  11  111111111111111110      01111000011111111110                        001111000000000000                            
                         0011110110000 0111   11111  111111111110    00110111111101111110         00         00111100000000000000000                            
                              010000000111111 111111111111111111100011111111011111111011110     0001111111111000000000000000000000                              
                              1000000000111110111111110011111111111111111111111111111111110   0011111011111000000000000000000000                                
                              00000000000011111110000000000111000100011010001000000001111111111111111001100000000000000000000000                                
                             100101011111100111 11111111110000000000000000000000000000000000001101111100100000 00000000000000                                   
                             0111111111  1      0000000000001111111110011011000000000000000001000010010000000 000000000000                                      
                             111 1 11                0    00000000000000000000000000000         000000000000000000000000                                        
                             1                       0000000000                00 000000000          000000 000000001100                                        
                                                      0101011111                0000001111             0000000000000000000                                      
                                                     11110111111 1                11111110              000000000000000000                                      
                                                      11111111                      0111                 01000000000000000                                      
                                                        1110                          00                  0100000000000000                                      
                                                        1110                                                01000000000000                                      
                                                                                                              010000000000                                      
                                                                                                                0100000000                                      
                                                                                                                  01110000                                      
                                                                                                                     00100                                      
                                                                                                                         000                                    
                                                                                                                                                                
                                                                                                                                                                
                                                                                                                                                                
                                                                                                                                                                
