                                                                                                                                                                
                                                                                                                                                                
                                                                                                                                                                
                                                                                                                                                                
                                                                     0000                                                                                       
                        000000000111111100000             0000011111111                                                                                         
                001111111111111111111111111111111     0110000000000011111                                                                                       
           0011111111111111110000011111111111111110        0000000000011111                                                                                     
         1111110111111111111111111111111111111111           00000000000001111                                                                                   
         101111110     0011111111111011111111111100          00100000000000000011                                                                               
        0100111110      011110111111011111111111111          0 181111000 000000001111                                                                           
       01001011111000000111101111111001111111111110        0011111111110100  000000000111                                                                       
          00011111111111111001111111001111111111111     0111111111111111100       00000000011                                                                   
             01111111111110011111110 011111111101110   011111111110111110            0000000000                            00000000000000                       
               0111111110001111110  01111111110  0111111111811111111101110           0000000000                     001111111111111111111     0                 
                 011111111111111000111111111110 011111111111111111111111110         01110000                   01111110001111111111111111      1                
                     1111111000001111   11111111111111111001111110 01111110     00011111110               00111100000000111111111111111                         
                       000001111110001  1  11111111111111111110     0111111000001111111100         0 11111110000000000001111111111111                           
                           11 010000 0111  111111  111111111110       0110111111110111011110     0001111111100000000000111111111111                             
                           0  0100000001111111111 11111111111111    0011101110111011011011110000011111100100000000000001111111111                               
                                00000111111    11111111111111111110111111111110000010110011011111001111100100000000000000111111                                 
                               0 0111111111  18 00000000111111111111111111000100000000000000000000000000000000000000011111111                                   
                                 11111111    11 00010000000000000000001000000000000000000000000000000000000000 000001111111                                     
                                   1111     11111111001110000110001000000000000000000000000              000  0000000011111                                     
                                                  000000000011111111111111111000000000000000000            000000000000111111                                   
                                                    00000000000000000             00000000000                 000000001111111                                   
                                                     100000011111   0                00011000                  0000000011111111                                 
                                                      01011111111 11                      000                    00000011111111                                 
                                                       01111111                                                    000011111111                                 
                                                          011 1                                                      0111101111                                 
                                                              0                                                        011111                                   
                                                                                                                         11111                                  
                                                                                                                           1111                                 
                                                                                                                                                                
                                                                                                                               1                                
                                                                                                                                                                
                                                                                                                                                                
                                                                                                                                                                
                                                                                                                                                                
                                                                                                                                                                
