                                                                                                                                                                
                                                                                                                                                                
                                                                                                                                                                
                                                                                                                                                                
                                                                                                                                                                
                                                                                                                                                                
                                                                             01                                                                                 
                                                                           01111111                                                                             
                                                                        01111011111111111111111111111001111                                                     
                                                                      011000100100000000000000000000000000000                  00011111111111111000             
                                                                    110000000000000000000         00000000          000000011111000000000011111111111110        
                                                   1              010000000  0  000000000           000000       0011111111000  000000000001111111111111  1     
                                                       1  000000010     0000000000000000            010010       00110000000000 00000000111111111111111111 11   
                                                 111111111110            0000011111110110          0100110000    11000000000000 00000000111111111111111       1 
                                               011111111118111110             11111110011100      011000000000  000000000000000 000000000111111111111           
                                           0011111111181111111110             0111110010001110    0000000000000000000000000000   00000000001111 1               
                                      00111111111111111111101111000          1111111000111000100000000000000000000        000   0000011111010                   
                                 000111111111001111111111111101111111       0111110001100001100000000000000000000            00000000001111 0                   
                               0111111111111000000000011110011111001110      10111000010     00000000000000000000              0000000001111                    
                              1110011111110011000111110000110111011100110   0101110110       00000000100000000000                000000011111                   
                            1111111111111111111111110110001111111000100011011001100011000   000000110     00000                    0000001111                   
                          01101111111111110000100000001100001000110010   01111101110000000000001110                                 000001111                   
                        011111110011001    000110011111110 001101110000 0000011000000000000001110                                     0001111                   
                         110111110000       00110011111111 00111111110011000110000000000000110                                         0111111                  
                         111100111110000000001111000000010 0011111111000000000000000001111000                                           11111                   
                           001000011111100111111000000010 00000111000000000000000001110000000                                            111                    
                               0 00110000000000000000110 00000000000001000000011110000000000000                                                                 
                               0     0001011110000000000000000 0111111111   1100000   000000000                                                                 
                                              0000001  101000000001110000            000000000000                                          8                    
                                                         11000000001100                     000                                                                 
                                                         0 000000111111                                                                                         
                                                           100011111111                                                                                         
                                                            10111111111                                                                                         
                                                            111111111                                                                                           
                                                             0 1111                                                                                             
                                                                                                                                                                
                                                                                                                                                                
                                                                                                                                                                
                                                                                                                                                                
                                                                                                                                                                
