                                                                                                                                                                
                                                                                                                                                                
                                                                                                                                                                
                                                                                                                                                                
                                                                                                                                                                
                     000011111111111111111110000         00000111111111                                                                                         
               0111111111111110001111111111111111    001000000000000111                                                                                         
          01111111111111111111000011111111111111110         000000000111111                                                                                     
       111111100111111111111111111111111111111111           00000000000001111                                                                                   
         011111110      011111111111011111111111100          011000000000001111                                                                                 
       00100111110      011110111111001111111111111          01111111000 00000111                                                                               
       01000011111100001111101111111001111111111110      000011111111100000 000000111                                                                           
          00111111111111111001111111001111111111111     0111111111111111000     000001111                                  0001111111                           
             01111111111110011111110 011111111100110  001111111101011111           0000001111                         001111111111111                           
               0111111110001111110  01111111110  011111111111111111110110            0000000011                   0011111111111111111                           
                 001111111111111000111811111110001111111111111111111111110          00000000000                01110000011111111111                             
                     1110000000001111   1111111111111111101111110  0111110        01111110                 011110000000011111111111                             
                       01100 111110001 1   1111111111111111110     01111100 0001111111110         0000 00111000000000011111111111                               
                         0 110100000 011   111111  111111111110      111111111111111011100        0111111110000000000011111111100                               
                             1100000000111111111 11111111111111    001110110111011110011110     1111110000000000000000011111111                                 
                              00001011111 111111111111111111111111111111111111101110110110100001111111001000000000000000000                                     
                              01010111111  81000000000011111111111111111100110000000000000001100001000100000000000000000000                                     
                             1111111111    180000011000000000000000010000000000000000000000000000000000000000 00000001110                                       
                              81111 1     18100111000000001111000100000000000000000010000000  00000000000000 00000000111110                                     
                                  1               00000000000111111111111111110000000000                000  0000000000000001                                   
                                  1               00000000000000000           0000 000000000               000000000000000000                                   
                                                   100000011111 100              0000000000                  000000000000000100                                 
                                                    1101111111 11                  00111100                    0000000000000000                                 
                                                     11111111                          0000                       0000000000000                                 
                                                       0111                                                          000000000                                  
                                                         01                                                             0011000                                 
                                                                                                                            00111                               
                                                                                                                                                                
                                                                                                                                                                
                                                                                                                                                                
                                                                                                                                                                
                                                                                                                                                                
                                                                                                                                                                
                                                                                                                                                                
                                                                                                                                                                
