                                                                                                                                                                
                                                                                                                                                                
                                                                                                                                                                
                                                                                                                                                                
                                                                                                                                                                
                                                                      001                                                                                       
                                                                   0011110                                                                                      
                                                                011111000111                                                                                    
                                                              010000000110001110                                                                                
                                                            0100000000000010000110000111                                                                        
                                                          0110 0000000 00000000000000000001111 1                                                                
                                                   000    00       000000000000000000000000000001111                                           00000            
                                           001111111111110          0000111111100000       00000000000                                  0001000000              
                                      00111111111111118111              11111111110            000000000                         00011110000000000              
                                  0011111111111111111111110000        00111111011110           0000000                     000111110000000000000                
                              011111100001111111111111101111111      011111110011001100       0111111                 00111110000000000000000000                
                           0111111111100000001100111111111111110      111111111111111110    001111110         11111111110000000000000000000000                  
                        111111111111111111111111000110111011100110   01111100011000101100 0001111111100     00111111110000000000000010000000                    
                        11111111111111111100000111001111111001100111111111111111   011111110110011111110   011111101100000000000000011111000                    
                     111011111111100000011001111111001111111110   0111011101110       11001011011011011111111111011001000000000000000000                        
                   011111101110       00111011111111 01111111010 011111111111110     0111000000000000000000000000000000000000000000000                          
                  1111111111110    00001111001111111 01111111101111011111111111110  01100000000000000000000000000000000000000001110000                          
                 01111100111111100000111111001110010 0111111111111011 111111111111111100000000000000000           00000 00000001111111                          
                   00100000011111111111111000110111 01111  11 1111111 11111111110000000100000000000000000000         00000000000111110                          
                     0000000111111111111110101111000100011111111111111110000000000000000011110000  000000000          000000000000110000                        
                          00011111000000000010000011000 01111111010000000000000001111  1100      000000000              0000000011111100                        
                                 0011110000000001010000 001111100110000011111111111000               00111               010000011000011                        
                                       000001    0110000000001111111111100000000                                          01100000110000                        
                                       100000000000 0000000111110000000000      000000                                      011100001100                        
                                      100000000000  0000001111      0  000000000000111                                        0111000000                        
                                      010000         001111111       00000000110111111                                           0111100                        
                                                      11111111         000000011111110                                              001111                      
                                                      1 1111                     011 1                                                  00                      
                                                        1                            0                                                                          
                                                                                                                                                                
                                                                                                                                                                
                                                                                                                                                                
                                                                                                                                                                
                                                                                                                                                                
                                                                                                                                                                
