                                                                                                                                                                
                                                                                                                                                                
                                                                                                                                                                
                                                                                                                                                                
                                                                                                                                                                
                                                                                                                                                                
                                                                                                                                                                
                                                                    000111111                                                                                   
                                                                000111111100011                                                                                 
                                                            011100000000001111111                                                                               
                                           000001111100    000  000000000000000001111                                                    0                      
                                    001111111111118111110          00000000000000001111                                                0 10                     
                             0011111111111111111181181111            0011100000000000001111                                          0 1000                     
                         0111111100000000111111111111111100            1111111100000 00000011 1                                    011000                       
                     01111101111111111111111011111111111111        00011111111111100     0000001111                              01100000                       
                   111111111111111111111111110011101111111110     0111111111111110           00000111 0                       01100000000                       
                011111011100 000001111001111110011111111101110    11111111000110110            00000001 1                   0110000000000                       
              011111111110       0111101111111100111111111101100011111811111111111100        000000000000                0110000000000000                       
              01111111111100  0000111101111111100111111111   111111111111111000110110       001111110                 0111000000000000000                       
                0010011111111101111111011111110 01111111110 0111111110111000   0111110   01111011110         00000111110000000000000000                         
               10000100111111111111110011111110 01181111111111111111111110      011111111111111111100        011111111000 000000000000                          
                  0000111111111111110111111 1 00111  1111111111111111111110      111011011001111111111    011101100110000000000000000                           
                         0111000111111111110 011001  1   11111  111111111111   011111111111111111011111000111111110000000000000000000                           
                             0 111110000000011100000111111111111111111111111111111111111100000000001100110011111110000000 00000000000                           
                                 000000001 1001000000011111    1111111111111111111100000000000000000000000000000000000000 0000000000000                         
                                     0       00110001111111    81000001110000000010000000000000000000000000 000000000000000000000000000                         
                                          00011011111111111    18 011100001000100001001111000000000                 000000000000000000000                       
                                           000000001111111   1111 0000011111111111110000 0000000000000000              000000000000000000                       
                                            0000000000111    8811 100000                    00000001111                  0000000000000000 0                     
                                               00            0    100000000                   011111111                     00000000000000                      
                                                                0 00000001111                   01111                          0000000000                       
                                                                 001000011111                       001                             000000000                   
                                                                   0100001111                                                                                   
                                                                     0111                                                                                       
                                                                       11                                                                                       
                                                                         0                                                                                      
                                                                                                                                                                
                                                                                                                                                                
                                                                                                                                                                
                                                                                                                                                                
