                                                                                                                                                                
                                                                                                                                                                
                                                                                                                                                                
                                                                                                                                                                
                                                                                                                                                                
                                                                                                                                                                
                                                                                                                                                                
                             00000000000000000                        0000000                                                                                   
                     001111111111111111111111111111110       001111011111111                                                                                    
               00111111111111111110000011111111111111110  00000000000000011111                                                                                  
              1111110110110111111111111111111111118111 1         000000000111111                                                                                
             1101111110      0111111111100111111111111           00000000000111111                                                      0                       
            111001111100    0011101111110011111111111110          00110000000001111                                                   01                        
              010011111111011111001111111 01111111111110          111111110000000111                                                0100                        
              0 0111111111111110011111110 11111111111110     001111111181111000000001111 0                                        0100                          
                  0111111111110011111110 011111111111110    01111111111111111000     00111 0                                    010000                          
                    011111110111111110  01111111111  011100111111111101111111          0000111 0                              01000000                          
                      0 111111111111000111111111110  0111111111110001111111110            00011111                         01100000000                          
                        011100000000111118  11111111111111111111111110011111110           0000001111                    011100000000                            
                           0111  11111001   1  1111111111111111111000   1111110        01110000000000                011100000000000                            
                            0 18 110000001     1111111 11111111111      01111100   011111111110                  0111000000000000000                            
                                010000000011  111111  11111111111110     011111111011111111110        0000000011110000000000000000                              
                                 000010111111 1111111111111111111110   011111111011111111011111     000111111111000 00000000000000                              
                                 01010111111    011111111111111111111111111111111111111011111110    011111001100000 000000000000                                
                                 011111111    88000000000001111111111111111111111000001111111111101100110110010000000000000000                                  
                                1 111 11   11110111111111111000000000000110000000000000000000000000010011011000000 00000000000                                  
                                     1      1 00000000000000011111000100000000000000000000000010000000000000000000 0000000000000                                
                                    11                000000000001111111111111111100000000000          0000000000 00000000000000                                
                                                      00000000000000000           00000000000                00  00000000000000000                              
                                                      0000000111111000             0000000000011               0000000000000000000                              
                                                       10101111111 1 0               011100111                   000000000000000000                             
                                                       010101111                       0111110                     00000000000000000                            
                                                        011100                             011                        000000000000                              
                                                          11 0                                                           000000000 0                            
                                                            1                                                                  0000000                          
                                                                                                                                                                
                                                                                                                                                                
                                                                                                                                                                
                                                                                                                                                                
                                                                                                                                                                
