                                                                                                                                                                
                                                                                                                                                                
                                                                                                                                                                
                                                                                                                                                                
                                                                                                                                                                
                                                                            0                                                                                   
                                                                          0111                                                                                  
                                                                       0111100                                                                                  
                                                                     110110001100010                                                                            
                                                                   110000001100010000111                                                                        
                                                                 110000000000000001100000000001111                                                              
                                                               010 0000000 00000000000000000000000000011                                                        
                                                   000011100           000000000000000000  00000000000000011                                                    
                                           0011111111118111111            01111111111110           00000000001                     001111111111111111111100     
                                      001111111111111111181111              11111111111             000000                   0011111110011111111111000000011    
                                 0011111110011111111111111111100          001111111111110          0111111        00000001111100000000001111111111110000        
                             01111111111110000000111111110111111 0       111011810111011100       01111110        011111111100000000000011111111110000 0        
                          01111101111111111111111001111011111111110     01111111111111111111     01110111110     0111110111010000000001111111111111110          
                        01111011111111111111000111001111111011101110    01111810011000011111100001111110111100000111111101100000000001111111111110              
                      1111100110010 000011100111111000111011101110011011111111111110   001111111010011011001111110000101001000000000000011111111                
                    1 1111111110       01110011111110011111111110   11110111101110        01100110000000000000000000000000000000000011111111                    
                     011111111100000000011100111111100011111111110 01111111111111100     01111000000000000000000      0000000000000111111111                    
                      000001111111101111111001110010 01118111110111100111111111111111000011000000000000000000              00000000011111111                    
                     000001001111111111111001100110 011111  11111111111 1111111111111111100000000000000000 0000000          0000000000111111                    
                           000111110000110011111100011111   1   111111  111111111111000000000000011000000000000000            00000011111111                    
                                000111000000000001111100001111  111111111100000000000000000011110       0000000000             010000111111111                  
                                      0000000001  0100000000011110011000000000000000111111100                 0000               1100111111111                  
                                           00     01100000001111   1000000111111001110000                                         010111111111                  
                                             0000000100000111111  88 011110000000000000000                                         01111011101                  
                                             10000000 0011111111    1     00000 0000000111                                           111101110                  
                                             100000001 111111111             0000000011111                                            011100                    
                                              10       0111111                  0011111111                                              1111                    
                                                          1                         001111                                                0  1                  
                                                                                                                                            0                   
                                                                                                                                                                
                                                                                                                                                                
                                                                                                                                                                
                                                                                                                                                                
                                                                                                                                                                
                                                                                                                                                                
