                                                                                                                                                                
                                                                   000                                                                                          
                                                               0011110                                                                                          
                                                            010000000001                                                                                        
                                                          010000000010000000                                                                                    
                                                        010000000000000000000011                                                                                
                                                      010  0  000   0000000000000111 0                                                                          
                                          1 111110    00      00111000000000 000000011   0                                                                      
                                        1 1111111100              011111111000000  0000011 0                                                                    
                                      0 111111118111110            0111111111110       00011 1                                                                  
                                    01111111111111111110           011111100110           0001 1                                                                
                                 011111181111111111111110010      11111100110010            001110                                                              
                               011111111111111111111101101110     1111110001111100        0010001                                                               
                             0111011110000000010110110110110110   1011100100110010     00111111000 0                                                            
                           011111111100000000011000110110110001001001101010  01110000011111111110 0                                                             
                        0011101111111000000001001100010011010  0110010010     0000111111111110                                                                  
                       011111111111100001110000000000001011000 00000000000     0000001011111110                                                                 
                        111111111100111000000000111000 00000000000000000000   00000000000111110     0 11                                                        
                       0111111111111111000000000000000 00000000000000000000000000000000000001100001011111                                                       
                        11111110011000     00000000000 0010000000000000000000000000000000000001111111111110                                                     
                      01111111100000      00000000000000000000000000000111111110000000000000000011111111111110                                                  
                      111111111100000000000000000000000 0011111111110000                0   00  0111111111000111                                                
                     01111110000001000000000000000000000  0000100000                     000000   011111110000001110                                            
                       00000000000000000111100101   00011000000000  0 00000000 0         00011     0011100000000000011000                                       
                        0000000  00                      01100011 1  00000000000          111       0000000000000000000001111100000000                          
                                  0                         01111111  00000000               0      00000000011111110000000000000011                            
                                                               01111   0000000                     000001101111111111100000000                                  
                                                                 0       001                       10001111111111111100000                                      
                                                                  01                              011111111111                                                  
                                                                    10                            1111111111 1                                                  
                                                                                                 01111111111                                                    
                                                                                                 01111111111                                                    
                                                                                                 01111111111                                                    
                                                                                                 01111111111                                                    
                                                                                                  11111111 1                                                    
                                                                                                  11111100                                                      
                                                                                                    1101 0                                                      
                                                                                                     110                                                        
                                                                                                       1                                                        
                                                                                                      0                                                         
