                                                                                                                                                                
                                                                                                                                                                
                                                                                                                                                                
                                                                                                                                                                
                                                                                                                                                                
                                                                                                                                                                
                                                                            01                                                                                  
                                                                         00111                                                                                  
                                                                      011111001111                                                                              
                                                                    010000001110011000                                                                          
                                                                  1100000001000100001100011111                                                                  
                                                                0100000000000000000000000000000000111111                               000111111111111000       
                                                  0000001100  000      00000000000  0000000000000000000001                       00111111111111111111111   1    
                                          00111111111118111110          0001111000000000         0000000000001               0111100000111111111111111          
                                    00011111111111111111181111            0 111111111110            000000               00111000000000111111111111111          
                               001111111100001111111111111111000           0811111111110            111110        0111111110000000000011111111111111            
                            011110000111111000110111111110111111         01111111111111110         1111110        01111111100000000000111111111111              
                         01111011111111111111111100111111111111110      01111111101110111110     01110111100     1101100110000000000011111111111                
                      011110111111110000110000011100111111101100111     111111101110111101110   01110110111100 001011011001000000000000111111                   
                    01111110110       0011001111111 011111111111111100011111111111100 011111110101101100100011110000000000000000000001111111                    
                    01111111110      001111011111110 01111111110  011111011100111000    00110010000000000000000000000000000000 0000011111111                    
                     0010011111100000111110011111110001111111110  0111111111111110       01110010000000000000000         0000 00000001111111                    
                    0101010011111111111111011110110 01118111111111111111111111111111    011111000000000000000               0000000000111111                    
                         0001111111111111001111110 01111  11111111111111111111111111100111000000000000100000000000            0000000011111111                  
                             001110000110011111100111111  11  1111111  111111111111110100000000000111000 0000000                00000011111111                  
                                  01111000000001111110001111  1111111111111000011110000000000111100    00000000000                010001111111                  
                                       000001 180110000 001111111111111110000000000000001111110                00                   011111111111                
                                          0     101000000001111000100000001001110111111110                                           01111111111                
                                            000000 00000111111   10111111100000000000000                                               0111011                  
                                            100000110111111111   100000000000  00000000011                                              011111                  
                                            1000000 1111111111              000000000111 1                                                0 11                  
                                             0      1 111111                   011111111 1                                                  11                  
                                                      1  1                        011111 1                                                                      
                                                        0 1                             00                                                                      
                                                                                                                                                                
                                                                                                                                                                
                                                                                                                                                                
                                                                                                                                                                
                                                                                                                                                                
                                                                                                                                                                
