                                                                                                                                                                
                                                                                                                                                                
                                                                                                                                                                
                                                                                                                                                                
                                                                            0                                                                                   
                                                                       00111                                                                                    
                                                                   001111100                                                                                    
                                                                0100010000111000                                                                                
                                                             01100000000000001111111                                                                            
                                                           0100 00000000000000000000000111                                                                      
                                             00011111100           000000000000000000000011111                                                                  
                                      00111111111118111111          000111110000000000000000000111 1                                                            
                                 0011111111111111811181110            0 1111111111100      00000000011                                                          
                            00111111100001111111111111111100          0111111111111             00000011 1                                                      
                         01111101111111000111011111111111111 0      0111118111111111            0000000001                                                      
                      01111001111111111111111100111011101111110     111111110111101110         01110000 0000                            0000000111000000        
                    01111111111111111110000011100111111111111110   01111810011111110111      001111111                         000111111111000000000            
                  111110011000   0001110011111110011111110110001111111111111110000111110  000111011110        0000      0011111110000000000000000000            
                0 1111111110       01111011111111 0111111111   011111111011100    0111111111110111111110    00011111111110000000000000001110000000              
                 01111111111000000011111011111110 011111111110011111111111110       01101101101111111110   0011111111111110000000000111111111000                
                  111000011111111111111001111011 001181111111111111111111111110    01111111011111111011111111011111011011000000000001111111000                  
                    0000 1111111111111001111111 00111   11 1111111 111111111111100111111100100000000000000001111111101100000000000011111111000                  
                       0001111100001100111111000111001 1   1111111111111111111111111110000000000000000000001000000010010000000000000000000                      
                              0111110100000000111100 011111 1111111110000011110000000000000000001000000        00000000000000000000010                          
                                  0000010001  0010000000011111 1000000000000000000000001111111000000000            0000000000001111100                          
                                        0      0110000011111  88 000011011101111111  1100      000000000111          00000000000111111                          
                                               0011000111111    88011000000000000                000001111            0000000000011111 0                        
                                                 01 11111111     110000    00                      0111110             01000000011111000                        
                                                    0 1111 1      0 0 000000000111                     001              0100000111011110                        
                                                        0   11      0000010011111111                                      11010011100011                        
                                                                      000011111111                                         01111101110000                       
                                                                        0001111100                                           11100000010                        
                                                                              01 1                                             01110000                         
                                                                                                                                 0111100                        
                                                                                                                                    0011                        
                                                                                                                                         0                      
                                                                                                                                                                
                                                                                                                                                                
                                                                                                                                                                
                                                                                                                                                                
