                                                                                                                                                                
                                                                                                                                                                
                                                                                                                                                                
                                                                                                                                                                
                                                                                                                                                                
                                                                                                                                                                
                                                                                                                                                                
                                                                                                                                 00000                          
                                                                  0000011111 0                                                01111110                          
                                                              0000000111111111                                              01100000                            
                                           000000     00000000000000000000111111 0                                         010000000 0                          
                                0001111111111111111100000          00000000000011111                                      0100000000                            
                         001111111111111111111111111111100    00000000000000000000111111 0                               01000000000                            
                    00111111000000011111111111111111001110      00100000000000000000000011111000                        010000000000                            
                 0011111111111111111111111111111111100000000    0011001111111000000  0000000011111               0     110000000000                             
               011111111111111111111110011110111111111000000    0000111111111000000        0000000000                0110000000000                              
             0111011101000 0  0000011110011110111111110000000001001111111111000000        0   0       00000000      01000000000000                              
          0   011111000     0000011110110111110111101110000000000011111111001100000     00000000000000001100      00000000000000                                
              0011110000000001100111111100111101111111110000111111111111111111110000  000000000000000   000000001110000000000000                                
              00111101111111111011110111001110011110000110001111111111100011001100000000000000111000  00000000110000000000000000                                
                 00111111111111011100110001100111111000111001111111100000000000011011000000111111100000000000000000000000000000000                              
                   000011111111111011100111011111111111111111111111110000    000011001101100100110011000 000000000000000000000000000                            
                        00110011111110011001111111111111111111111111110000   000001100100000000000000000000000000000000000000000000000                          
                           000111000011001111111111111111111111111111110000000001111000000000000000000           000000000000000000000                          
                                00  1101100011111111111111111111111111111111111110000000000000000                     0000000000000000                          
                                  000100000001101111111111111110111111111100011000000000000000000000000                  000000000000000                        
                                       00000101110011111111111100000000000000000000010000000000000000                        000000000                          
                                           000001111111111111111000000100111111110000  00000000000000000                          000000                        
                                               0001111111  1111100001111111100000              000000000                               000                      
                                                      0000001101000000000000                                                                                    
                                    0                        000000000000001 0                                                                                  
                                                                000000111111                                                                                    
                                                                 11000111111                                                                                    
                                                                  01111111                                                                                      
                                                                     00011                                                                                      
                                                                                                                                                                
                                                                                                                                                                
                                                                                                                                                                
                                                                                                                                                                
                                                                                                                                                                
