                                                                                                                                                                
                                                                                                                                                                
                                                                                                                                                                
                                                                                                                                                                
                                                                                                                                                                
                                                                                                                                                                
                                                                       0000011                                                                                  
                                                                  0011111111                                                                                    
                                                              011000000001111111                                                                                
                                                           11100000000000011111111                                                         0                    
                                       000011111111110    00      000000000000011111                                                    1                       
                                 00011111111111111111111          00000000000000000111 1                                              0100                      
                           00111111100111111111111111111            00111100000 0000000111 1                                        010000                      
                       01111111100000000000111111111111100            1111111110000  000000111 0                                  010000                        
                    011110011111111111111110011111111111111       0001111111111110       000001111 0                            11000000                        
                  111111111111111111111111110011101110111110     0111111111111110            0000011 1                       01100000000                        
               11111101110010 0000111001111110011111111100110    11111111000110011            0000000111                   1110000000000                        
             011111111110       001110111111110011111101100110001111110001111111111         00000000000011              0110000000000000                        
             0111111111110   000011110111111110 111111111   111111111111111000100110       001111110                 0111000000000000000                        
                010011111111001111111011111110  0111111010 0111111110111000   0111100   01111011110         01110111110000000000000000                          
              110000 0111111111111110011111110 01111111111111111111111110      011011110111011111100        011111111000 0000000000000                          
                 000011111111111111011111111 00111  1111111001111111111110      011011011001111011111     111111011100000 0000000000                            
                      001111001111111111110 001001  1  111111  111111111111   0111111110111110110111110001111111100000000 0000000000                            
                          0011111111111000011100001111111111111111111111111111111111111100000000001101111111111110000000 00000000000                            
                              0000000000010011000000011111    1111111111111111111100000000000000000000000000000000000000 0000000000000                          
                                   00      100110000111111      000001110000000010000000000000000000000000000000000000   000000000000000                        
                                        0001  011100111111    111001100000000000001001101000000000                 000  0000000000000000                        
                                          0000000111111111    11 000001111111111111111000000000  000000              000000000000000000000                      
                                           000000000111       11 00000000                 000000000111                  000000000000000000                      
                                             00100       001  11    0000                    0111111111                    0000000000000000                      
                                                               000 000001111                  01111110                        000000000000                      
                                                               0000000001111                     001                              00000000 0                    
                                                                 00000001111                                                             0000                   
                                                                   0100001                                                                                      
                                                                     111 0                                                                                      
                                                                       1 1                                                                                      
                                                                                                                                                                
                                                                                                                                                                
                                                                                                                                                                
                                                                                                                                                                
