                                                                                                                                                                
                                                                                                                                                                
                                                                                                                                                                
                                                                                                                                                                
                                                                                                                                                                
                                                                                                                                                                
                                                                                                                                      0001                      
                                                                                                                                  011111                        
                                                                        000000                                                 011111111                        
                                                                 0001111111111                                               01110011111                        
                                                            00111000000011111111                                           01100001111                          
                                      0000111111111110    0000 0000000000001111111                                        110000110000                          
                              00111111111111111111111110          000000000000011111                                    01000001000111                          
                        00111111111000111111111111111111          000100000000000000011111                              10000000111000                          
                    011111100001111000001011111111111110            011111000000000000000011111111                   011000000010000                            
                 00111111111111111111111110111111111110111          0 111111111110      00000000011111              1100000000000000                            
              01111100111110000111110001110001111111111111       0111111111101110            00000000111          111000000000000000                            
              1011111110       01110011111100111111011101010    011101111101111110            000000           0111000000000000000                              
             01110111110    0 001110011111110011101101111110    1111111110011100110          0110000      001111111000  0000000000                              
              011001111110000011111011111111001111111110 011111111111100011111111110       00111111         11111010000 0000000000                              
                0010011111111111110011111110 01111111110  01111011111111110000110111     011110111000     0110110000000 000000000000                            
                 00011111111111110011111110 011111111111001111111110011100    011111100001110110011110   01111000000000 00000000000000                          
                      01110011110011111110011111  1111111100111111111111        011001101100110010011010010000000000000  000000000000000                        
                          111111111111000111101   1  1111111 1111111111111     001110110001000000000000000000000000000   00000000000000000                      
                            000000000011110000 0111  1111111 11111111111111000111111100000000000000000000000         000000000000000000000                      
                                00  111 0010000000111 111111111111111111111111111000000000000000000000                   00000000000000000                      
                                    0    00100000001111000011100000011110000000001000000000001100000                         0000000000000                      
                                        0 001100011111  10000000000000000000000000000001111000000 00000000                         00000000000                  
                                             011111111    0110111111100111111111111111000  0000000000000                                                        
                                                111111   100000000000001111100000              000000000                                                        
                                                  1  1         0     000000000                    00000000                                                      
                                                    11          100000000111                                                                                    
                                                        1       010001111111                                                                                    
                                                                  1111111111                                                                                    
                                                                   0111111                                                                                      
                                                                     011 1                                                                                      
                                                                         0                                                                                      
                                                                                                                                                                
                                                                                                                                                                
                                                                                                                                                                
