                                                                                                                                                                
                                                                                                                                                                
                                                                                                                                                                
                                                                                                                                                                
                                                                                                                                                                
                                                                                                                                                                
                                                                                                                                    001111                      
                                                                               0                                               011111111                        
                                                                       0001111                                              0111111111                          
                                                                  00011111111111                                          111111111111                          
                                                              0111000000001111111111                                   011101111111111                          
                                        0000011111111110    0000 000000000000000111111                                1100101111111111                          
                               000011111111111111111111110          000000000000000000011111                        0100000111111111                            
                          01111111111000111111111111111111          000010000000  000000000001111111                1000000011111011                            
                     0011111100001111000001011111111111110              111111100000     000000000000111         0110000000100111111                            
                   01111111111111111111111110011111111111111           1111111111110          0000000000       0110000000000111000                              
                011111001101100001111101111110011101111111111       011111111101111             00000      0011111000 0000000000                                
              0 1011111110       01110001111100011111101111111     011101111001111110          010000       0111100000 000000000                                
               11111111110    0 00111001111111 0111011111111110    11111111110111001100       0111110       0101000000 00000000000                              
               11100011111100000111110111111110 111111111100011111111111100011011110011     011100111000   01000000000 0000000000001                            
                 0001 111111111111110011111110 01111111111   011110111111111110  0111110000001101100111000000000000000  00000000000001                          
                    0011111111111110011111110 0011111111010001111111111011100     00110111101000100000000000000000000   000000000000000                         
                       00111111111001111111000111111111111111101111111111110        0110010000000000000000000000   000000000000000000000                        
                          001111110111110001111111  111 1111111111111111111111    011110000000000000000000             00000000000000000                        
                              00110000001 111100001 1   111111  111111111111111000110000000000000000000                   0000000000000000                      
                                  01  11111001000000111 1111111111111111111111011100000000000000110000 000                    000000000000                      
                                      1     00110000001111011101110000001110000000000000000111100000000000                         0000000                      
                                          0   111100011111110000000000000000000000000011111100000000000000                                00                    
                                              000011111111   10100111111001111111  111100         00000000                                                      
                                                0000111111    1011000000001110000                                                                               
                                                   1    01    10  00    00000000                                                                                
                                                                   0000000001111                                                                                
                                                                     11001111111                                                                                
                                                                      0111111111                                                                                
                                                                         0111111                                                                                
                                                                            001                                                                                 
                                                                                                                                                                
                                                                                                                                                                
                                                                                                                                                                
                                                                                                                                                                
