                                                                0                                                                                               
                                                             011                                                                                                
                                                           0100000                                                                                              
                                                          1001000110000111                                                                                      
                                                        1100000010000100001111                                                                                  
                                                        0000000000000000000000000111 1                                                                          
                                    1                010000 00   0   000  00000000000111 1                                                                      
                                  1  1            00010     000000000000000000     000000111 0                                                                  
                                  111111 1  1111000000      000001111111111110         0000011 1                                                                
                                  11111101111111                  11111111110             000011 1                                                              
                                0111101111111111111100            111111011110            00000011 0                                                            
                                  00011111111111111110           011111001100110        00111000001                                                             
                                 1111111111111111011111001       1111110001110010     00111111110  0 0                                                          
                                01111111111111111111011101100    01111001100011110 0001110111100                                                                
                              01100111111111111110011110010010   011110100   000001001101101110                                                                 
                            011001110000000000000011001001000010010010000      00000000000001110      011                                                       
                           1100111110000000001100000010010010  00000000000    000000000000000110   00011111                                                     
                        0011011111100000000000000000000000100  0000000000000 00000000000000000001011111111110                                                   
                       111101111100000001000000000000 0000000000 0000000000000000000000000000000000111111111110                                                 
                       011111111000001100000000000000  000000000000000000000011111000  00000000000001111111100110                                               
                       0111111000011111000000000000000 0000000000000000111000            00000000  000111111000011                                              
                       111111111101111     0000 000000000000110000000000                   0000000   0001011000001 1                                            
                      01111110100000       0000 00000 0  000000111  100   000000            000000    00010000001001 0                                          
                      11111111100000   0000000000000000    00011111111 100000000              01       000000001111111                                          
                    0011111000000000000000000000001100 0110000111111     1000000                       00010101111111011                                        
                       00000000000000000001100000        0011111111111   1100000                      000111111111111110111                                     
                       00000000000000000                     00111111   11  0000                      001111111111111111000110                                  
                          0        0                                   0       0                      11111111 11111111110000011 0                              
                                                                                                     1111111 0                                                  
                                                                                                    011111                                                      
                                                                                                    111111                                                      
                                                                                                   01111111                                                     
                                                                                                    1111                                                        
                                                                                                  01111                                                         
                                                                                                  1111                                                          
                                                                                                   1                                                            
                                                                                                   1                                                            
                                                                                                  1 1                                                           
                                                                                                  1                                                             
                                                                                                   1                                                            
