                                                                                                                                                                
                                                                                                                                                                
                                                                                                                                                                
                                                                                                                                                                
                                                                                                                                                                
                                                                                                                                                                
                                                                                                                                      000011                    
                                                                                                                                  011111 1                      
                                                                        000011                                                0111111111                        
                                                                  001111111111                                              011111111111                        
                                                             0011000000011111111                                          11111111111111                        
                                         0000000000000     0100000000000000111111111                                    1100111111111111                        
                                000011111111111111111110          00000000000001111111 1                              0 10000111111111                          
                         0011111111110111111111111111111          00000000000000000000111111 1                        1000000011110000                          
                     00111111000000000001111111111111110            00111100000000000000000000011111               1100000000110011110                          
                  0111111111111111111111110111111111111110           1111111111110        0000000000011          0110000000000011100                            
               1111100111111111111111111110011110111111111        000111111101110            00000000          0110000000000000000                              
             01111111110     0 01110000011100111111001111110     01111111111111110            00000       001111111000 00000000000                              
             01101111110       0111001111111 011111111101110    01111111110011001100         0111110        11110100000 0000000000                              
              1110011111100000011110011111110 111111101100111000111111000111111111110     0001111100      0110110000000 000000000000                            
                0010011111111111111011111110 01111111110  011111111111111110000101110    0011111111111    0111000000000 00000000000000                          
                 00011111111111111001111110 0011111111110001111111110011000    0111111001111001101011100001000000000000  000000000000000                        
                      01111111110010111110 011111111111111111111111111111        0110011011001100100000000000000000000   00000000000000000                      
                        00111100111111100011111   1111111111111111111111110     00111011000000000000000000000         00000000000000000000                      
                            01110000001111110001 11  1111111  111111111111100 01111111000000000000000000                  0000000000000000 0                    
                                011  11 011000 01111  11111111111111111111111111100000000000000001000                         0000000000000                     
                                        10100000000011111111111000001111100000000010000000000000000 000000                         000000000                    
                                        010 000000111100100000000000000000000000000010011111000   00000000                               00000                  
                                             100111111 101000001111110000111011111111100      000000000000                                                      
                                             111111111 110111110000000011111100000                 0000000                                                      
                                              1 111111         00    00000000000                                                                                
                                                1  1             0000000000111                                                                                  
                                                  01              110001111111                                                                                  
                                                                   01111111111                                                                                  
                                                                     0111111                                                                                    
                                                                        0011                                                                                    
                                                                                                                                                                
                                                                                                                                                                
                                                                                                                                                                
                                                                                                                                                                
