                                                                                                                                                                
                                                                                                                                                                
                                                                                                                                                                
                                                                                                                                                                
                                                            0000000000                                                                                          
                000111111111111111111111111100       00111011111111111                                                                                          
           0111111110000000000111111111111111100  000000000000000111111                                                                                         
      0111110111111111111110000011111111111111 0         000000000011111                                                                                        
    0 1111110110110001111111111100111111111111           00000000000001111                                                                                      
     1101111110      011110000111011111111111100          00110000000000001111                                                                                  
    00100111110      011100111111 01111111111111          0 111111000 0000001111 1                                                                              
    00001011111100001111101111111001111111111110       00011111111111100  000000011111                                                                          
       00111111111111111011111111001110111111111     0111111111111111000       00000011111                                  0000000000                          
          01111111111100111111110 011111111100110  0011111111000111110            0000000001                        001111111111111111     0                    
            0111011110001111110  01111111110  011111111111111101110011            00000000111                  0111111111111111111111       1                   
                1111111111110000111111111110001111101111111111011111111         00110000                   0111100000111111111111111                            
                  0100000000011111   1111111111111111100111110  0110111      00011111110               001110000000000111111111111                              
                    01101 111110001 11  1111111111111111110      0111110000001111011110         1111111110000000000011111111111111                              
                       1110100000 011   111111  111111111110      01101111111100110111100     0011111111000000000000111111111111                                
                        0 01000000001111111111111111111111110   0011110110011011111011110    011111001100000 00000001111111111                                  
                           1100001111111   1111111111111111110001111111111011011001101111111110111111000000000000000000000                                      
                            10101111111     000000000111111111111111111001000000000000000000000000000000000 000000000000                                        
                             111111111      000010000000000000000010000000000000000000000000100000000000000 000001111111                                        
                             11111111  111 11111101110000110000000000000000000010000000            00000   000000011111111                                      
                              0             0000000000011111111111111111111100000000 000000            0000000000000111111                                      
                                                0 00000000000000000          000  00000000               0000000000001111111                                    
                                                 100000001111110               00000000000                  0000000001111111                                    
                                                  1000111111  11                  00011111                    00000001110011                                    
                                                   11111111111                                                  0000000111001                                   
                                                     01111                                                        0011000111                                    
                                                        01                                                           0111001 1                                  
                                                                                                                       01110                                    
                                                                                                                         01  1                                  
                                                                                                                                                                
                                                                                                                                                                
                                                                                                                                                                
                                                                                                                                                                
                                                                                                                                                                
                                                                                                                                                                
                                                                                                                                                                
