                                                                                                                                                                
                                                                                                                                                                
                                                          00011111                                                                                              
                                                      00000111100000                                                                                            
                                                   0110000000000111111                                                                                          
                                          00    0000   00000000000011111                                                                                        
                                  001111111100           00000 000000011111                                                                                     
                              011111111111111111 0        001111000000000011                                                                                    
                          00111111111111111111110            1111111100000000111 0                                                                              
                       01111001111111111111111111000         1111111111110   00111                                                                              
                    01111111110000000011110010111111      0111111110111000     0011                                                                             
                00111101111110000000011000110110011100    11101110011110          0011                                                                          
               111101111110000111111111100010110010011    111111110110110           0111                                                                        
              011111111111111010000000001100110110110110011111100111111110          0001 1                                                                      
             111111111111111000000100011111001111110  0111011011110 010110       011100011                                                                      
            1111111100110000   0001001111110 01111000 01111110110    0111000 0111111111000                                                                      
           01111111100000       001100000000 01111101100111111110     011111111111111110                                                                        
         011111111111100000 0000000100000000 011111000001101110110   0110111111111110                                                                           
           01111000001111100000000000000000 000000000000100000000000011111111111111110       0                                    00 0                          
             00000000000000000000000000000 000000000000000000000000000000011011111111     0 1 11                             00011 0                            
                   000111110000000000000 00  0010010000000000000000000000000000011111100011111111100                 00001111110 0                              
                           0000000011   011  01111111100010011001101100000000000000111111111111111111111111111100100000000000000                                
                              000000000000 0 001111111000000000000000000000000000000011111111111111100000000000000000000000000                                  
                              1            1         00000                    000000  00111111110111100000000000000000000000                                    
                                          0 000      00000   000              0000000    011111101000000000000000000000000                                      
                                           10000     000000000000000          111111       01111110000000000000000000000                                        
                                           10001      00000000000000           111 1        000000000000000000000000                                            
                                           100            10100100             1 1          00000000001000000000                                                
                                          1                 1110                 1          000000000000100000                                                  
                                         1 0                 1                               10000000010000000                                                  
                                                                                             00000000000000000                                                  
                                                                                              1000000000000000                                                  
                                                                                              0100000000000000                                                  
                                                                                               010000000000000                                                  
                                                                                                01000000000000                                                  
                                                                                                  010000000000                                                  
                                                                                                    0100000000                                                  
                                                                                                      000000                                                    
                                                                                                         00000                                                  
                                                                                                             0                                                  
