                                                                                                                                                                
                                                                                                                                                                
                                                                                                                                                                
                                                                                                                                                                
                                                                         0                                                                                      
                                                                     001                                                                                        
                                                                  01111000                                                                                      
                                                                11001100111000                                                                                  
                                                             011000000111001110001                                                                              
                                                            110000000000000000110000011111                                                                      
                                                          010  0  0000 000 000000000000000011111 1                                                              
                                                 0001000           000100000000000000000000000000111                                         000000110          
                                          0011111111111111             0111111111100       0000000000011                              000111000000 0            
                                      01111111111111111111 0            11111111110            0000000001                       001111100000000000              
                                  0111111111111111111111110000        00111111011111           0000000                     001111100000000000000                
                              011111000000001111111111101111111      011101110011001100       01111110                00111100000000000000000000                
                           01111111111000000111001111111111111100     111111111011110110    001101110         11111111110000000000000000000000                  
                        111110001101011111111111000110111011100110   01111100011000111110 0001111111110     001111111110000000000000111100000                   
                        11111111111111011100000111000111011101100111111111111111   011111110110011111110   011111101100000000000001111111100                    
                     111011111111100000011001111111000111111110   0111011101110       1100101101001101111111111101100100000000000000000001                      
                   011111101110       00111011111111001111111000 011111111111110     0111000000000000000000000001000000000000000001100                          
                  1111111111110    00000111001111111 01111111100111011111111111110  01100000000000000000000000000000000000000011110000                          
                 11011110111111100000111111001110010 01111111111110111111111111111111100000000000000000          000000000000001111111                          
                  011110000011111111111111000110111 01111  11 1111111 11111111111000000100000000000000               00000000000111111                          
                     000000 0111111111111100011111 0110011111 11111111110000001100000000011111000  000000000          000000000000111110                        
                          00111110000000000011100 11100 01111111011000000000000001001111110     00000000000            010000000111111000                       
                               000111111010000001010000 0111111001100000111111111111100             001111               10000011100011100                      
                                       000001    01100000000101111111111100000000                       000               0100000111000000                      
                                       10000000000010000000111111111010000        0000                                      11101000110000                      
                                      0100000000000 0000001111      0    0000000001111                                        011100000100                      
                                      000000000    0 0101111111      00000001000011111                                          01111000                        
                                        10          0 11111111        0000000111111111                                             0111100                      
                                                      111111            00     0011111                                                 001                      
                                                           1                       001                                                                          
                                                                                                                                                                
                                                                                                                                                                
                                                                                                                                                                
                                                                                                                                                                
                                                                                                                                                                
                                                                                                                                                                
