                                                                                                                                                                
                                                                                                                                                                
                                                                                                                                                                
                                                                                                                                                                
                                                                  01 0                                                                                          
                                                                  1100100010   1  11                                                                            
                                                               11110010010001000000000000000001111                                                              
                                                              1000000000000000000000000000000000000011                                                          
                                                            01000000 00 000 00  0           000000000000                                                        
                                    1                      11000 0   0 0000000000             0000000                                                           
                                                       00010     0000000000110110            01111110                                                           
                                    111 1111       011000000      0000011111101110           1111110        00100                                               
                                    111111111001111110                 11111100111100      0010011000        011111111000000                                    
                                    10110000111111111111100            0111110010001110   001001000011    0111111111111000111111100                             
                                    11000111111111111111110           01101110000110000000000000000000000000000000010000000000000111110                         
                                     111111111111111110111100000      01111000100  0000000000000000000000000000000000000000000000000011110                      
                                   000111111111111111101101100110      001110000      0000000000000000000000000000000000  000000011111111110                    
                                 0110001111111111110110110010001000    10110000      00000000000000 000000       000000  0000001111111111111 0                  
                               11101111100000000000010000011001000100010000000000    000001000000000000000         00    00000011111111111111                   
                           011110011111000000000010000010011000010  0000000000000000000110          000000           0  000111111111111111111110                
                          0111001111000000000011100100000100000000   0000000000000001100                             00000001111111111111111  1                 
                          11001111000000001000000000010000010010000000000000000010100                                 0000001111111 1111 1  1  1                
                         0101110000011111000000000010000  0000000000000000000011000000                                 000011111 1  1                           
                        110111111011111000 00000001100000 0000000000000000000000  000000                                00011111 0             1                
                       1111110100000        000000000000  0000000000000011100   00000000                                00111111 0                              
                       1111111100000     0  00000 000000 0000011111111100    00000000000                                01111111                                
                      1111000000000000000 000000 000000 0    000000111 0         000000000                               11111 1                                
                        1111000000000000000000000000000000  0000011111                                                    1111                                  
                             00 0 0000000000100000000    010000011111111                                                 11111                                  
                                 0                        01100001111111                                                 11  1                                  
                                                            011111111111                                                1 1                                     
                                                              0111111111                                                11                                      
                                                                  0011                                                 1                                        
                                                                                                                                                                
                                                                                                                                                                
                                                                                                                                                                
                                                                                                                                                                
                                                                                                                                                                
                                                                                                                                                                
                                                                                                                                                                
