                                                                                                                                                                
                                                                                                                                                                
                                                                                                                                                                
                                                                                                                                                                
                                                                     00                                                                                         
                                                                 00111                                                                                          
                                                              01111100                                                                                          
                                                            11001100011100                                                                                      
                                                         0110000000110001110001                                                                                 
                                                       0110000000000000000011000001111                                                                          
                                                      000      00000000 000000000000001111 1                                                                    
                                        001111111110           000111000000000000000000000001111                                                                
                                  001111111111111111 1            01111111111110       0000000000111                                                            
                              001111111111111111111110              11111111111            00000000011                                                          
                         00111111000111111111111111111111        011111111111110            00000000011                                     0000000000          
                      011111001110000001100111111111111110      011101110001101110         01110000                              0000111111110000000            
                   01111000111111111111111000111011001110110    0111111111111111110      001111111                        001111111111000000000000              
                 0111111111111111111000001100011111111111111000011111100111000100110    0111001110        001000 0000111111000000000111110000000                
               011100111111000000111001111111001111111011  0111111111111110   0111111000111111111110     0011111111110000000000000001111000000                  
             011111100110       00110011111111 0111111110   0111111111111       011011111001101111110   01111111111111000000000011111111111100                  
            0 10111111110    0 001111011111111 0111111110000111111111111110     011101101101101101111111111111101101100000000000011111100000                    
            0001110111111100000111111011111010 01111111101110011111111111111   01111111110000000000000101111111101100000000000011111111111                      
              0110000011111111111111001110111 0111   1111111111 1111111111111111110110000000000000000001000010010010010000000000000000                          
                0000100111111111111001011111 01111  11  111111  111111111111111000100000000000000000      00000000000000000000001100                            
                     0011110000001000111100011100 011111 1111111110000011100000000000001111000000              0000000000001111100                              
                          00111111100000000010000 0011111111100000000000000010011101111100000   00000111         00000000001111111                              
                                 00000     01100000000000001100000111111011111111100         00000011111          000000000001111111                            
                                    00000111010000001111 1111111111000000000                   0111111             10000000111111111                            
                                    000000000 1000011111  11 00000000        000                  0011              1101001111111100                            
                                  010000000000 11111111111      0   000000001111                                     01010011110011100                          
                                  00000000      11111111         000001101111111                                      0100110111000000                          
                                                1 1111            00000011111111                                        11111000110000                          
                                                  0                 00  00111110                                         0111100001100                          
                                                                             01                                             01110000                            
                                                                                                                              011110                            
                                                                                                                                  001                           
                                                                                                                                                                
                                                                                                                                                                
                                                                                                                                                                
                                                                                                                                                                
