                                                                                                                                                                
                                                                                                                                                                
                                                                                                                                                                
                                                                                                                                                                
                                                                                                                                                                
                                                                                                                                                                
                                                                    000111                                                                                      
                                                                001111110000                                                                                    
                                                            01100000000011111111                                                                                
                                                          010000000000000000111111                                                                              
                                        00011111111100   0       00000 0000000011111                                                        0                   
                                  0011111111111111111110          0000000000000000000011 1                                                11 0                  
                            0011111111111111111111111110            011111010000000000001111                                           01100                    
                        0111111100000000101111111111111000          0 111111111110     0000011 1                                     0110000                    
                     0111100001111111111111011111111111111        0111111111111100        00000111 1                              0110000000                    
                  011110111111111111111111110011101110111110     0111111111111110            000000111                         0110000000000                    
                011100111111000000111000011110011111111100110    11111111001100111            0000000111                    01110000000000                      
              111111101100      0011100111111100111111011001100011111100011111111110        01110000000001               01110000000000000                      
            01110111111100    0 001110011111110 111111111   111111111111111000111110     00011111110                 011100000000000000000                      
               0110011111100000011111011111111  0111111010 011111111011100    011111000001111011110         0110011111000000000000000000                        
              00000000111111111111110011111110 01111111111111011111111110       01111111110011011110      001111111110000000000000000000                        
              0000000011111111111110011111110 0111  1111111001111111111111     0111011011011111111110    01111110110000000000000000000                          
                    00111110011111101111110  01101  1   111111 1111111111110 0111111111111111111011111001111111110100000000000000000                            
                         00111101011111100 01110001111111111111111111111111111111111101100000000000000100111111110010000 00000000000                            
                              0011000000010011000000001111   1111001111111111111110000000000000000000000000000000000000 000000000000                            
                                   00      000100000111111     100000111000000000000000000000010000000 0000000000000000 00000000000000                          
                                        0011 00 1100111111    111001100000100110001111111100000000                000  00000000000000000                        
                                        00 000000111111111    11 000001111111111110000   00   00000000 0            0000000000000000000000                      
                                         000000000011111 1  1111 0 0 00                    00000011111                00000000000000000000                      
                                           00000       001  1111   00000                     111111111                  000000000000000000                      
                                             000              01000000001111                   01111                       000000000000000                      
                                                               00 0000001111                      00                          000000000000                      
                                                                 00000000110                                                       000000000                    
                                                                   0011100                                                                 000                  
                                                                      0111                                                                                      
                                                                        01                                                                                      
                                                                                                                                                                
                                                                                                                                                                
                                                                                                                                                                
                                                                                                                                                                
