                                                                                                                                                                
                                                                                                                                                                
                                                                                                                                                                
                                                                                                                                                                
                                                                                                                                                                
                                                                    0111                                                                                        
                                                                 0111110                                                                                        
                                                               0111110011100                                                                                    
                                                             0100110011100011000                                                                                
                                                           01000000010000100011100011111                                                                        
                                                          11000000000 00000000000000000000111111                                                                
                                                        000      00000000000  000 000000000000001111                                                            
                                           00111111110            00111111011000000       000000000011 1                                                        
                                     0011111111111111111            0 111111111110            0000000011                                                        
                                 00111111111111111111111             0111111111110            0000000                          000011111111111100000000000      
                            01111110000111111111111111110010       01111111111111110         01111110                  00111111111111110000000000000000         
                         01111101000000000001111011111111111       1111111100011101110     001111110        0011111111110000000000000000000000000000            
                      0111100011011111111111001111011101111110     11111110111111100110    01111111110     000111111111000000000000011110000000000 0            
                    11110111111111111110001110001111111111011100 00111111001110  0111111000111011011111   01111110011011000000000011111111110000                
                 0111000111110000001110011111100011101110110001111101110011100    000100110110110110111111111111111011000000000011111111100000                  
                11111101110       00110011111110 01111111110  011111111111110       01100100000000000000000000011011010000000000001111111111                    
                11111111110    0 001110011111110 011111111010011111111111111110    01111100000000000000000000000000000000000000001110001                        
                0110011111110000011111001111010 0011111111011110011111111111111100111000000000000000000           00000000000111111111                          
                000000001111111111111100110011 0011111 11111111111 1111111111111110000000000000000000   00           00000000011111111                          
                00000000111111111111100011111 001111   1   11111111111111011110000000000001110000   00000000          0000000001111111                          
                       00011110000000001111000111100011111111011111110000000000000011111110      00000000000           000000011111111                          
                             000111110000000 111000000001111111100000000001000111111100             001111              0100001111111111                        
                                     0011     01000000111111     0000111100000000                        000             010101111111110                        
                                         0000110110000111111      011000000000    00                                      01011111100111                        
                                         10000000 1011111111 1   10 000000 000000111                                        111110111000                        
                                         0100000001 11111111 1       000000000011111                                         01111001110                        
                                           000       01111 1            000111111111                                           1111000 1                        
                                                        0011                00111111                                             0111000                        
                                                                                 001                                               011 1                        
                                                                                                                                      0                         
                                                                                                                                                                
                                                                                                                                                                
                                                                                                                                                                
                                                                                                                                                                
                                                                                                                                                                
