                                                                                                                                                                
                                                                                                                                                                
                                                                                                                                                                
                                                                                                                                                                
                                                                                                                                                                
                                                                                                                                                                
                                                                       001                                                                                      
                                                                    01111100                                                                                    
                                                                 011111100111001                                                                                
                                                               11000000011000110011                                                  0000111111000              
                                                            011000000000000000011000001111                                     0111111111111111                 
                                                          0000  0  000  000 0000000000000000001111                         0111111111111111111                  
                                         00011111111111100          00000000000000 0000000000000000011                 01111000111111111111111                  
                                    0011111111111111111111            00111111100000         00000000000            011100000000111111111111 1                  
                              0011111111111111111111111111              11111111110            00000             001100000000001111111111111                    
                          011111111000000000011111111111110010        00111111111110           010000     0 011111110000000000111111111111                      
                       111110000111111111111100111111111111111       01111111001100110        0111110       0111111100000000000111111111                        
                    01111011111111111111111111000110011101111110     1111111100111101110     0110011100    0111100100000 0000000000001                          
                  01111001111110000001100000011 01111111111101110   011111100010001100110  0011111011110  01001010000000000000001011                            
                011111101110       0111001111111 0111101100110011111111111111110   0110011110100100100000000000000000000000001111111                            
               1110111111110    0 001110011111110 01111111110   011110111011100      0110010000000000000000000000000000 000000111111                            
                111100111111000000111110011111110 011111111010 0111111111111110       1110000000000000000000     00000  00000000111111                          
                  000000011111111111111011110010 00111111110011100111111111111110   01100000000000000000              000000000011111101                        
                    000011111111111111001111110 0111111 11111110011111111111111110001100000000000100000000              0000000011111111                        
                       0001111000011100111111001111111  11  111111  1111111111110000000100000011000  00000                0000000111001111                      
                            001111100000000001111000001111 11111111111000000011000000000010111000000000000                  00000111110011                      
                                 0000000001   001000 011111110110000000000000000000011111100       000000000                  011110011110                      
                                      0        00100 00111010011000000100111001111111100                                        011110011                       
                                         000001110110 0001111111111111100000011000                                                 11110                        
                                          0000000   110000001111111100000   0000   0                                                 011 1                      
                                        01000000      1100          000000000000000011                                                 01                       
                                        11              11 0         000001000011111 1                                                                          
                                                                        000111111111                                                                            
                                                           1                  001111                                                                            
                                                            1                      000                                                                          
                                                                                                                                                                
                                                                                                                                                                
                                                                                                                                                                
                                                                                                                                                                
                                                                                                                                                                
