                                                                                                                                                                
                                                                                                                                                                
                                                                                                                                                                
                                                                                                                                                                
                                                                                                                                                                
                                                                        0                                                                                       
                                                                      111111                                                                                    
                                                                   0111011101101111111111111111111                                                              
                                                                 011101100100010000000000000000000000011                                                        
                                                               0100000000000000000000000 00 0000000000                       000000000                          
                                                             010000000 00  00 00000           0000000       0000000000111111111111111111111100                  
                                           1     1         011     0000000000000000           0111110         111111111000000000000001111111111110              
                                             1 1 111100000000     00000011100110110           0111110       00111000100000 00000000011111111111111110           
                                           1111111111110                0111111001100        0010010101    010000000000000  000000111111111111111111            
                                         0111111111111111100             111111011001100     1100000000000000000000000000   0000001111111111111111111           
                                       011111111111111111110            01111100010100010  000000000000000000000000000000   00000000111111111111111     11      
                                  001111111111111111110111110000       01100010000000000000000000000000000000       000     00001110001111111            1      
                               0111111101111111111011111101100111      011111000100  00000000000000000000000           00  00000111111 0                        
                           1111110111110000000000101100110110101100     1011101000      000000000000  000000             0000000011111                          
                         01110001111000000000001100001100110011000100000101100010      000000000000000000000               00000001111 0                        
                        011001110000000111111111110000001110000110001011000100000000  00000010                              00000011111                         
                       110011111111111000010000000100001100011000   000000000000000000000110                                 00000111111                        
                     111010000111110000000110001111110 00110111000000000000000000000000110                                     000111111                        
                    1111111100100       00110011111111 001111100000000000000000000101100                                        1011111                         
                   01110011110000    0  00111000000000  00110000000000000000000011000000                                         1111111                        
                    011110011111100000001111000000000  00000000000000000000000100000000000                                       0111 1                         
                       00000000000000000000000000000  000000000000100110111110    00000000                                        111  0                        
                           00 000000000000000000000 00000  01111111111 100    000000000000                                        0  1                          
                            0       0000000100000011010000000011000               0000000000                                       1                            
                                                     110000000111100                                                               1                            
                                                      100000011111                                                                                              
                                                      11000111111111                                                                                            
                                                        1011111111                                                                                              
                                                        0111111111                                                                                              
                                                          011111                                                                                                
                                                             01                                                                                                 
                                                                                                                                                                
                                                                                                                                                                
                                                                                                                                                                
                                                                                                                                                                
