                                                                                                                                                                
                                                                                                                                                                
                                                                                                                                                                
                                                                                                                                                                
                                                                                                                                       0000111111000            
                                                                                                                                 00111111111111111    1         
                                                                                                                             0111111111111111111                
                                                                                                                          01110000111111111111                  
                                                                           0011                                         1110000000111111111111                  
                                                                      00111111111111                                  1100000000001111111111                    
                                                                   01110001111111111111111111111111111              110000000000001111111100                    
                                                               01100000000000000000000011111110001100011 0       0111000  0000000000011111                      
                                                      000   00000      00  00 0000000000000000000000000     0011111100000  00000000000                          
                                          0011111111111110          000000000000000000           00000        011110000000  0000000000                          
                                   0001111111111111111111111            0011111110000            000000       010100000000 0000000000000                        
                             0011111111000111111111111111110              11111111111            011110      0100000000000  00000000000001                      
                          011111111111000000000111111111111100           011111111111110        0110011110   000000000000    000000000000001                    
                       01111000001001111000001001111011101101111       0111111100010001110     011010000000000000000     00000000000000000000                   
                     01111111111111101111111111000011011111111110      11111111010111100110  000000000000000000              00000000000000000                  
                   01111100110111000000110000011000110111001100011     11111100011000011101101000000000000000                    000000000000000                
                  11011111111       00111001111110001110011011101100001101111111110   000100000000000000000000                       000000000                  
                    1101111110    0 00111011111111 001111110010  0111110111001110       0110000000000000000000                           0000000                
                    010001111100000011111011111111  01111111000   11111111111111000    000000000000000  000000                              0111                
                       100111111111111110011100110 001111111100001100111111110111110  000000000011000000000000                                                  
                       0  00111001111110001101110 00111111111111100011111111000000000000000001110                                                               
                              00110000000011110 00111111 111 111001111100000000000000000001110                                                                  
                                  001110000000001110000011111100000000000000000000000011110                                                                     
                                       001111 1010000 001100011000000000000001100111100                                                                         
                                           00001100000001111111001100011111100000000000                                                                         
                                           100011000000000111   11 111100000    00000000                                                                        
                                          0 0   00000001110                000 000000000                                                                        
                                               1000001111111                 00000000000                                                                        
                                               11001011111                      0111111111                                                                      
                                                1011101101                           00000                                                                      
                                                1 111101                                                                                                        
                                                   10                                                                                                           
                                                  01                                                                                                            
                                                                                                                                                                
                                                                                                                                                                
                                                                                                                                                                
