                                                                                                                                                                
                                                                                                                                                                
                                                                                                                                                                
                                                                                                                                                                
                                                                                                                                                                
                                                                                                                                                                
                                                                  000                                                                                           
                                                              0000000111                                                                                        
                                                           00001000110000011                                                                                    
                                                        000000000000001000111111                                                                                
                                                     01000000 000000000000000000011111                                           000000011100000                
                                      000000011000000000     000 00000000000000000000001000000                             0000000000011111000                  
                               00111111111111111111000      00000000000000000000000000000010000000                     0000000000000111111 0                    
                         0011111111111111111111111100110        01110111111110         00000000000                  0000   000000011100000 0                    
                     0111111110000111111111111111100000000      011111111111000000       00000000                000      0000001110111010                      
                 011111001111111000110111111110111111100000   000111111111111000         00000000 00  0     000000         0011110000000                        
               1111100111101000011111101111110111111110000000011011111011100110000      0000000  000    11000000000      001110000000000                        
            0111001111111000000000111100111111101110111000 0011111111111111111110     000000001000    011110 000 0     001100000000111                          
           001111111000  0 000000111101001111100111111110  0111111111111000100111000000000000111110   00000000 00 00000000000000000000                          
          00 00011100   0000011101111111001111011111000110011111111111110   0011111100000111110111100000000001100001000000000000000                             
           000111111000000111110011101110001100111110 001111111111111000      0110011011011001000000000000000000000000000000011100                              
          000000011111111111111011101110001111111111111111111111111111000     0011101100000000000001000000000000000000000000001111                              
                 0000011111111001111110001101111111111111111111111111111100 001111100000000000000000             0000000000000001001                            
                   00000000110011111100011111111111111111111111111111111111111110000000000000000000000000          00000000000111100                            
                       00000000000000111110001111111111111  11111111111111010000100000000000000000000000              0000000000011110                          
                                  01 1111100001111111111111111110000111000000000000011000000000000000000                00000000100000                          
                                0   0 00000000011111011111111111000000000100111111100        000000000                    0000000010000                         
                                   0 00  000000000111111111111111011001111111100                                            01000000000                         
                                   0 00   0000111111111      11110000000000000                                                01100000                          
                                   0 00 0000011111         0 00000  0000000000                                                  011000                          
                                      0000000000                 0000000111111 0                                                  0110                          
                                      0000000000                   00111111111                                                      01 1                        
                                        0000                          00111111                                                        0                         
                                          00                               000                                                                                  
                                                                                                                                                                
                                                                                                                                                                
                                                                                                                                                                
                                                                                                                                                                
                                                                                                                                                                
                                                                                                                                                                
