                                                               001                                                                                              
                                                            0011                                                                                                
                                                          01111000                                                                                              
                                                        0100000001100000                                                                                        
                                                       100000001000000000001                                                                                    
                                                     110000 0000000000000000000111 0                                                                            
                                      1             11  0  00   00  0000  0000000111 1                                                                          
                                            100001100     0001111110000000000 0000000111 0                                                                      
                                  11111111111110              000111111111110       000011 1                                                                    
                                  100111111111111110             11111111110            0001 1                                                                  
                                  0111111111111111110           0111111011100            00001 1                                                                
                                 11111111111111011111000       011011100110110          00000001                                                                
                               111111111111110110111110110     0111110000111011       01111100001                                                               
                            01100011111111111111001011011100    1011000100010110    11111111110  0                                                              
                           110011100000000000000010011011001000010110100   000010001111111110                                                                   
                         0110111110000000000110000001000010 00010010000      0000001001111110                                                                   
                      0011001111110000000000000000000000100  00000000000     0000000000010111       110                                                         
                     01110111111000000110000000000000000100000000000000000 0000000000000000110  01011111                                                        
                      110111111000011000000000000000 00000000000000000000000000000000000000001111111111110                                                      
                      111111100001111000000000000000 000000000000000000000000111111000000000001111111111111                                                     
                     011111111100100     0000 000000 0000000000000000111110000        0   0000001111111110111                                                   
                      111110100000     0 00000 0000 000010110100010000                 0000000  0111111110001110                                                
                    011111111000000  00 0000000000000   00000111100        00           000000    0010110000001110                                              
                   011111000000000000000000000000000000000001111  100 00000000           01011     01100000000000110                                            
                     000000000000000000011100000 0    011100011111 110 0000000            0        00000001011110000110                                         
                      000000000000000000                 011111111    000000                       0000101011111110000001100                                    
                                0                            00111    0 0000                      000111111111111110000000000111                                
                                                                     11   00                      1011111111111111111000000                                     
                                                                                                 0111111111     1111                                            
                                                                                                 11111111                                                       
                                                                                                11111111                                                        
                                                                                                11111111                                                        
                                                                                               011111111                                                        
                                                                                               1111111 1                                                        
                                                                                               1111111                                                          
                                                                                               1111111                                                          
                                                                                                111                                                             
                                                                                                 1                                                              
                                                                                                0                                                               
                                                                                                                                                                
