                                                                                                                                                                
                                                                                                                                                                
                                                                                                                                                                
                                                                                                                                                                
                                                                                                                                                                
                                                                      0011                                                                                      
                                                                 001111110                                                                                      
                                                             001001110001111                                                                                    
                                                           111000000001110011111                                                                                
                                                        01100000000000000000001111                                                                              
                                          000111111000  0       00000 0000000000000011 1                                                                        
                                   0011111111111111111 0         000110000000  00000000111 1                                                                    
                              00111111111111111111111110            01111111000000 0000000011110                                             00111              
                          01111110000011111111111111111000          11111111111100      0000000111                                        011100                
                      011111100111100000110011111111110111       011111111111110            00000011 0                                0111000000                
                    1111000111111111111111100111011101111100     1111111100110111            000000011 1                          011100000000                  
                 01111111111111111111000001100011111111101110   0111111111011111110         001000000001                      0111100000000000                  
               01111001110010 00001110011111110011111101100110001111110011100110111      0001111111                       011110000000000000                    
              11111110110       001110011111110 111111111   011101111111110   111110    0111101110                   00111100000000000000000                    
            01111111111110   000011110011111110 0111111010 01111111111110     001111111111111111110         111111111100000000000000000000                      
               0010011111111000111111001111011  01111111011110111111111110      01101101101111011111     000111111111100000000000000000000                      
              1000000 01111111111111000111111  0111111111111011111111111111    111111111111111100111000011111110111010000000000000001000                        
                0000101111111111111001111111  0111  11  111111 11111111111110011111111110000001111111111111111110110000000000000000000                          
                     0000111000001011111110 0110001111  111111111111111111111111111100000000000000000000010011111010000 000000000000                            
                           001111111000000001100000000111111111110000111110000000100000000000000000000010000000000000000000000100000                            
                                 00000111  001000000011111    000000000000000000000000101000000000           00000000000000000111100                            
                                      0011   0110000111111     1011111001111111111111110000000   000             000 00000000000101000                          
                                      00 00000011101111111    1100000000000000000         000000000111             000000000000000000000                        
                                      00000000000111111111     1000                         0111111111              00000000000000000000                        
                                       00000000    01111 1 1   10 000000000011                011110                  01000000000000000000                      
                                         000           001    11 0010000111111                   011                    010000000000000000                      
                                                                00001101111111                                            0011000000000000                      
                                                                 00000111111                                                 00111000000                        
                                                                      001110                                                     001110000                      
                                                                         01                                                           000000                    
                                                                                                                                                                
                                                                                                                                                                
                                                                                                                                                                
                                                                                                                                                                
                                                                                                                                                                
