                                                                                                                                                                
                                                                                                                                                                
                                                                                                                                                                
                                                                                                                                                                
                                                                                                                                                                
                                                                                                                                                                
                                                                        00                                                                                      
                                                                   00111                                                                                        
                                                               00111110001                                                                                      
                                                            011000000011100010                                                           0000000                
                                                         0110000000000000110011111                                               00111111111                    
                                     000011111111110    000  00000000000000000000000111111                                  0011111111111111                    
                            00011111111111111111111110          000000000000 0000000000000000111                         0111111111111111111                    
                      00111111111000011111111111111111          0001111000000000 0  0000000000000001                 011110000111111111111                      
                  011111100000111000000111111111111110              111111111110          000000000000            011100000000111111111111                      
               01111111111111111111111110011111110111111           111111101110             00000              0011000000000011111111111                        
            011111001111111110111100011110011101111111111       0111111111111111           0111110      00111111110000000000011111111111                        
           1111111111000000000111100111110 011111101110011     0111111110011001110        01111110        1111111100000000000111111111                          
            111011111100    0011100111111100111001111111110   011111111011111110111      11110111000    0110110110000000000000000000                            
             010001111111111111110011111110 01111111110 01111111111110011100001011100 000110110011110  011111010010000000000000011                              
               010011111111111110011111110 001111111110  01111001110111110    01110111111100100100101111000000000000000000001111111                             
                0011111111111110011111110 001111111100100111111111111111        0110011001000000000000000000000000000000000001111111                            
                    001111111100111111100011111111111111100111111111111110     00111001000000000000000000      00000  0000000011111111                          
                        1111111111111000111111  11  111111111111111111111110  01110010000000000000000               000000000001111110                          
                          0011100000011111000 1 11  1111111  1111111111111111111100000000000010000  0000              000000001111111110                        
                              001   111001000000011111111111111111111111100000000000000000110000 0000000                 000000011100111                        
                                  0     0010000000111110000011000000000000000000000111111000000000000000                   0000000111100                        
                                      0 111 1100111111  100000000001100001100111111100          00000000                      0111000111                        
                                            0 11111111    0111110000001111111100                                                01111011                        
                                              0 1111 1  11 0000000 000000000000                                                   011110                        
                                                0 11            00000000000111                                                       0                          
                                                      0  11       011100111111                                                                                  
                                                                    0111111111                                                                                  
                                                                       0011111                                                                                  
                                                                             00                                                                                 
                                                                                                                                                                
                                                                                                                                                                
                                                                                                                                                                
                                                                                                                                                                
                                                                                                                                                                
