                                                                                                                                                                
                                                                                                                                                                
                                                                                                                                                                
                                                                                                                                                                
                                                                                                                                                                
                                                                                                                                                                
                                                                 000                                                                                            
                                                             000000011111                                                                                       
                                                          000011000110001111                                                                                    
                                                       0000000000000001000111111                                                                                
                                                     01000000 000000000000000000011111 0 0                                               000                    
                                      000000011000000000    0000 00000000000000000000001000000                                000000000011111000 0              
                                001111111111111111100       000010000000000000   00000000000000000                       0000000000000111111 0                  
                         0000111111111111111111111101100        01110111111110         0000000000000                 00000000000000111111111                    
                     0011111111001111111111111111100000000      0111111111110000         00000000                00000   00000000111100000                      
                  01111101111111000111111111110111111100000   000111111111111000        00000000000   0      00000         000111111111111                      
               01111001111111110111111011111101111111100 0000011011111011100110000      0000000   00    01000000000       00111000000000                        
             01111111111100000000011110011111110111011100   011111111111111111110     000000111000    0011000000000    00011000011111101                        
           011110011001  0 0000000111010011111001111111100 0111111111111000100111000000000010111110  000000000000 00000000000000000011                          
         010000111100    0 0011101111111001111011111000010011111111111110   001111110000011111011110000000001110100100000000000000000                           
           0001111110000000111110111111100011101111100001111111111111100      0110011011101001000000000000000000010000000000001000                              
          0000000111111111111110111011100011111111111111111111111111111000    0011101100000000000000000000000000000000000000011111 0                            
                 00011111111110011001100011011111111111111111111111111111000011111100000000000000000            00000000000000111111                            
                  000000000111011111100011111111111111111111111111111111111111110000000000000000000000000          00000000000011000                            
                       00000000111000011110001111111111111  11111111111110000000100000000000000000000000             00000000011111101                          
                           0000   00 1110110 0111111111111111110000001100000000000111100  00000000000000               000000011001110                          
                                0   000000000001111101111111111100010000010011111100          00000000                   0000000110000                          
                                    0 0  00000000111111111111111101100111111100                                            01000001000                          
                                      0 0000001111111111 1   11100000000000000                                              0110000010                          
                                    0 000000111111            0000  0000000000                                                01100001                          
                                      000000001111               0000000111111 0                                                011000                          
                                       000000000                    0111111111                                                    0111                          
                                         00000                         0011111                                                      01 1                        
                                           000                              00                                                                                  
                                                                                                                                                                
                                                                                                                                                                
                                                                                                                                                                
                                                                                                                                                                
                                                                                                                                                                
                                                                                                                                                                
