                                                                                                                                                                
                                                                                                                                                                
                                                                                                                                                                
                                                               000111                                                                                           
                                                          000111111000                                                                                          
                                                      001100000000111111                                                                                        
                     000111111111111111111111100   00100000000000000001111                                                                                      
               00111111111000000111111111111111100         00000000000000111                                                                                    
           0111111111100111100000111111111111111           000000000000000000001                                                                                
       01111101111111111111111111100111111111110 0          00111000000 00000000111                                                                             
      1101111110      0111100001110011111111110111          0 111111100000000000000011 1                                                                        
      0110111110      0011101111110001111110111110       000111111111111110    00000000111                                                                      
        100011111000001111001111111 011111111101110     1111111111111111           000000001                                                                    
         00011111111111110011111111 011111111111110    111111111000111110            000000001                                                                  
          001111111111110011111110  0111111111  01111111111111011111101110           00000001111                                                                
              0111111110001111110 001111111111  011111111111111110001101110        0111100000001                                                                
                011111111111110 001111111111111111111111100111000   0111110     00111111110                                                                     
                  0111100000000111111   1111111101111111111111       01111100001111101111                                                                       
                      000001 11101000  1   1111111 1111111111110      011011111110111111100       0100                                                          
                        0 11 010000 01     11111   11111111111110   01111011101101101111110     000111111111111111111111111110000                               
                            0110000000111111111111111111111111111111111111111111111111011110000111111011111100000000000001111111111111000                       
                             11000000000110011111111000111111111111111111100010000000000111111111111111111111000000000001110000000000000000000                  
                              100000011101100100000000000111100000000010000000000000000000000001111111011010000000000000111100000000000000                      
                               000111111 01111111101111111000010000000000000000000000000000000000010011110000000000001111111111000000000                        
                               1110111  100000000100000000011111111 1111111111000000000          00000001000000000001111111100100000                            
                               111011  1 0          0 00 00000                  000 00000000        0000000000000011000111111000                                
                                 1    1              1000000000000                0000011111          0000000000111011100                                       
                                                     01011111111  1                 11111111          0000000001011110                                          
                                                      0 11111111                      01 1             000000000111111                                          
                                                        111111                                         010001011011111                                          
                                                          11 1                                          10000101111111                                          
                                                            1                                            1010111111100                                          
                                                                                                         1111011101111                                          
                                                                                                          111111110011                                          
                                                                                                           11110011000                                          
                                                                                                           011110011                                            
                                                                                                             111000                                             
                                                                                                              0110                                              
                                                                                                                01 0                                            
                                                                                                                  0                                             
