                                                                                                                                                                
                                                                                                                                                                
                                                           0000111                                                                                              
                                                      000111111110                                                                                              
                                                   0110000000000111111                                                                                          
                                       00000    0000   00000000000011111                                                                                        
                               001111111111111           00000 00000011111                                                                                      
                           011111111111111111111          101110000000000111                                                                                    
                       0011111111111111111011110            011111110000000111 1                                                                                
                    0111111000000111111111111111000         01111111111100 00011                                                                                
               0001111111111000000000001100110110110      0111111110111000    0011                                                                              
              111110111110000010001111000110110011100    01111111111111          011 1                                                                          
             11111111111111011111000001100011101100110   011111100110010           01111                                                                        
            1111111111111110000000000001100110110110010011111100111111110          0001110                                                                      
          0 11111100111111    001000111111001111110  01110111111100010110       0001000011                                                                      
         01111111100100       0011001111110 011110000111111101100   11110    000111111000111                                                                    
        0111111111110000  00 0011100000000 011111101100111111110     0111100111111111110  0                                                                     
         011110000011111100000000000000010 0111111110011111111110   01101111111111110                                            01                             
            0000000000000000000000000000000001001000001100000001100011111111111111110                                       001111                              
                 00011100000000000000000000 00000000000000000000000100111111111111110       1 10                      0001111000 0                              
                       000111000000000010  0011011010000000000000000000000001011111110000101111111000000000000001111110000000000                                
                             000001   1 0  11111111100001001000000000000000000000111111111111111111110100000000000000000000000                                  
                            01000000    0  000011111111000000011111111111111000000011111111111111111100000000000000000000000                                    
                            11         10 00        00 0  00                0000000000111111111100100000000000000000000000                                      
                                       110000       0000    0                0000000    01111111101000000000000000000000                                        
                                       10000        00000000000000           1000111 0    0010111110000000000000000000                                          
                                       10000          001000000000           0111111 1      0000000000000000000000                                              
                                      1 00            0010101111              1111           0000000000000000000                                                
                                       1                0 1101                   1           00000000000000000                                                  
                                                          11                     1            1000000000000000                                                  
                                                          0                                   010000000000000000                                                
                                                                                               01000000000000000                                                
                                                                                                0100000000000000                                                
                                                                                                 010000000000000                                                
                                                                                                   0000000000000                                                
                                                                                                     000000000 0                                                
                                                                                                       0000000                                                  
                                                                                                          000000                                                
                                                                                                              00                                                
                                                                                                                                                                
