                                                                                                                                                                
                                                                                                                                                                
                                                                                                                                                                
                                                                                                                                                                
                                                                                                                                                                
                                                                                                                                                                
                                                                                                                                                                
                       00000111111111111111110000              0000001111110 0                                                                                  
                 0011111111111000000111111111111111100   0011110000001111111                                                                                    
             11111011111111111111000001111111111111110    0   000000000111111                                                                                   
            111111010010000111111111111111111111111111          00000000011111                                                                                  
           0101111110      011110001110011111111111100          0000000000001111                                                      0                         
          011000111100  000011101111111 01111111111111          001111000000001111                                                  11                          
            010011111111011111001111111 01111111111110          11111111100  000111                                               1100                          
            0 0 11111111111110011111110 01111111111111     0011111111111111100  000111 0                                        1100                            
                0111111111100011111110 011111110110111    01111111111111111000     00011 0                                    110000                            
                  011111110011111110  01111111111   11100111111111100111111           000111 0                              11000000                            
                    01111111111110000111111111110  0111111111110001111110110            000011 1                         01100000000                            
                      011000000000111111  11111111111111111101111110011111110           0000000111                    011100000000                              
                         0111  111110001  1  1111101111111111111000   1111110        00110000000000                011100000000000                              
                          0 11 1100000 1 1   1111111 11111111111      0111110    000111111110                  0011100000000000000                              
                              0100000000111 111111  11111111111110      11011111011111011110        000000000111000 00000000000000                              
                              110000011111111111111111111111111110   001110011011111111011110        01111111100  00000000000000                                
                               01010111111    011111111111111111111111111111110111011011011110    011111111000000 000000000000                                  
                               011111111    110000000000011111111111111111111110011110110111110001111111100100000 0000000000                                    
                              1 111111    1111111110110011000000001000110000000000000000000000110110110011000000  0000000000                                    
                                 111      1100000110000001000011000000000000000000000000000000000000000000000000 0000000000000                                  
                                0 1                 000000000111111111111111110100010000000     000000000000000  0000000000000                                  
                                       1            000000000000000000000000000000000000                  000   0000000000000000                                
                                                    0000000111100000             0000000000010               0000000000000000000 0                              
                                                     1000111111 1 00               00000011100                00000000000000000000                              
                                                      10101111   1 0                01111100                     00000000000000000                              
                                                      111101 1   1                     00111                       000000000000000                              
                                                       11110                                0                         000000000000                              
                                                        0  1                                                              0000000000                            
                                                                                                                                                                
                                                                                                                                                                
                                                                                                                                                                
                                                                                                                                                                
                                                                                                                                                                
