                                                                                                                                                                
                                                                                                                                                                
                                                                                                                                                                
                                                                                                                                                                
                                                                                                                                                                
                                                                                                                                                                
                                                                            0                                                                                   
                                                                        0011                                                              0000                  
                                                                    0111110001                                                   001111111                      
                                                                011000000111111111                                           011111111111111                    
                                                             011000000000000011001111                                     011111111111111111                    
                                                  00000    0010  000000000000000000000011111                           0111001111111111111                      
                                      00111111111111111100          000000000000 0000000000000001111                 111000011111111111111                      
                               000111111111111111111111111          000011100000000000  000000000000011            111000000001111111111                        
                          00111111110000011111111111111111              111111111110          000000000         011100000000011111111111                        
                       01111100011111100000001111111101111000          011111111111            00000       001111110000000000111111111                          
                    0111111111111111111111111011111111111011 0       0111111111111110          011010       011110100000000000000000                            
                 0111100111111110001111000011000111011101111110     0111011110011001100       0111110      001110000000 0000000001                              
               011111111110       011100111111000111111111101110    01111111011111110110     11110111100   01010000000000000111111                              
                11011111110      00111001111111001111111001100111001111111000110001101110 00011011001110000000000000000 000001111111                            
               011100111111000000111110111111110 01111111110   1111101110011110    01100111001001000000000000000000000  00000001111111                          
                 001000111111111111110011111110 0111111111010 011111111111111        011000000000000000000000000000000  0000000001111011                        
                    01011111111111110001111110 01111111111011111011111111111110     001100000000000000000             000000000000111110                        
                      0 0111100111100111111100011111  11111111011111111111111111   01100000000000000000                 000000000000000111                      
                           0011110000111100011111001  11  111111  1111111111111110110000000000000100000000                 000000000111000                      
                               00010000001  111000 01111  1111111111110011111100000000100000111100  000000                    000000000111                      
                                   00  1111 00010000011111111110001100000000000000000000111110000000000000                       001100001                      
                                        01    10110000001100110000000000010000010011111110           00000 0                        011110                      
                                           00001001110000111111000001101111111111100 0                                                 01                       
                                            100000000 111110111111100000000000000                                                                               
                                            100110     011 1       0000    000000000                                                                            
                                                          0          000000000011111                                                                            
                                                            0           0111111111 1                                                                            
                                                                           0111111                                                                              
                                                                              0011                                                                              
                                                                                                                                                                
                                                                                                                                                                
                                                                                                                                                                
                                                                                                                                                                
                                                                                                                                                                
