                                                                                                                                                                
                                                                                                                                                                
                                                                                                                                                                
                                                                                                                                                                
                                                                                                                                                                
                                                                                                                                       0                        
                                                                                                                                 011                            
                                                                                                                              011111                            
                                                                        00001111                                            11100111                            
                                                                  00011111111111                                          1100011111                            
                                                             001110000000011111111                                      110000111000                            
                                    00011111111111111111    000   00000000000011111111                                  100011100111                            
                            001111111111111111111111111111          00000000000000011111 1                            100000000111                              
                       00111111111000000001111111111111111          00001000000000000001111111 1                    0 000000011000                              
                    0111111111111111111111101111111111111000           01111111000000 0000000011111111             110000000000010                              
                01111001111111111111111111110011111111110111          0 111111111110        000000000011          11000000000000                                
              011111110110 0   00111100000111 011111110111110      0111111111101110            0000000000       0110000000000000                                
               11011111110      001110011111100111111111100110    011110111000111110            00000       0111110000 000000000                                
              00110011111100000001111011111111 0111111001111110  011111111110011001100        0111010        1111000000 00000000                                
               0000000111111111111110011111110 01111111110  01111111111100011111110011      001100110       01010000000 000000000                               
                  000011111111111110011111110 011111111010  01111011111111111   0111110    0111110111110   011000000000 0000000000                              
                    000111111111110001111110 011111111111111111111111111110      01100110111110110001110000000000000000  000000000000                           
                         01111111001111110 0111111  11111111011111111111110        11101100110010000000000000000000000   0000000000000                          
                            0111111110000111110001  1  1111111 11111111111110    0011100110000000000000000000000 0 0000000000000000000                          
                                00100011  111000 0111111111111 1111111111111100011111110000000000000000000             00000000000000000                        
                                     11   000100000001111111111111111111111111111100000000000000000100                     0000000000000                        
                                      0 1   10110000111111   0010000001111000000000100000000000110000 0000                      0000000000                      
                                            01011111111111    10000001000000000000000100111110000  0000000                                                      
                                                 011111111     101011110111111111111111000    000000000000                                                      
                                                  001111    11  000000000111110000                00000000                                                      
                                                          0   1110    000000000                                                                                 
                                                                  000000000111                                                                                  
                                                                   00001111111                                                                                  
                                                                    0100111111                                                                                  
                                                                      011111                                                                                    
                                                                        0011                                                                                    
                                                                            00                                                                                  
                                                                                                                                                                
                                                                                                                                                                
                                                                                                                                                                
