                                                                                                                                                                
                                                                                                                                                                
                                                                                                                                                                
                                                                                                                                                                
                                                                                                                                                                
                                                                     001                                                                                        
                                                                   01111                                                                                        
                                                                0111110011 1                                                                                    
                                                              0100110011100110                                                                                  
                                                            0100000001000110001100111111                                                                        
                                                          01100000000000000011000000000001111111                                                                
                                                         010  0  000 000 000  0000000000000000001111                                                            
                                           00011111110           000110000000000000      0000000000001 1                            0000000000                  
                                     0111111111111111111            01111111111110           00000000000                   001111111111111111111111100          
                               0001111111111111111111111              11111111111             000000                  0011111000001111111111111000001111        
                           0111111100001111111111111111100          011111111111110          0111111        0011011111100000000000111111111111111100            
                       01111100011100000010111110111111011 0       111011110011001110       01111110        01111111110000000000011111111111110000              
                    01111001111111111111111001111011111111110     01111111111111110111     011111111110    1111110111010000000001111111111111110                
                  01111111111111101110000011000111111011100111    01111110011100011111100001110110111100001111111101100000000000111111111111                    
                1111100110010  00011100111111000111011101110011011111111111110   001111111011011011001111110000111001100000000000111111111                      
              1 1111111110       00110011111110 01111111110   11110011101110        01100100000000000000000000000000000000000011111111                          
               011111111100  000001110011111110 01111111010  01111111111111100     011110000000000000000000     0000000 00000011111111                          
                000001111111000111111001111010 001111111101111101111111111111110  011000000000000000000              00000000001111111                          
                10001001111111111111001100110 00111111111111110111111111111111111111000000000000000000000000          0000000001111111                          
                    000111110000111100011110 0111111  11  111111  11111111111100000000000001110000 000000000            00000001111111                          
                         0011110000001111000111100001111  1111111111100000011000000000011100     00000000000             010000111111111                        
                              001111000000  110000 001101110011000000000000000011111 110              000000              01000011111111                        
                                    0011    010000000011111110000000011111101111100                                         111111111111                        
                                       0000000100000111111    1011111100000000000000                                         11111011101                        
                                       1000000110011111111   11000000000    00000011                                          0111101111                        
                                      010000000 1111111111            00000000011111                                            11110111                        
                                        1000   00 11111111               00111111111                                             011111                         
                                        0         0    1                     0111111                                               0  11                        
                                                      0                           0011                                                                          
                                                                                                                                                                
                                                                                                                                                                
                                                                                                                                                                
                                                                                                                                                                
                                                                                                                                                                
                                                                                                                                                                
