                                                                                                                                                                
                                                                                                                                                                
                                                                                                                                                                
                                                                                                                                                                
                                                                                                                                                                
                                                                                                                                                                
                                                                                                                                                                
                           00000000000000000                                                                                                                    
                   0011111111111111111111111111111100       000000011111111111                                                                                  
              0111111111111000111000001111111111111110  00010000000000011111                                                                                    
             11111101001111111111111111111111111111111          00000000111111                                                     001                          
            110111110      011111111111001111111111110          0000000000111111                                                0110                            
            1100111100     011110110111001111111111111          001100000000111111                                              1000                            
             01001111100000111101111111001111110111111          0 1111000000000011                                           1100000                            
             0 111111111111111001111111001111111111111       0001111111110000000001111 0                                   01000000                             
                01111111111100111111110 01111110111111     0111111111111111110    000111 0                               011000000                              
                  0111111110011111110  01111111110001100 0011111111111111110         000011110                          1100000000                              
                    0 11111111111100 001111111111   011111111111111101110111            00001111 0                   0110000000000                              
                      0 11111100000011111 11111110011111001111110111111111110            000000011 1               011000000000000                              
                         000001111111011  111111111111111111001111100001111110         0000000000000            0111000000000000                                
                          0 1111010000 0      1111111111111111110      111111      00011111110               0011000000000000000                                
                            0 111000000011111111111  111111111110       111111000001111001110         11111111100 000000000000                                  
                               0100000111111  11111 11111111111111      0110111111110111011100      00011111010000  0000000000                                  
                                101101111111    01111111111111111100001111101110110011011011110    011111100100000 000000000                                    
                                 011111111      000110001111111111111111111111111110110111011111001101100110000000 00000000000                                  
                                1 111111    11 100000100001111101111111111110001000000000000000010000000000000000 000000000000                                  
                                   111  1  1110011111111110000000000000100000000000000000000000000000000000000000  0000000000000                                
                                              0 000000000000111110111000010000000000100000000           0000000   00000000000000 0                              
                                                     0  0 00000001111111111111111100000000                   0000 0000000000000000                              
                                                     00000000000000000            00   000000000                000000000000000000                              
                                                     00000001111   0                000000000000                  0000000000000000 0                            
                                                      1000011111  11                  01111100                       0000000000000                              
                                                      0 01111110                         00111                           00000000000                            
                                                        111100                                                                   000                            
                                                         011 1                                                                                                  
                                                            0                                                                                                   
                                                                                                                                                                
                                                                                                                                                                
                                                                                                                                                                
                                                                                                                                                                
