                                                                  00                                                                                            
                                                             00111                                                                                              
                                                         001111100                                                                                              
                                                       110000000011110                                                                                          
                                                     110000000000000011111                                                                                      
                                                   110 000 00000000000001111                                                                                    
                                         00010 00000      000000000 000000000111 0                                                                              
                                      01111110            000111111000000000000111 1                                                                            
                                   011111111111111             1111111111100    00011                                                                           
                                0111111111111111110            1111111111100       00111                                                                        
                             0111111111111111101111000       0111111111110            001                                                                       
                           01110111111111111111101111110     011011100100110           001                                                                      
                         01100111000000101111001111011100    0111100111111110         0100011                                                                   
                       01101111100000000000000110110110011   1011100110011010     00011111001                                                                   
                    00110011111100000000111100001100101100101001101100  01111000011111111110 0                                                                  
                   1111011111100000111000000000000001100  0110010011      0101111111111100                                                                      
                   11011111100001100000000000000000001000 000000000000    010000101111111                                                                       
                  0111111110011111000000000110000 00000000000000000000   00000000011111110      000                                                             
                  1111111111011010   000000000000 0000000000000000000000000000000000011110  00011110                                                            
                 01111111100000       0000 000000 000000000000000000000000000000000000011111111111110                                                           
                 111111111000000   0000000 00000 0000000000000000000111111111111000000000111111111111110                                                        
               0111111100000110000000000000000000  01111111011100000000000        0000000001111111111001110                                                     
                  000000000000000000000000000100110  001000000000                  000000  011111111100000111100                                                
                  00000000000011111110000000   0  11000000000 0   0000000           000011   111101100000000000011100000          0                             
                            0                      01100011100 00 00000000          1111      0111100000000000000000000011111111                                
                                                      111011 0  0000000000                    00000000001101100000000000000000 0                                
                                                        0 11 0   0000000 0            1       0000001011011111000000000000                                      
                                                             0     00000                      000010110111011110000000                                          
                                                          01         110                     000010111111111111                                                 
                                                                                             1101101111110                                                      
                                                           11                                11011111111                                                        
                                                                                             11111111111                                                        
                                                                                             11111111111                                                        
                                                                                             11111111110                                                        
                                                                                             11111100110                                                        
                                                                                              1110110000                                                        
                                                                                              01110110 0                                                        
                                                                                               0110001                                                          
                                                                                                0110                                                            
                                                                                                  11 0                                                          
