                                                                                                                                                                
                                                                                                                                                                
                                                                                                                                          000                   
                                                                                                                                      011111                    
                                                                                                                                   0111110                      
                                                                                                                                 111000111                      
                                                                                                                               11000001000                      
                                                                                                                             0110000100001                      
                                                                                                                            11000000001100                      
                                                                      00011111111                                           000000001000                        
                                                                  01110000011111111111                                   010000000000000                        
                                                               01000000000000011111111 1                                1100000000000000                        
                                           001111111111111    0        000000000000001111111110000                      10000000000000                          
                                   0000111111111111111111111          010100000000  0000000001111111111111 0         01000000000000000                          
                              001111111100111111111111111111            001111001000000       00000000001100       0110000 00000000000                          
                          011111111110000000000111111111111100            111111111110            000000      0011111100000 0000000000                          
                        11110000111011111111111011110110111011          01111111001110            000000        01111000000 00000000000000                      
                     0111001111111111111111111100001101111111110      01111111000111111          0110010       001010000000 0000000000000000                    
                   0111110011001000000111000001100011111101100011     1111111100011001110       00100110000    0100000000000 00000000000000000                  
                  11011111111       0011101111111001110011011111100 0010111000110111100110     0111010011110  0000000000000  00000000000000000                  
                  0 1100111110   00 00111011111111 01111111110  01111111111111110  0111111000000100100000000000000000000000000000000000000000000                
                    010001111110000111110011111110 01111111010  0111101110011100    000100011001000000000000000000            00000000000000000000              
                       00011111111111111001110010 00111111110100111111111111110        11100000000000000000000                                                  
                       0 00111100111111000111110 01111111111111100111111111111110    0111100000000000000000                                                     
                             0011100000011111100011111  11  1111111 11111111111110000110000000000000100000000000                                                
                                 0011110000000111110001111 1111111111111001101110000000000000000110000  00000000                                                
                                      0011    0010000 0110111000000010000000000000000000000011100000000000000000                                                
                                          0    0100000000111001100000000000000000000111111100           0000000                                                 
                                                1100000000111111100000111111011111111000                                                                        
                                                  000000111110001111100000000000000                                                                             
                                                   000011111          00    00000000                                                                            
                                                  0 01111111           0000000000000                                                                            
                                                    111101               11000111111                                                                            
                                                     110                  0111111111                                                                            
                                                      00                    011111                                                                              
                                                                               001                                                                              
                                                                                                                                                                
                                                                                                                                                                
                                                                                                                                                                
                                                                                                                                                                
