                                                                                                                                                                
                                                                                                                                                                
                                                                                                                                                                
                                                                                                                                                                
                                                                                                                                                                
                                                                                                                                                                
                                                                                                                                     00                         
                                                                                                                                000000                          
                                                                      00000111 0                                              00011111                          
                                                                 0001111111111 0                                            001111111                           
                                               0              00000000000011111100                                      0 0011111001                            
                                  0000111111111111111110    0000 000000000000111110000                                 0001001111111                            
                           0000111111111111111111111111110    00000 0000000000000011110000                            00100000111000                            
                       00111111110000001111111111111110011        0000000000000000000011110000000                   00000000111000 0                            
                    01111111111111111100111111111111110000      0 0100001111100000000000000001110000               110000000001100                              
                00111111111111111111111011110111111111000001  0000000001111110000000       00000000000           01100000000000000                              
              0111110000 0 00 00001111110011101111111110000000000000111111111000000            0000000         01100000000000000                                
              011011100000    000011111110111001111111110000110000011110111110000000      000   0          001111000000000000000                                
              001111111110000000011110111011110011110001111111000001111111111110000000  0000000000000   000001110000000000000000                                
               001111111111111101111001100111100111000111100011111111111001111100000010000000000000000  000011000000000000000000                                
                 00010111111110111100110001110011111111111000111111110000011100000000110000011111000001000000000000000000000000000                              
                    0011111111111111110011110011111111111111111111110000000 00000011101111111101100001100000000000000000000000000000                            
                       0011111111101111111001111111111111111111111111100000000000000110011011000000000000000000000000000000000000000 0                          
                           001100001110000011111111111  111111111111111001111000000111000000000000000000000000       00000000000000000                          
                              00111101011100100000111111111111111111111111111100011000000000000000000000                00000000000000                          
                                  0 1 111100010000000111111011111111111111111000000000000000000000                          000000000000                        
                                     000111111110000111111110001000000000000000000001000000000000000000                          0000000                        
                                         000111111011111111  10000000100011000111000000000000000000000                                                          
                                               0011011111111111000111110000000000000 00000    00000000                                                          
                                                  0   00001111100000000000                       000000                                                         
                                                           0111100000000000                                                                                     
                                                             000000000011110                                                                                    
                                                                   0111111110000                                                                                
                                                                    011111110                                                                                   
                                                                      011110                                                                                    
                                                                          1000                                                                                  
                                                                                                                                                                
                                                                                                                                                                
                                                                                                                                                                
                                                                                                                                                                
