                                                                                                                                                                
                                                                                                                                                                
                                                                                                                                                                
                                                                                                                                                                
                                                                                                                                                                
                                                                                                                                                                
                                    000000                     00001111111 1                                                                                    
                    0001111111111111111111111111110      0011100000001111111                                                                                    
                011111111000000000001111111111111111    000 0000000000111111                                                                                    
           01111101111111111111111101111111111111111           000000000011111                                                                                  
           111111110 00 0001111111111001111111111110          000000000000001111                                                                                
          010111111       011110000011011111111111111           011100000000001111                                                                              
          1000011110000000111101111111 0111111011111            11111111000 00001111                                                                            
           010011111111111111001111111 01111111111111      0111111111111111000 0001111                                                                          
           0 0111111111111110011111110 011111101111110    0111111111111111100     000111                                                0                       
                011111111100011111110 01111111110 0111000111111111000111110          00011 0                                          1  0                      
                  11111110011111110  01111111111   011111111111000101110111            00011 0                                     01100                        
                    01111111111100011111111111111011111111111111111011111110           0000011 0                                011100                          
                      00000000001111111   1111111111111111111111000  0111110         00000000011 1                          0011000000                          
                            11111011001  1   1111111111111111110      111110     00011111110   000                      00110000000000                          
                             11000000 0     111111  1111111111110      011111100111110111100                       00111000000000000                            
                              000000000011  111111111111111111111    0011101101111011111110         000      00111110000000000000000                            
                            1100000101111100111111111111111111111100111111111011101111011110       0111111111100000000000000000000                              
                            101010101111   10010000000001111111111111111111111111111111011110   0111111111110000 00000000000000000                              
                            111110111111  1101110000110001011000011011110000010000000011111111111111111011000000 000000000000000                                
                            1111 11 111111 000011 11000111000010000000000000000000000000000000001111111101100000 00000000000 0                                  
                               1       11 0        000000001111111111001100110000000000000000010000010000000000 000000000000                                    
                              1                     00000  00000000001010000000000000000         0000000000000 0000000000000                                    
                                                    100000000000               00 0     00            0000000 00000000000000                                    
                                                    101011111111 1               00000000111            000 0000000000000000                                    
                                                    0101011111  11                01111111 0              00000000000000000000                                  
                                                      1110111 1                     011100                 0000000000000000000                                  
                                                      11110     1                     00 1                   00000000000000000                                  
                                                         1                                                     00000000000000000                                
                                                        0                                                        000000000000000                                
                                                                                                                    0000000000                                  
                                                                                                                       000000000                                
                                                                                                                             000                                
                                                                                                                                                                
                                                                                                                                                                
