                                                                                                                                                                
                                                                                                                                                                
                                                                                                                                                                
                                                                                                                                                                
                                                                                                                                                                
                                                                                                                                                                
                                                                                                                                                                
                                                                                                                                  00000000                      
                                                                     0000111                                                  0000000111                        
                                                                 0001111111111 0                                           000  001111                          
                                                              000000000000111111000                                     0000  00110000                          
                                       00000011111110000    0000000000000000000111000000                              00    0011001111 0                        
                                00000111111111111111111110       0000000000000000000000000 00000                    00    001100111100                          
                          00011111111101111111111111111111        0000011000000000000000000000    0000             00    01100110000                            
                      001111111111111100001111111111110000      000000001111100000000  00000000000    00         00    0000000001111                            
                   001110001111110111110011101111111111100000 000000000011111100000          0000000            00   0000000000000                              
                01110000000011110011111100111011111011100001100000000111111110000000           000000       0000000000000000000000                              
              011111100000  0  000111101100110011111111110001100000011111111100000000     000  000000        000010000000000000000                              
               111111111100   00 01111011011110011100001111111100 001111111111100000000 0000000000000      00111000000000000001000                              
               10111111111100000011110010011110011110011111001110111111110101110000001100 000100000000000001110000000000000000000000                            
                 0101011111111011111101001111100111111111100 01111100000001111000011111100001110000000000000000000000000000000000                               
                   00001111111111111000011111001111111111110011111110000000000000000110011001100000000000000000000000  00000000000                              
                      001111111111000011111001111111111111111111111111000011000000  01100010000000000000000000      0000000000000000                            
                          00110000011111100011111111111111111111111111110111110   01111000000000000000000              000000000000000                          
                              0111110000011111000011111 11111111111111111111111000110000000000000000000   00              00000000000000                        
                                 00111 111100110000111111110111111111001101110000000000000000000000                           0000000000                        
                                     01 11110011100000011011000101000000000000000000010000000000                                   00000 0                      
                                       00001111111110011111000000000000111100110000000010000   0000000                                  0000                    
                                             0100011100011110000000001100000000000000000           00                                                           
                                              01000000000011100000000000                                                                                        
                                                         00 111   00000000                                                                                      
                                                            0110   01100000  00000                                                                              
                                                                00   0111110000000                                                                              
                                                                       011100000                                                                                
                                                                          000000                                                                                
                                                                                00                                                                              
                                                                                                                                                                
                                                                                                                                                                
                                                                                                                                                                
                                                                                                                                                                
