                                                                                                                                                                
                                                                                                                                                                
                                                                                                                                                                
                                                                                                                                                                
                                                                         0                                                                                      
                                                                     011                                                                                        
                                                                  01111100                                                                                      
                                                               011011100111100                                                                                  
                                                             010000000111000110001                                                                              
                                                           010000000000000000001100011 1                                                                        
                                                         0110 00 0000 0000000000000000001111                                                                    
                                                 0000   00        000000000000 0000000000000011111                                                              
                                          00111111111110            001111111110000      00000000111 0                                                00 0      
                                     0111111111111111111 0            1111111111110           0000001111                                          0011 0        
                                 00111111111111111111111000          01111111111110            00000000111                                  0001110000          
                             0111110000011111111111111111111        11111111011101110         01110000  0000                         000011000000000            
                          011110011000000011001111111111111110     0111111101011111110       011111110                      0001111100000000000000              
                       0111100111111111111111000111011101110111    01111100011011110110    0111101110         011100000111111000000000000000000000              
                     0111011111111111110000011000111111111111111001111111111110  0111110000111011011110     000111111111000000000000000000000000                
                   011000111111000001110011111110011111111110  01111011101110     0001011101101101111110   01111110111111100000000000000000000                  
                 01111100110       00111011111111 01111111010  01111111111111       01100100111101101111111111111110110100000000000000000000                    
                0 1111111110    00 01111011111110 011111111011111011111111111110   1111110110000000000000000000111111100000000000000000000                      
                001110111111100000111111011110110 01111111111111011111111111111100111101100000000000000000000000000000000000000000000000                        
                  000000011111111111111001110110 01111  111 111111  11111111111111100000000000000000000         0000000000000001110000                          
                  1000000011111111111110001111000110001 11  1111111111000001110000000000000111000000                000000000001111110                          
                        00001110000000000111000111000000001111    10000000000000000111111100   000 0000011 1         0000000000001111100                        
                               00111111000000  001000000011111      0010011101111111100          000001111            010000000000111000                        
                                       001      1011000011111111     10000000000                   0111111              100000000000100000                      
                                             00000001111111111    11  00                              0011               01000000000000000                      
                                               000000011111111 1     10000 000001111                                       010000000000000                      
                                                 000      011   111111 0000000011111                                         0110000000000                      
                                                                      00000111111111                                           01110000000                      
                                                                       00000011110                                                00110000                      
                                                                              0111                                                    000000                    
                                                                                 0                                                           0                  
                                                                                                                                                                
                                                                                                                                                                
                                                                                                                                                                
                                                                                                                                                                
                                                                                                                                                                
