                                                                                                                                                                
                                                                                                                                                                
                                                                                                                                                                
                                                                  0000                                                                                          
                                                          0001111111                                                                                            
                     00000000011111111110000         00110000000011111                                                                                          
              0011111111111111111111111111111100  0010000000000000111111                                                                                        
         001111111110000110000001111111111111110          0000000000000111                                                                                      
      011111011111111111111111111111111111111100         000000000000000000001                                                                                  
      101111110     0010111111111001111111111100          001111000000000000001111                                                                              
     0100111110      001110000011 01110111111111          0 11111110000000000000000111                                                                          
     10100111110000001111001111110011111101111110       00011111111111110     000000000111                                                                      
        00011111111111110011111110 11111111111111     01111111111111110          00000000000                                                                    
        0 11111111111110011111110 0111111101101110   011111111000111110            00 00000111                                                                  
            01111111110011111110 00111111111   1111111111111101111100110           01000000000                                                                  
              0111111011111110  0111111111110 011111111111111110011101110        011111110                       000111111111111111000                          
                01111111110000011111  1111111111111111100111110   0111110     0111111110        00        0011111110000111111111111111 110                      
                   0000000011111001   11 1111101111111111111       0111111000011111111110        0111111111100000000001111111111111111111 1                     
                      1 11 1010000 011  11111111 1111111111110      0110011111111111011111     111111111111100000000001111111111111111       1                  
                        0   010000000011111111  111111111111110   00111101100110110111011110001111111011001000000000011111111111111111                          
                            0 10000011111   1111111111111111111101111111111110000000000010111111111111011000000000001111111111111111                            
                               1011111111    00110000111111111111111110100000000000000000000000000100010100000000000011111111111                                
                               111111111      00000000000110000000001000000000000000000000000000000000000000000000101111111                                     
                                0 1111    11 1011111111000001000010000000011010000000000             00000 000000111111111                                      
                                  01       1 0000000000001111111111111111000000000    0000000           0000000000111111                                        
                                      1           00 000000000000000             00000000000             000000000111111                                        
                                                   1000000011111 1                  01111110               000000011111111                                      
                                                    0111111111  1110                    0000                01000111111111                                      
                                                      11111111   11                                          0101011111111                                      
                                                        011111                                                011111111111                                      
                                                            01                                                  1111111111                                      
                                                                                                                 11111 111                                      
                                                                                                                  11111                                         
                                                                                                                    1111                                        
                                                                                                                     1                                          
                                                                                                                    01                                          
                                                                                                                      11                                        
                                                                                                                                                                
                                                                                                                                                                
                                                                                                                                                                
