                                                                                                                                                                
                                                                                                                                                                
                                                                                                                                                                
                                                                                                                                                                
                                                                                                                                                                
                                                                     0000000                                                                                    
                                 00000000000                00000111111111                                                                                      
                    0011111111111111111111111111110     011100000000000111                                                                                      
               0111111110000100000001111111111111111    00   000000000011111 1                                                                                  
           11111001111111111111111111111111111111111          0000000000001111                                                                                  
          1011111110 1  0011111111111001111111111110          000100000000001111                                                                                
          110111110       01110000001001111111111111            011110000000000111                                                                              
          0100111110000000111101111111 01111110111110         0111111111000000000111 0                                                                          
           010011111111111111011111111 01111111111111     0011111111111111110   000111 0                                                                        
           0 0111111111111110011111110 01111110111111     111111111111111100       00111 0                                                                      
                11111111110011111110  01111111110  111001111111111001111110          00011 1                                               0                    
                  11111110111111110 0011111111110  111111111110001111110111            00011 1                                        01 1                      
                    01111111111000011111111111111111111111101111111001111110           00 000111                                   01110                        
                      00000000001111011   111111111111111111111000   0111110        011110000011 1                             001100000                        
                           111110010001 11  11111111111111111110      01111100  011111111110    00                        000100000000                          
                            111000000 1     111111  1111111111110      0110111111111101111                           00111000000000000                          
                            01000000000011  1111111111111111111110   0111101101101111011110         100       0011111000000000000000                            
                             000000101111001011111111111111111111111111111111111111101111110     00011111111110000000000000000000000                            
                           1010101111111  100010000000001111111111111111111111001111111011110 00111111111111000  00000000000000000                              
                            01111111111 1110111111001100110000000000001000000000000000001111111111111110110000000000000000000000                                
                           1111111 11 1111000000011100001100001000000000000000000000000000000001111111100100000000000000000000                                  
                             11       11 0          0000000011111111111111111110000000000000001000000000000000 0000000000000                                    
                             1                      00000000000    000000000000000000000         000000000000000000000000000                                    
                                                    1000001001000              00 000000000          00000000000000001110000                                    
                                                    1010111111  1                00000111111            00000000000000000000                                    
                                                    0 01011111  11                01111111               0000000000000000000                                    
                                                      11101 1 1                     0111                  01000000000000000000                                  
                                                      1111     11                     00                    000000000000000000                                  
                                                         1                                                   01000000000000000                                  
                                                                                                               000000000000000                                  
                                                                                                                  000000000000                                  
                                                                                                                    0000000000                                  
                                                                                                                        000000 0                                
                                                                                                                               000                              
                                                                                                                                                                
