                                                                                                                                                                
                                                                                                                                                                
                                                                                                                                                                
                                                                                                                                                                
                                                                                                                                        01                      
                                                                                                                                      0 10                      
                                                                                                                                     11000                      
                                                                                                                                    110000                      
                                                                      0001111111                                                  01000000                      
                                                                  0010001111111111                                                10000000                      
                                                               01100000000000111111111                                         01000000000                      
                                                0000001100  0000     0000000000001111111                                      110000000000                      
                                         0111111111111111110          00000000 00000001111 1 0                              0 000000000000                      
                                   0011111111111111111111111            011110000000000000011111100                        1100000000000                        
                              011111110000111111111111111110             1111111110000      00000111111110               011000000000000                        
                          011111101110000000000111111110111111          0111111111110            00000001111           011000000000000                          
                       0011110011111111111111110011111111111111       1111111111111110             0000000          0111000  000000000                          
                      0111111111111111111111111100111011001100010    011111110001100110          0010000        111111110000 00000000000                        
                   01111100110010 0000111001111110011101111111111   01111111011011111111        01111110         111110100000 0000000000                        
                  11111111111       00111001111111 01111110110001111111111100110000100110     011100110000     0110110000000  000000000000                      
                  111111111110   00 00111001111111001111111010  0111101100111000   011111000001100110011110   011110000000000 0000000000000000                  
                   1110001111110000111111011111110 011111111000011111111111110       011011101100110110010110000000000000000  0000000000000000                  
                      001001111111111111001110111 00111111111111001111111111110      01100110010000000000000000000000000000    00000000000000000                
                        000111110111111001111110 01111  111 11111111111111111111   01111110000000000000000000000            00000000000000000000                
                             00111000000011110001110001 11  111111 111111111111111111100000000000000000000                      0000000000000000000             
                                 00111100000011111000 001111111111111000000111000000000000000000001100000                              000000                   
                                       00      001100000000110000000000000000000000000000001111100000  0000000                                                  
                                           000   11110000011111100000110111000111011111111000    0000000000000                                                  
                                                   01110011111   011110000001111100000               000111000                                                  
                                                     01111111111   0000000000000                         00000                                                  
                                                        1 111111    00000000000000                                                                              
                                                          1 11        000000001111                                                                              
                                                                       01011111111                                                                              
                                                                        0111111110                                                                              
                                                                          111100                                                                                
                                                                            11 1                                                                                
                                                                              01                                                                                
                                                                                                                                                                
                                                                                                                                                                
                                                                                                                                                                
