                                                                                                                                                                
                                                                                                                                                                
                                                                                                                                                                
                                                                                                                                                                
                                                                                                                                                                
                                                                                                                                                                
                                                                                                                                     0                          
                                                                                                                                000001                          
                                                                     000000111 0                                             000111111                          
                                                                 0000111111111                                             001111111                            
                                            00000            000000000000011111000                                       00110001111                            
                                 00001111111111111111110     000 0000000000001111100 0                                 0100001101111                            
                          00011111111111111111111111111110    00000 00000000000000111110                              11000000111000                            
                      000111111000000001111111111111110010      0 0000000000000000000011111110                      0 000000011000                              
                   0011111111111111111011111111111111100000     0 0100011111000000000000000001111100               110000000000000                              
                00111111111111111111111011110111111111000001  0000000011111110000000       00000000100           01100000000000000                              
              0111110000 0 00 00001110100011101111111110000000000001111111111000000            0000000         01100000000000000                                
              011111000000    000011111110111001111111110000100000011111111010000000     0000   0          001111000000000000000                                
              00111111111000000001111011101111011111011111011100001111111111111000000   0000000000000   000001111000000000000000                                
              000111001111111110111100110011100111100001110001111111111000111110000001000000000000000   000001100000000000000000                                
                 00000111111110111100110001110011111111111000111111110000011100000000100000011111000001000001000000000000000000000                              
                    0001111110111101110011100111111111111111111111110000000 00000011101111011001100001100000000000000000000000000000                            
                        001111111111111110011111111111111111111111111100000 000000001100100110000000000000000000000000 000000000000000                          
                           001010001110000011111111111 11111111111111100001100000011110000000000000000000000000000  000000000000000000                          
                              0001 10101110011000111111111111111111111111111100011100000000000000000000                0000000000000000                         
                                  0 1 11100001000000011111101111111111111111110000000000000000000 00                      00000000000000                        
                                     000011110110000111111111000000000000000000000010000000000000000000                        00000000000                      
                                          000111111111111111  1000000100001100111000000000000000000000                                                          
                                               001011111111111100001111011110000000    000   000000000                                                          
                                                      000011111000000000000                     00000000                                                        
                                                           0111100000000000                                                                                     
                                                                0000000111110                                                                                   
                                                                  010011111100                                                                                  
                                                                   001001111                                                                                    
                                                                     0111111                                                                                    
                                                                        001                                                                                     
                                                                                                                                                                
                                                                                                                                                                
                                                                                                                                                                
                                                                                                                                                                
