                                                                                                                                                                
                                                                                                                                                                
                                                                                                                                                                
                                                                                                                                                                
                                                                                                                                                                
                                                                                                                                                                
                                                                                                                                                                
                                                                                                                                       0                        
                                                                   000111111                                                        0111                        
                                                             00010011111111111                                                    0110                          
                                                          0110000000000001111111                                                0 1000                          
                                    001111111111111110           00000000000001111                                             1100000                          
                             001111111111111111111111110         0000000000000001111                                          10000000                          
                       001111111100000111111111111111110            01110000000000000111 1                                 01100000000                          
                   00111110000111110000110111111111111100           11111111100000  00001111 1                            110000000000                          
                 011111111111111111111111101111111111111 1        0011111111111100      000001111111                    11000000000000                          
              011110011111100001111000001100011011101111100     0111111111111110            0000001111                1100000000000000                          
            011111111110      00111001111110011111111100111     11111111000110111            00000000011            1110000000000000                            
              1111111110    0 00111011111111 01111110111011000011111111011111111110         0010000              0111000000000000000                            
             0110001111110000111111011111111 0111111111   0111111111110111001110111      0001111110       0011111111000 0000000000                              
                001 11111111111111001111111  01111111110 01111111110111010   0111110    01111011100        011111010000 0000000000                              
                  001111111111111001111111  0111111111111111111111111110      01101111101110110111110    01101100100000  000000000                              
                      0111001111001111110 011111  11111110111111111111110      01100110110011011011110 0011111011000000 000000000000                            
                         01111111111110001110001     1111111 1111111111110   011111111001101101100110111100000000000000 00000000000000                          
                            000000000011111000000111111111111111111111111111111111110010000000000000000000000000000000   000000000000000                        
                                 01 111 001100000001111111111110111111111111111110000000000000000000000000000  000000    000000000000000                        
                                      1   11110001111111   1000000001110000000000000000000000001000                   00000000000000000000                      
                                            011111111111    10110111000010000000001001111100000000                      000000000000000000                      
                                               0111111       000000001111111  111110000  000   000000111                    00000000000000                      
                                                  001       1 0000000000000                00000000111                          000000000000                    
                                                      0  111   0 0 000000000                  01111110                                                          
                                                               00000000111                        0011                                                          
                                                                1000011111                                                                                      
                                                                 110111111                                                                                      
                                                                  011111                                                                                        
                                                                    0111                                                                                        
                                                                      01                                                                                        
                                                                                                                                                                
                                                                                                                                                                
                                                                                                                                                                
