                                                                                                                                                                
                                                                                                                                                                
                                                                                                                                                                
                                                                                                                                                                
                                                                                                                                                                
                                                                     00111                                                                                      
                                                                  01111100                                                                                      
                                                               011001100111100                                                                                  
                                                             011000000011000111001                                                                              
                                                           01100000000000000000100000011                                                                        
                                                          010      00000000 000000000000000111 1                                                0001            
                                               000111100            00010000000000000000000000001111                                       0011100              
                                         00111111111111111             0111111111110        000000000111                              001110000000              
                                     01111111111111111111100            11111111111            0000000001                         01111000000000                
                                 00111111111111111111111111001        011111111111110          00000000000                   0011100000000000000                
                              01111100000000001111111111111011 0     011101110011001100        1111110                  0011110000000000000000                  
                           011110111111100001111001111011001111110    111111011111110110     01111111         01100011111000000000000000000000                  
                        11111010111011111111111110001111111111011100 01111100011000111100 0001111111100      0011111111000000000000000100000                    
                       111111111111111001100000011100111011101100011110111011110   011111111110011011110    111011001100000000000001111110                      
                     01101001111110  00011100111111100111111111   0111111111110       110110110110110111100111110110100000000000000000000                       
                   011111100110        01110011111111 01111110000011111111111110     0111010000000000000011011011110010000 00000000000                          
                  0 111111111110    00001111011111110 0111111100110011111111111110  01100000000000000000000000000000000000000000000000                          
                  1001110011111110000011111001110011 0011111111111011 11111111111111110000000000000000000      00000000000000001111110                          
                   100000000011111111111111000111110 0111  11  111111111110111110000000100000000000000              00  00000000111111                          
                     00000100111111111111100111111001100011111111111111100000000000000000111110000  00000000          000000000000111000                        
                           0011111000000000011100 01000 00111111011000000000000001011111110    00000000000             0000000000011110000                      
                                 001111110000000100100000000100001110000111111111111000           00000000              010000000010001100                      
                                        00001     010000000011111011111100000000                      0011                0100000011000000                      
                                        10000000000010000011111    0000000       00001                                      01100000000000                      
                                        100000000000110001111111    0  000000000001111                                        011100000000                      
                                         100000      11011111111    000000001000111111                                           011110000                      
                                          00          0 111111         000000111111111                                              001111                      
                                                        1  1 1                00111111                                                   000                    
                                                          0                        01                                                                           
                                                                                                                                                                
                                                                                                                                                                
                                                                                                                                                                
                                                                                                                                                                
                                                                                                                                                                
                                                                                                                                                                
