                                                                                                                                                                
                                                                                                                                                                
                                                                                                                                                                
                                                                                                                                                                
                                                                                                                                                                
                                                                                                                                                                
                                                                                                                                                                
                                                                                                                                000001                          
                                                                    00000011110                                              0001111                            
                                                               000001111111111                                             011110000                            
                                          00000000     000  0000000000000011111000                                       01100001110                            
                               00001111111111111111111000     0   000000000001111110 0                                  010000110000                            
                         001111111111111111111111111111110    00000 00000000000000111111                               0100001001100                            
                     0011111100000001111111111111110010010      011000000000000000000001111111                        010000001100                              
                 0001111111111111111111111101111111100000000    00110001111110000 0000000000011111 0                 1100000010000                              
               001111111111111111111110011110111111111000010   00000001111111000000       000000001110              10000000000000                              
             01111110000 0 0  0000011010011110111111110000000000000111111111100000            00                  00000000000000                                
              011111000 00   000001110110111100111101110000010000011111111101100000      000000 0     00000000000100000000000000                                
              00111111111000010001111111101111001111111110001100111011111111111000000  00000000000000   000001111000000000000000                                
              000111011111111110111101110011100111100001100001111111111000110111000000000000001000000 00000000100000000000000000                                
                 00111111111110011100110001100011111001110001111111110000001000010001000000011111000000000001100000000000000000000                              
                    000111111011110111001110011111111111111111111111000000  00000110111011011001101011100000000000000000000000000000                            
                        00111011111110111001111111111111111111111111110000  0000001110110000000000000000000000000000000000000000000000                          
                           0000100001100001111111111111111111111111111100011000001111000000000000000000000000000000000  00000000000000                          
                               001 101011000110101111111111111111111111111111001110000000000000000                   00000000000000000                          
                                  001100000001100100111111111111111111111110011000000000000000000000000                 00000000000000 0                        
                                       000111011100011111111110000000000000000000000000000000000000000                      000000000000                        
                                           000001111111111111  1000001000011001110000000000000000000000                           00000000                      
                                               00011111111111111000111111111000000          000000000000                                                        
                                                      000001111100000000000                     00000000                                                        
                                                            0000000000000000                                                                                    
                                                                 00000111111 0                                                                                  
                                                                 01000111111                                                                                    
                                                                  0110001111                                                                                    
                                                                    011111                                                                                      
                                                                       000                                                                                      
                                                                                                                                                                
                                                                                                                                                                
                                                                                                                                                                
                                                                                                                                                                
