                                                                                                                                                                
                                                                                                                                                                
                                                                                                                                                                
                                                                                                                                                                
                                                                                                                                                                
                                                                                                                                                                
                                                                                                                                                                
                                                                   0000111                                                                                      
                                                              00011111110001                                                                                    
                                                           011000000000111111111                                                           0                    
                                               0000     0010 00000000000000111111                                                        1                      
                                   0011111111111111110           000000000000001111                                                   1100                      
                             0011111111111111111111111          0001100000000000000111 0                                            1100                        
                        011111111000011111111111111111              1111111000000000001111 0                                     0110000                        
                    001111000011110000010111111110111111           11111111111110     00001111 0                               011000000                        
                  11111011111111111111111001111111111111        0111111111011110          00001111 0                        011000000000                        
               0111001111111001111100001110011111101110101     01110111100111111             000001110                    01100000000000                        
             11111101100      01111011111110011111111111110    1111111111011101110           000000011 1               01100000000000000                        
            11011111110       01111011111111 0111111011000111111111110011111110111         01110000                 011100000000000000                          
            01110011111100000011110011111110 0111111110   1111001111111110  0111110    00011111110             00111100000000000000000                          
              00000011111111111111001111111  011111110100011111111111110     011111000011111111110        01111111110000000000000000                            
                 0001111111111111001111111 00111111111111111111111111110       110011111100110111110    000111111110000 000000000000                            
                  00001111111111001111111 01111   11 111111111111111111110    01110110110111011011100 00111111100100000 0000000000                              
                        011111111111110001111001111  111111  1111111111111000111111111101011011011111111111111110010000 000000000000                            
                            0011100000011110000000011111  11111111111111111111111110000000000000000000000000000000000000000000000000                            
                                 01     1001000000111111    1000000111100000000100000000000000000001000000000000000000 000000000000000                          
                                      0    0111000111111      00000000000000000000000000001000000                000   00000000000000000                        
                                          0 001111111111     101111100111111111111111100000000                      00000000000000000000                        
                                                011111    11111000000000000000000        0000000000111                000000000000000000                        
                                                     01   1111 0      0                    00000111110                   00000000000000000                      
                                                              10000000001100                 0111110                        000000000000                        
                                                              000000000111                      0111                            0000000000                      
                                                                0100001111 1                                                           00000                    
                                                                  110101 1                                                                                      
                                                                   01110                                                                                        
                                                                     011                                                                                        
                                                                                                                                                                
                                                                                                                                                                
                                                                                                                                                                
                                                                                                                                                                
