                                                                                                                                                                
                                                               011                                                                                              
                                                              100                                                                                               
                                                            11000001100 11                                                                                      
                                                            00100110001000011000                                                                                
                                                          100000100010000000000000001111                                                                        
                                                        01000 000 00  000  0000000000000001111                                                                  
                                  1                    01000 00   0 00000000000        000000011 1                                                              
                                 111               00011     000000111011111110            000000111                                                            
                                111111111      001100000      0000011111111111              0000000111                                                          
                                111111111100111110                 0111111001100           01110000001                                                          
                                111010101111111111111100            11111001100100        011111110    0                                                        
                                  0000011111111111111110           1110110001110010     011101110                                                               
                                 010011111111111111011111000       0111100010000001000001101111100        0                                                     
                                  01111111111111111101011101100     001100010  00000000000000001110       1110                                                  
                                01100111111111011010011010010001   01010000       00000000000000000   0110111110                                                
                               11000110000000000001000001001000001010000000      00000000000000000000001111111111100                                            
                             0110111110000000000100001000000000  0000000000000  00000000000000000000000000111111110111                                          
                          1011001111100000000001000000000000000   000000000000000001110000000000000000000000011111000111                                        
                         111101111100000001100000000000 0000000000 00000000000011100         000000000   00000010000000111                                      
                         011011111000000000000000000000  00000000000000000011000               0000000     000000000000001 0                                    
                         111111100000111110000000000000  000000000000000000                      0000       0000000001111111                                    
                         1111111110011110   00000 000000 0001000000111110    00000                  0        000000011111111 1                                  
                        11111110000000       0000 00000 00 000000111  11  00 0000000                         00001111111111111                                  
                        11111101000000    0 00000 0000000    00011111111 1  0 0000                           00011111111111111 0                                
                       011110001100000000000000000000100 000000011111111   1 10000                           101111111111111111                                 
                       00101000000000000000000000000       0111111111111     11 0000                        01111111  1 11 1111110                              
                         00000000000000000000                 0011111111  1                                 011111 1   1         1                              
                                    0                                                                       111111                                              
                                                                                                           01111                                                
                                                                                                           111                                                  
                                                                                                          111 10                                                
                                                                                                           1 1                                                  
                                                                                                         111                                                    
                                                                                                        11                                                      
                                                                                                       11                                                       
                                                                                                                                                                
                                                                                                                                                                
                                                                                                                                                                
                                                                                                                                                                
