                                                                                                                                                                
                                                                                                                                                                
                                                                                                                                                                
                                                                000000                                                                                          
                             0000000000                0000111111111                                                                                            
                000111111111111111111111111110    00110000000000011111                                                                                          
           0111111110000000000111111111111111100   0    0000000001111111                                                                                        
      0001111111111111111100000011111111111111 1         000000000001111                                                                                        
    111111101110111001111111111100111111111110          000100000000000111                                                                                      
    11011111110      011110000111011111111110110          011110000000000111 1                                                                                  
    11100111110      001100111111001111110111111         011111111000000000011 1                                                                                
    000000111110000001111011111111 0111111110111     0011111111111111100   0000111                                               00000                          
      0100111111111111110011111111 0111110111111    011111111111111100        000011 0                                    00011111                              
      0   11111111111110011111110 01111111110011100011111111100110111           00001111                              00111000000                               
            01100111110011111110 01111111110  011111111110001111110110            00000011                         0111000000000                                
              0111111111111110 0011111111111001111111101111110001101110         00000 000111                   01111000011100000                                
                0 11100110000001111   11111111111111111111000   011111      0 001111100   00                01110000001110000010                                
                    010000001111000 11  1111111111111111110      011110000001111111110                   011100000000001111111                                  
                      0 1 1100000 0111  111111  111111111110      1101111111101101110         0100000011110000000000111100000                                   
                         010000000001111111111111111111111110  011110011011011110111110     00011111111000000000000000001100                                    
                          0000000000000001111111111111111111111111111111111011001101111    0111111000000000000000000111100                                      
                        110000101111111010000000000001111001111111111001100000001101111111110110110010000000000000000000                                        
                         01110111111   10 1110011001100000000000010000000000000000000000000000110110000000 00000000000                                          
                         111111111  1111  000110000000011110010000000000000000000000001000100000000000000 000000000000                                          
                        11111 1 1  111         0000000000111111111111111110000000000          0000000000  000000001000                                          
                         1 1                   000000000000000            00 0     00              000   000000000000000                                        
                           1                   010000011111100             0000000000011             0000000000000000000                                        
                                                1011111111  11               011111111                 0000000000000000000                                      
                                                  0111111111                   0111100                   00000000000000000                                      
                                                  111101                          0011                    0000000000000000                                      
                                                   011 0                                                     0000000000000                                      
                                                     0                                                          00000000                                        
                                                                                                                    000000                                      
                                                                                                                         00000                                  
                                                                                                                                                                
                                                                                                                                                                
                                                                                                                                                                
                                                                                                                                                                
                                                                                                                                                                
                                                                                                                                                                
