                                                                                                                                                                
                                                                                                                                                                
                                                                                                                                                                
                                                                                                                                                                
                             0000000000                  0000111111111                                                                                          
               0011111111111111111111111111110     0011100000001111111                                                                                          
          00111111100000000000111111111111111100  000  000000000011111                                                                                          
      0111110111111111111110000011111111111111 1         000000000011111                                                                                        
    111111100100110001011111111100111111111110          000000000000001111                                                                                      
     1011111110      011110000111011111111110110          011110000000000111                                                                                    
    10100111110   0  011100111111001111110111111          11111111000000000011 1                                                                                
     00000111111000011111011111110 1111111110110      011111111111111100  00000111                                            00000000 0                        
      0001111111111111110011111110 1110110111111     11111111111011100 0     000001111                                  001111111111                            
          01111111111100011111110 01111111100011000011111111100110111           00000111                           001111110001111                              
            0110011110011111110  01111111110  011111111110001111100110            00000001 1                    011111001111111111                              
               011111111111110 0111111111110011111011111111110001111110          0000 000011                 0111000001111111111                                
                  0100000000001111   111111111111111110111000   011111         01111100                  01111000000001111111111                                
                    01100 011110001 11  111111111111111111      01111100 0 01111011110                001100000000001111111000                                  
                      0 1 0100000 1 1   111111  111111111110      11011111111011111110        01111111110000000000000111111000                                  
                         01000000000011 11111111111111111111    01111011011001111011111     00011111001000000000000111111111                                    
                          10000000111110011111111111111111111111111111111111011011001110  00011011001100000 000000000000                                        
                         1100101011111   00000000000011111111111111111011000000000001101111110110010000000  0000000000                                          
                         11111111111     01100011000100000000000010000000000000000000000000000000000000000 00000000000                                          
                          1111111 1   1110001110000110001100000000000000000000000000000000000000000000000  0000001111000                                        
                          1111       11        0000000001111111111111111111000000000              00000   00000000001000                                        
                                               00000000000000000          000      0000000            000 0000000000000000                                      
                              1                010000011111110              000000000000                00000000000000000000                                    
                                                1101011111  1                 0111100000                  000000000000000000                                    
                                                 1111111111  1                   01111                      0000000000000000                                    
                                                  011110                             000                       0000000000000                                    
                                                    0111                                                          0000000000                                    
                                                       0                                                             0000000                                    
                                                                                                                          0001                                  
                                                                                                                                                                
                                                                                                                                                                
                                                                                                                                                                
                                                                                                                                                                
                                                                                                                                                                
                                                                                                                                                                
                                                                                                                                                                
