                                                                                                                                                                
                                                                                                                                                                
                                                                                                                                                                
                                                                                                                                                                
                                                                                                                                                                
                                                                                                                                                                
                                                                                                                                                                
                                                                           001                                                    001111                        
                                                                     001111111                                                011111111111                      
                                                                 001111111111111                                          0111111111111111                      
                                                              0110000000000011111111                                    0111111111111111                        
                                            00000000000    00000 0000000000000001111011111                            111001111111111111                        
                                   00011111111111111111110          000000000000000000000001111111                  011000001111111111                          
                            001111111111111111111111111111          000011000000 000000000000000001111            01100000001111111111                          
                        0111111111000000001111111111111111              111111110000       0000000000111         1100000000011111111                            
                     111111011111111111111110111111110111111           0111111111110           000000         011100000000001111111                             
                 0011100111111111111111111111011110111111111         111111111111110           000000     001111110000000000000000                              
                111111011100   00011110000011000111111001111110     111101110001101110         111010       0101000000 00000000000                              
                1011111110       001110111111100111111111101111    01111111111011111111      0011011000    01000000000 00000111111                              
                111011111100 000001111011111111 0111111101100111001111111100110001100110    011111001110   00000000000  000000111111                            
                0000001111111101111110011111110 01111111110   01111011111111110   011111100011101100000000000000000000   0000000111001                          
                   000011111111111110011110110 0111111111010 0111111111001110      0011001100000000000000000000000000   0000000000011001                        
                     00111111111111000111111000111111111111111101111111111110       011100000000000000000000         0000000000000000000                        
                         0011100110011111100011111   11111111011111111111111111    011100000000000000000                0000000000000000                        
                            00111110000000111110000 11   1111111  1111111111111100111000000000000000000  0                 000000000000000                      
                                 000001 11 101100  1111111111111111111111111110000000000000000000000 00000                     00000000000                      
                                    0  1    00110000001111111111111000000011000000000000001111100  0000000                         0011000                      
                                        001   1011000000000110000000000000000010001101111100     000000000                             001                      
                                             0000011100111100100000111111011111111  100                                                                         
                                              00000011111111101111000000000000000                                                                               
                                                00      01        000    000000000                                                                              
                                                            0       00000000001111                                                                              
                                                                      011011111111                                                                              
                                                                        0111111111                                                                              
                                                                           01111 1                                                                              
                                                                               000                                                                              
                                                                                                                                                                
                                                                                                                                                                
                                                                                                                                                                
                                                                                                                                                                
