                                                                                                                                                                
                                                                                                                                                                
                                                                                                                                                                
                                                                                                                                                                
                                                           000001111 1                                                                                          
                  000011111111111111111111000        00111001111111111                                                                                          
            011111111111000000111111111111111100  0000000000000001111111                                                                                        
       00111111111111011110000001111111111111110         00000000000011111                                                                                      
     11111110110111101111111111111111111111111           0000000000000011111                                                                                    
     1101111110      011110011111011111111111100          00111000000000000001                                                                                  
     0100111110      001110111111 01110111110111          0 1111111000000000000001                                                                              
    01001011111000000111101111111001111110111111       00011111111111110     00000001111                                                                        
       00011111111111111001111111001110111110111     0111111111110111000        000000000011                                                                    
          01111111111110011111110 011111101100110   011111111100111110             000000000                              00000000                              
            0111111110001111110  01111111110  0111111111110101111100110            00000000000                   0001111111111111111111100                      
              0011111111111110 0111111111110 001111011111110111011111111         01111100                   0011111100111111111111111111                        
                 011100110000011111  11111111111111111100111110  0111110      0011111110        0      001111000000001111111111111111111    111                 
                    010001111110001  1  11111011111111111110      0111110000011111011110        0 111111110000000000001111111111111111                          
                       111 010000 0111  1111111 111111111111       01101111111100110111110    01011111111100000000000111111111111111                            
                        0  0100000000111111111  11111111111110    0111101100110110011011100 001111110011000000000000111111111111                                
                           0110000111111    11111111111111111100111111111111000000010001111111101111100100000000000000111111111                                 
                              1011111111     00100001111111111111111011100000000000000000000000000000000000000000000111111                                      
                               1111111       00000000000100000000001000000000000000000000000000000000000000 000001111111                                        
                                11111   1111 1111101110000010000000000000000000010000000              000  0000000111111                                        
                                  1           00000000001111111111111111111000000000  000000            000000000001111111                                      
                                    0     1      0  0 00000000000000           0000000000000              0000000001111111                                      
                                                  1000000011111100                00011110                  000000011111111                                     
                                                   11001111111  1                     0000                    00000111111111                                    
                                                    0111111111                                                 0000111111111                                    
                                                       01111                                                     01111111111                                    
                                                          00                                                       111111111                                    
                                                                                                                    011111                                      
                                                                                                                      1111                                      
                                                                                                                       0 1                                      
                                                                                                                        01                                      
                                                                                                                           1                                    
                                                                                                                                                                
                                                                                                                                                                
                                                                                                                                                                
                                                                                                                                                                
