                                                                                                                                                                
                                                                                                                                                                
                                                                                                                                           00                   
                                                                                                                                       011 1                    
                                                                                                                                    0111 0                      
                                                                                                                                  011000                        
                                                                                                                                01100000                        
                                                                                                                               110000000                        
                                                                             00000 0                                          1100000000 0                      
                                                                     0001111111111                                          010000000000                        
                                                                 011100000001111111111                                      100000000000                        
                                                      000     001000000000000001111111 1                                  11000000000000                        
                                          0011111111111111            00000 00000000011111 100                          0 00000000000000                        
                                   0001111111111111111111111          010110000000  00000001111111111111 0             110000000000000                          
                              001111111000111111111111111110            0 1111111000000      0000000011111           01100000000000000                          
                          011111111110000000000111111111111100           0111111111110            000000000       01111000  0000000000                          
                       011110001111111111111111001111110111011         011111111001110             00000      00111111000000 00000000000                        
                     0111011111111111111111111100011101110111110      11100111001110110           010000         11100000000 0000000000000                      
                   01111100110010 000011100000110 011111101100111    01111111110111001100       001111100      0110100000000 000000000000000                    
                  11011111111       00111011111110 01100110111011000011111100011011110011      111100111110    0000000000000 00000000000000000                  
                  0 1100111110   00000111011111111 01111111110  01111011111111110  0111111000001100110000100000000000000000   000000000000000000                
                   0010000111110000111110011111110 01111111000  011111111001100     00010011101100100000000000000000000    000000000000000000000                
                       00011111111111111001110010 00111111110111110111111111110       01100010000000000000000000               0000000000000000000              
                       0  0111100111111000111110 011111 1111111100111111111111110   011111000000000000000000                                                    
                             0011100000011111000111101  11  111111  11111111111110001110000000000000000000   000                                                
                                 00111100000011111000 011111111111111111011111110000000000000000000000000000000                                                 
                                       01     1010000000001110000000100000000100000000000000111000000 0000000000                                                
                                          0 0   0 0000000000001000000000000000001000111111100        00000000000                                                
                                                 010000001111011111111111111011111111000                                                                        
                                                  1 00001111  00000000000000000000                                                                              
                                                    100111111         00   00000000                                                                             
                                                    0 111111           0000000000111                                                                            
                                                       111              010011111111                                                                            
                                                      0 11               011111111                                                                              
                                                                           0111100                                                                              
                                                                              01 1                                                                              
                                                                                 0                                                                              
                                                                                                                                                                
                                                                                                                                                                
                                                                                                                                                                
