                                                                                                                                                                
                                                                                                                                                                
                                                                                                                                                                
                                                                                                                                                                
                                                                         0                                                                                      
                                                                     00111                                                                                      
                                                                  01111100                                                                                      
                                                                01101100111000                                                                                  
                                                              01000000011001110001                                                                              
                                                            010000000000000000110000000000                                                                      
                                                          0110 000000  000 00000000000000000000000                                                              
                                                  0000    0       0000000000000000000000000000000000                                         000000000          
                                           011111111111110          000111111100000        0000000000000                            0000000000000000            
                                      01111111111111111111             011111111110           0000000000                     000110000000000000000              
                                  0011111111111111111111110000        00111111001100           000000                   00111000000000000000000000              
                              011111000001111111111111101100110      01111111000100110        0111110             000000000000000000000100000000                
                           0111101111000000011101111111111011110     0111111111010100110    001100110         11111111000 00000000111111110000                  
                        111110010111111111111111001110111011101110   01111100010000101110 0001100000100     00000000000000000000000011100000                    
                      01100111111111111110000011100011111111111011100110111111110  0111111111000100001100000111111011000000000000011111111                      
                    0110001111111000000110001111110001111111110  01111011100110      001001001000000000111111111111000000000000000000000                        
                  011111100110     0 001110011111110 01111111000 011111111111110     0111000000000000000000000000000000000000000000000                          
                 0111111111110     0 001110011111110 01111111100111111110111111110  01100000000000000000000000000000000000000011111100                          
                 1111110111111100000011111001111111 001111111111110111111111111111001100000000000000000            000  00000001111111                          
                  000000000111111111111111001100110001111 11111111111 11110111111000000000000000000000000000         00000000000111110                          
                     00000 0111111111111100001111000111111111111111111110000001100000000010111000    0000000           00000000110000000                        
                         0000000000000000001111000111000011111110100001000000000000001111100     00000000000            0100000100000000                        
                               000000000000000000010000011111110010000001001100011111100             0000000             010000010000000                        
                                       000011  1101000000111100000100000000000000                                          1100101100000                        
                                       0 0000000101100000000011111111110000                                                 011110000000                        
                                      10000000000 0 0000001110      000000000 00000000                                        0111000000                        
                                      0000000000    0000000111      000000001000000000                                          01111000                        
                                      00            1000000001        0000000011000000                                             01110                        
                                                      100000            00     0011100                                                0000                      
                                                      0100                         001                                                                          
                                                        11                                                                                                      
                                                                                                                                                                
                                                                                                                                                                
                                                                                                                                                                
                                                                                                                                                                
                                                                                                                                                                
