                                                                                                                                                                
                                                                                                                                                                
                                                                                                                                                                
                                                                                                                                                                
                                                                                                                                                                
                                                                                                                                                                
                                                                                                                                                                
                                                                    000000                                                                                      
                                                               0000111111111                                                      01110000                      
                                                           0000100000000011111                                                0 0110000                         
                                                      0000000000000000000001111111                                        000  0110000                          
                                  00011111111111100000000  0   0   0000000000000011111                                 00     01000000                          
                          000111111111111111111111111110    0 0000000000000000000000001110000                       00      0110000000                          
                      011111111000111111111111111111111100      0110000110000000 000000000110000                  0        01100100000                          
                  011111001111110011111111111111111000000000    011001111111100000      0000001100              0         0110000000                            
               011111011111111111111110111110111111111000000    010111111111000000        000000             00         011000000100                            
            01110011111110000 0001111100111110111111110000000001001111111111100000       00000000000000111000         00100000000000                            
           000111111000  0  0000001110100111110011101110000001000111111111001100000     0000000   0 00001110         0000000000000                              
          0   00111000  000001100111101100111100111111110  0111111111110111111110000  000000001000    000000   0 00000000000000000                              
             011111100111011111011110111001110011111000110001111111111100000001100000000000001111100 00000000011111000000000000000                              
              0 011111111111111011100110001100011111000111111111111110000  0000111111000001111001110000000000000000000000000000000                              
                 0000111111111011101110001101111111111111111111111111000      000011011101000000000000000000100000000000000000000000                            
                   00  000111011111110011101111111111111111111111111111000  000001110100000000000000000         00000000000000000000 0                          
                          000011110000100111111111111111111111111111111100000001111000000000000000000               000000000000000000 0                        
                                000111111000111111111111  1111111111111111111111000000000000000000000000                000000000000000                         
                                0   0100000001111111111111111110001111110000000000000000000000000000000                    0000000000000                        
                                    0   0000001111001111111111110000000000000000010010000000000000000                         0000000000                        
                                    0       0000011111111111111110100001111111110000         00000000000                         0000000                        
                                    0        001001111111   111110000011110000                                                      0000                        
                                   0     0 00  000    0 0000010000 000000000                                                            00                      
                                    0 00  0                    0000000000111 0                                                                                  
                                    0 0 0                       000000011111                                                                                    
                                     0                            0011111111                                                                                    
                                      00                             00111 1                                                                                    
                                                                          0                                                                                     
                                                                                                                                                                
                                                                                                                                                                
                                                                                                                                                                
                                                                                                                                                                
                                                                                                                                                                
