                                                                                                                                                                
                                                                                                                                                                
                                                                                                                                                                
                                                                                                                                                                
                                                                                                                                                                
                                                                                                                                                                
                                                                                                                                 001                            
                                                                                                                               111                              
                                                                     000001111                                               010000                             
                                                                0011011111111111                                            110000                              
                                          0000000000000     0011000000000001111111                                          000000                              
                                00000111111111111111111100  0       000000000001111111                                    1000000000                            
                          00111111111000111111111111111111          0000000000000011111  0                              0100000000                              
                      011111100001110000001111111111111110            01110000000000000111 1 0                         11000000000                              
                   01111111111111111111111100111111101111110          01111111100000 0000000111111 0                  110000000000                              
                11111001111110001111111111110011101111111111        0011111111111100       00000001111                100000000000                              
              111111111110      0111100111111 011111101111110     0111111111111111             00000001111         011000000000000                              
               11011111110      00111011111110 111111111111110    111111110001101110           00000000          011000000000000                                
              00010011111100000111110011111111 01111111110001100011111111011111101110         0110000       00111111000 00000000                                
              001001 0111111111111110111111110 0111111111   01111111111101110001101110      001111110        01111000000 0000000                                
                  01011111111111111001111111  011111111010001111111110111110   0111110    0111100111000     010110000000 000000000                              
                     0011111111111011111110 001111111111111111111111111110      011101101011100110111110   0111000000000 000000000                              
                         011111111111111000011111   11 11111111111111111110       11001100110111011001010000000000000000 00000000000                            
                            001110000000011111000111  1111111  1111111111110    011111111001000000000000000000000000000  0000000000000                          
                                 01111 1  0010000000111111111111111111111111101111111100000000000000000000000000 0  000000000000000000                          
                                          100110000011111    1110011111111111111111000000000000000000000                00000000000000                          
                                        0    1111000111111     00000011110000000001000000000001100000                      00000000000                          
                                             000111111111       000010000010000000001001111100000000000000                     000000000                        
                                                 0111111    11  00001111111111111111111000 0000  000000000                                                      
                                                    001     11111000000000000000               000000000                                                        
                                                                10  0000000000                    00111111                                                      
                                                                 00000001111                            00                                                      
                                                                 00000011111111                                                                                 
                                                                   100001111                                                                                    
                                                                    011110                                                                                      
                                                                      0111                                                                                      
                                                                         01                                                                                     
                                                                                                                                                                
                                                                                                                                                                
                                                                                                                                                                
