                                                                                                                                                                
                                                                                                                                                                
                                                                                                                                                                
                                                                                                                                                                
                                                                                                                                                                
                                                                                                                                                                
                                                                       00111                                                                                    
                                                                   01111111000                                                                                  
                                                                010000000011111111                                                             1                
                                                             01100000000000001111111                                                           1                
                                                           0110 000000000000000001111111 0                                                   100                
                                               000111100            0000000000000000000111 1 0                                            1100                  
                                        001111111111111111          0001111100000000000000011111                                        110000                  
                                    0011111111111111111111              1111111111110      000011111                                 011000000                  
                                01111100111111111111111111000          0111111111110           000011110                          001100000000                  
                            0111111000000000001111111101111111       111111111111110             000000111 0                   011100000000000                  
                         011110001111111111111001111011101111100    011111110001100110          000000000001                011100000000000000                  
                       01110011111111111111111100011111101110111    0111110011111111110        01111110                 00110000000000000000                    
                     0110111111111000011000011110001110111011001100111111100111000101110    0111101110        0 11111111100  000000000000000                    
                   011110011100     00111001111111 0111111111   011101110011100   0111110000111111011100       0111111111000  000000000000                      
                  11111111110     0 00111001111111001111111010 01111111111110       011011011001111111110    011111001100000000000000000                        
                 111111111111000000001111001111110 0111111110111101111111111110     0110011011011011011111001101111110000000 00000000000                        
                  0011100111111111111111101110011 001111111111110111111111111110  011111111100000000000000100000011000000000 0000000000000                      
                   000000001111111111111000111110011111  1  111111  1111111111111111100000000000000000000000000000000000000 0000000000000000                    
                         0011111000001100111110011110001111111111111110000111100000000000000000000000000           0000000  0000000000000000                    
                              00111111000000001 111000000001111    10000000000000000000000011100000000                  0000000000000000000000                  
                                   0000000111 1 0001100000111111     00001100001101111111000  00     0000000              00000000000000000000                  
                                          0 0     11111100011111      100000111110000           000000011111                00000000000000000000                
                                                      0011111111      10000                       01111111                     00000000000000000                
                                                           0111     11 0  000                       001111                         000000000000000              
                                                                 00     0000001111                      00                               000000000              
                                                                     0000000011111                                                                              
                                                                      000000001111                                                                              
                                                                        00000001                                                                                
                                                                           01100                                                                                
                                                                             0 1                                                                                
                                                                                                                                                                
                                                                                                                                                                
                                                                                                                                                                
                                                                                                                                                                
