                                                                                                                                                                
                                                                                                                                                                
                                                                                                                                                                
                                                                                                                                                                
                                                                                                                                                                
                                                               001111111                                                                                        
                           00000000111111000000          00111000000000001                                                                                      
                   0011111111111111111111111111111 0  0010000000000001111111                                                                                    
              01111111110001100000011111111111111110         00000000000011111                                                                                  
          0111100111111111111111111111111111111111           0000000000000011111                                                                                
        0 111111110    00011111111110011111111111100          00111000000000001111                                                                              
         1101111110      011110100111001111111111111          0 1111111000 000000111                                                                            
        01100011110000000111101111111001111110111111       000111111111111100 00001111 0                                                                        
           000111111111111110011111110011101111111110     1111111111111111100    0000111 0                                                                      
           0 111111111111110011111110 0111111111101110  011111111101111111          000011 0                                                                    
               011111111100011111110 01111111111   111111111110101111100110            00011 0                                                                  
                  1111111011111110 00111111111110001111011111110111111111110           0000011 0                                                                
                    1111111111100011111  11111111111111111101111110  0111110        000100000111                                          01 0                  
                      00000000011110011  1  11111011111111111110     0111110     00011111110 0001                                    0011100                    
                        0  111110000 01 11  1111111 111111111110       111110100111111111100                                    0001110000                      
                            01100000 01 1   111111  1111111111111     01110110111111111110                              0001110000000000                        
                            100000000001111111111111111111111111100001111111101101111111111       011100     000011111100000000000000000                        
                            000000101100011001100111100111111111111111111111111111111101111    011011111111111000000000000000000000000                          
                          1101101111111110111110000000000111110011111111010001000001111111110011111111111110100 00000000000000000000                            
                           01011111111  1 0001  1111111111000000000000000000000000000000000111111111110110010000000000000000000000                              
                           111111 11  111000    00000000000111111111000010000000000000000100000101111101100000000000000000000000                                
                          11 1       11             00 00 000000011111111111100000000000     00000000000100000000000000000000                                   
                           1 0                      100000000                  00 0    0          000000000000000000000000                                      
                                                    110011111111                0000000011 0         000000000000011100000                                      
                                                      010111111 11               011111111            00000000000000111000                                      
                                                      111011111  1                 1111011             0000000000000100000                                      
                                                      11110 1   1                    011                01000000000000000000                                    
                                                        11     1                       0                  100000000000000000                                    
                                                        0                                                  01000000000000000                                    
                                                                                                            0100000000000000                                    
                                                                                                              01100000000000                                    
                                                                                                                001000000000                                    
                                                                                                                   0011000                                      
                                                                                                                       00000                                    
                                                                                                                           000                                  
