                                                                                                                                                                
                                                                                                                                                                
                                                                                                                                                                
                                                                                                                                                                
                                                                        00                                                                                      
                                                                   00111                                                                                        
                                                               011111100                                                                                        
                                                            0110011000111100                                                                                    
                                                          1100000000110000111000                                                                                
                                                        1100000000000000000001110011                                                                            
                                            00000100  00        00000000 000000000000111 1                                                                      
                                     00111111111111110          000111000000 000000000000111 1                                                                  
                                0011111111111111111111              1111111111100     000000011111                                                              
                           00111110011111111111111111100           0111111111110         00000000111                                           00001            
                        0111111000000000001111111101111111       011111111111110            0000000011                                   000111000              
                     01111000011111111111100111101111111110     011101110001101110          00000000011                             0011100000000               
                  011110111111111111111111110011111101110111    0111111111111111110        01111100                            00111100000000000                
                 111011111111100001100011111100111011101110110001111110011100110011     00011111100                      001111100000000000000                  
              011111001100      0011100111111100111111111   011101111011110   01111100001111101110        00000    000111110000000000000000000                  
             111111111110     0 001110011111110 0111111010  1111111111110      001111111110111011110     00011111111100000000000000000000000                    
            0001111111111100000011111001111111  01111111011111111111111110      011011011011011011110   011111111111110000000000000000000000                    
             000010000111111111111111001110110 01111111111110111111111111110   11111111111011111111111111111111011001000000000000111111000                      
              0010001 01111111111111000111110 0111   1  111111  11111111111111111111101100000000000001001111111101100000000000000000000                         
                 0 0001111100000111001111100 010001 11  1111111111111111111111111100000000000000000000010000100100100000000000000000                            
                         001111000011110000011000 011111 111111111000011110000000000000000000000000      000000000000000000011000000                            
                              000000000001 00100000000111111000000000000000000000001111111000000              0000000000000001111100                            
                                    001     01100000011111   100011111101111111  11000    00   0000011 0         0000000000001111110                            
                                     0 0000000110001111111    10110000000000                0000011111            00000000000001100000                          
                                    0000000000011111111111     0 00                           01111111             0100000000000010000                          
                                    0000000000 00 11111111     0   0000000111111                0011                 0100000000000011000                        
                                     00000         111 1 1     00000110011111111                    0                 011000000010000000                        
                                      0               01      1000000011111111 1                                        0110000000000000                        
                                                                  000001111110                                             01110000000 0                        
                                                                         001 1                                               001110000                          
                                                                            00                                                   0011110                        
                                                                                                                                      0000                      
                                                                                                                                                                
                                                                                                                                                                
                                                                                                                                                                
                                                                                                                                                                
