                                                                                                                                                                
                                                             00011                                                                                              
                                                         001111110                                                                                              
                                                      0110001000011111                                                                                          
                                                    01000000000000000111                                                                                        
                                                  010 0000 00000000000011111                                                                                    
                                          0000  0000     000000000  0000000111 1                                                                                
                                     01111111000          0001111100000  0000011                                                                                
                                 01111111111111110            01111111111000  000111 0                                                                          
                              01111111111111111110            01111111111100     00111                                                                          
                           001111111111111111011111000       1111111111110          0011                                                                        
                         011000111111111111110110110110     011011100110110           001                                                                       
                       1110111100000000000010110110111010   0111110111111110          0001 0                                                                    
                     0110111111000000000110000101100100110001111100110011010       011110001                                                                    
                  1111001111110000111100000100011011011 0111101101100  011110   011111111100 0                                                                  
                 01110111110000000000000000001000101100  0111011011     001111011111111100                                                                      
                 0111111111011111000000000111000 00110000000000110000    010111111111110                                                                        
                 1111111110011110   000000000000 00000000000000000000   00000001011111110       0                                                               
                11111111100000      000000000000 000000000000000000000000000000000111111      1 11                                                              
                11111111100000    0000000 00000 000000000000000000000000000000000000011100011111111                                                             
              01111100000010000000000000000000000 0000100000000000000001000000000000000111111111111110                                                          
                00000000000000000000000000000 00  01111111111100000010000000000 000000001111111111110111100                                                     
                 00000000000111011111111111  1111  0011110000000                 0    0  0111111111100000011110000               001                            
                          0     00     0000     0 0 00000000 0                    000000   0111111110000000000000000011111111111 1                              
                                                  1100000000000 00000000          0011111   011111000000000000000000000000000000                                
                                                    11001000  0000000000            11       0000000000010000000000000000000                                    
                                                       111     000000000            1        000000100100111100000000000                                        
                                                      0 1       010000              1        0000010110111000000000000                                          
                                                      0110        11 0                       10000111111011000                                                  
                                                      011                                   01000101111110                                                      
                                                                                            01101110111111                                                      
                                                      1                                     01101011111100                                                      
                                                                                            01111111110000                                                      
                                                                                             1111110011000                                                      
                                                                                             1111011000000                                                      
                                                                                              1110010000                                                        
                                                                                               110000000                                                        
                                                                                                110000 0                                                        
                                                                                                 01100                                                          
                                                                                                   010                                                          
