                                                                                                                                                                
                                                                                                                                                                
                                                                                                                                                                
                                                            0000001111                                                                                          
                              00000000                00000111111111                                                                                            
                 00011111111111111111111111110    01100000000000011111                                                                                          
           0001111111100000000111111111111111100        0000000000011111                                                                                        
        00111111111110111100000011111111111111           00000000000011111                                                                                      
     01111101111111111111111111100111111111110          0001100000000000111                                                                                     
   011011111110    0 011110000111011111111110111          0111110000 000001111                                                                                  
    1110111111       001110111111001111110111111         01111111110000000001111                                                                                
    001000111110000001111001111111 0111111110111      011111111111111100   0000011                                                                              
       100111111111111110011111111 01111111111110    1111111111111110         00000111                                        000001                            
      0  1111111111111100111111110 0111111110 01100011111111100110111            0000111                                 001100000                              
           011111111110001111110  0111111110  011111111110001111111110            00000011                            011100000000                              
              01100110111111110 011111111111001111111110111110001101110         00000 00111                       01110000000000                                
                0 111111111000001111  11111111111111111111000   011111      00011111100  000                  001110000000000000                                
                   00100000011110001 1   111111111111111110      011111000011111111110                    0011100000000000011110                                
                      0   1100000 0111  111111  111111111111      1101111111101101110         0000   0001110000000000011111000                                  
                         010000000011111111111111111111111110  011111111011011110111110     0 011111111100000000000011100000                                    
                          0000000000011101111111100111111111111111111111111111011101110    011111011010000 00000000000111001                                    
                         100000001111001001000000000011110001111110110011000000011111111111111111100100000 0000000000000                                        
                        101110111111  101 1111001101100000000000010000000000000000000000000101111110000000 00000000000                                          
                        11111111111 111    00110000000011110111000000000000000000000010001000001000000000 000000000000                                          
                         111 1    1 11         00 00 0000011111111111111110000000000        000000000000 0000000111000                                          
                         1 0      11           0000000000000              00       00            00000   0000000000000                                          
                         1 0                    10000011111100             0000000001111            00000000000000000000                                        
                                                1111111111  1                011111111               0000000000000000000                                        
                                                  011111111                    011110                  0000000000000000000                                      
                                                  111101    1                     01                    0100000000000000                                        
                                                   111                                                    0100000000000000                                      
                                                    0  1                                                     0100000000000                                      
                                                                                                               000100000                                        
                                                                                                                   0000000                                      
                                                                                                                          00                                    
                                                                                                                                                                
                                                                                                                                                                
                                                                                                                                                                
                                                                                                                                                                
                                                                                                                                                                
