                                                                                                                                                                
                                                                                                                                                                
                                                                                                                                                                
                                                                                                                                                                
                                                                                                                                                                
                                                                                                                                                                
                                                                                                                                                                
                                                                          0000                                                                                  
                                                                 00111111111                                                          01                        
                                                            001100000001111111                                                      0 10                        
                                                          0100000000000000111111                                                   11000                        
                                    001111111111111110           00000000000001111 1                                             1100000                        
                             0011111111111111111111111 0         0000000000000000111                                            100000                          
                       0011111111000001111111111111111 0            01111000000000000111 1                                   011000000                          
                    0111110000111100000110111111111111100           11111111100000  00000111 1                             01100000000                          
                 011111111111111111111111001111111111111 0       00111111111111100       000011111                       0110000000000                          
              011110011111100000111000001100011111101111100     0111111111111110            0000001111                 011000000000000                          
            011111111110      01111001111110011111111101111    011111111000110011            00000000111             01100000000000000                          
            011111111110      00111011111111 01111110110011100011111100011111111110         0110000               0111000000000000000                           
             1110011111100000011111011111111 0111111111   1111111111111111000100110      0011111110       00000111110000000000000000                            
               0000 11111111111111001111011  01111111110 01111111110111000   0111110 0001111001110         011111111000 0000000000                              
                  001111111111111000111111  0111111111111111111111111110      0110111111110111011110     011111001100000 000000000                              
                  0  00111011111001111110 011111  11111110111111111111110      0110110011011111111110  0011111110000000 000000000000                            
                         01111111111110001110001 1   111111  1111111111111   011111111001011001101111111110110000000000 000000000000                            
                            00000000001 1110000000111111111111111111111111111111111101100000000000000000000000000000000 00000000000000                          
                                 01 111 000100000011111    1110001011111111111010000000000000000000010000000000000000   0000000000000000                        
                                      0   10110001111111    10000000000000000000000000000000001000                  00000000000000000000                        
                                            001111111111     001011100001000110001111111100000000                      0000000000000000000                      
                                                011111    11 100000011111111111110000    00   00000011 1                 00000000000000000                      
                                                    01    1111000   000000                 00000001111                       0000000000000                      
                                                        0     00 0000000000                  011111100                            0000000000 0                  
                                                               00000001111                       01111                                                          
                                                                1000011111 1                                                                                    
                                                                 110111111                                                                                      
                                                                  011110                                                                                        
                                                                    0111                                                                                        
                                                                      01                                                                                        
                                                                                                                                                                
                                                                                                                                                                
                                                                                                                                                                
