                                                                                                                                                                
                                                                                                                                                                
                                                                                                                                                                
                                                                                                                                                                
                                                                                                                                                                
                                                                                                                                                                
                                                                                                                                                                
                                                                         00                                                                                     
                                                                   0001111                                                            00000000                  
                                                               0011111110111                                                    0011111111                      
                                     00000000000           011100000000111111111                                            01111111111111                      
                         00011111111111111111111111110  00000 00000000000000011111                                       011111111111111                        
                   0011111111100000000111111111111111100         000  000000000000001111                              011101111111111111                        
              0011111111111111111110000111111111111111          000000000000 0000000000000111111                    11100000111111111111                        
            01111110111111111011111111110111111111111000          00111100000000  000000000000000011             011000000001111111111                          
            1101111110     00111100000110011111111110111          0 111111111110          0000000000           01100000000011111111111                          
            0110111110      0111101111111 01111110111111       0111111111101110             00000           011110000000000011111111                            
              010011111110011111001111111 011101111100111     011101111001111110           011010       01111111100000000000000000                              
               00011111111111110011111110 0111111101111110   011111111100111001100        0111110        01111010000000000000010                                
               0 01111111111110011111110  01111111110  011111111111100011111110111      00110011000     11011000000000000000000000                              
                    1111111110011111110 0011111111010  0111110111111111110 011111100 000111111011110   010100000000000000001111111                              
                      0 111111111111000011111111111111111111111110111100     011001111111001101000001000000000000000  00000001111111                            
                        0 111111100001111111  1111111110111111111111110        111001001100000000000000000000000000   0000000000111001                          
                           0010000  11100000  1   1111111 111111111111110    001110000000000000000000000           000000000000000111100                        
                              0 111100100000011111111111  111111111111111000111110100000000000000000                 0000000000000000001                        
                                0    1010000001111111111111111111111111111111100000000000000000000000000                 000000000000000                        
                                    0 11110011111111   1011000000011110000000000000000000100000  00000                      000000000011                        
                                         011111111      1000000000000000000000000111111000000000000000                         0001100000                       
                                            1 11      11 0111111110011111111111111000         0000000000                           0011110                      
                                              01      11 000000000000000000000                                                         01                       
                                                       1     00  0000000000000                                                                                  
                                                              010000011111  11                                                                                  
                                                                0111111111 1                                                                                    
                                                                   0111111                                                                                      
                                                                      0011                                                                                      
                                                                                                                                                                
                                                                                                                                                                
                                                                                                                                                                
                                                                                                                                                                
                                                                                                                                                                
