                                                                00                                                                                              
                                                              01                                                                                                
                                                            110000                                                                                              
                                                          0100100010000111                                                                                      
                                                          0010001000010000111111                                                                                
                                                        100000000000000000000000001111                                                                          
                                    1                 0 0000 00  00  000  000000000000011110                                                                    
                                                     01  0   000000000000000000    00000000111 0                                                                
                                 1111 1        00111100     001111111111111111           0000111 0                                                              
                                01111111110011110                 01111110111              0000011 0                                                            
                                1111101011111111111100             111111001110            000000011                                                            
                                01000011111111111111110           011111001100100        011111000001                                                           
                                  001111111111111011111000       01100110001110010    00011111111    0                                                          
                                 011111111111111110111110111      01111001000000100 00011101111                                                                 
                               01100111111111110110010010011000   001110000   0000000000011011100       0                                                       
                              11000111000100000001001011001001100010110000      00000000000000110       1110                                                    
                            0 10111110000000000000001001000010 000000000000    000000000000000000000011111111                                                   
                           11001111100000000001110000000000000  0000000000000 0000000000000000000001111111111110                                                
                        01110111111000000110000000000000000000000 000000000000000000100000000000000000111111110110                                              
                       0111011111000000000000000000000  0000000000000000000001111000     00   00000 00001111110001 0                                            
                        111111100000111100000000000000  0000000000000000111000             00000000   00011011000001                                            
                        1111111000011110   00000000000 000000100000000000                    0000000   000000000000011                                          
                       11111111100000       0000 00000 00000000011    10   00000               000      0000000001111111                                        
                        1111101000000    0 00000 0000000    00011111  11 0000000 0                       000000111111111                                        
                      011111001100000000000000000000000000000001111111     00000                         00011111111111111                                      
                      011111000000000000000000100000     0111111111111      0000                        00011111111111111011                                    
                        000000000000000000000               0011111111  1111  00                        01111111111111111100 1                                  
                         0000000  00                               0000000                              111111     11111111000                                  
                                                                                                       0111111                                                  
                                                                                                       11111                                                    
                                                                                                      1111111                                                   
                                                                                                     01111 1                                                    
                                                                                                      11                                                        
                                                                                                    0  1 1                                                      
                                                                                                        1                                                       
                                                                                                    1                                                           
                                                                                                   1 1                                                          
                                                                                                   11                                                           
                                                                                                   1                                                            
                                                                                                                                                                
