                                                                                                                                                                
                                                                                                                                                                
                                                                                                                                                                
                                                                                                                                                                
                                                                                                                                                                
                                                                       000                                                                                      
                                                                   0011111                                                                                      
                                                                00111110000111                                                                                  
                                                              01000000001110001101                                                                              
                                                            01000000000000000000011111                                                                          
                                                          010  00 0000  000000000000000111 0                                                        10          
                                                000110             000000000000  0000000000111 0                                                                
                                         00111111111111110          0011111111100000    000000111110                                          01 1 0            
                                     011111111111111111110            0 111111111110         000001111                                     0011000              
                                0011111111111111111111111000          0111111101110             00000011 0                              0111000000              
                             0111110000000000111111110111111 0      01111111001111110           0000000011 0                       0011100000000                
                         00111100111110001111001111111111111100     111111110011111110        01111100    00                  001110000000000000                
                       01111001111111111111111000110111011100110   01111110011011110110     0011111110                   011111000000000000000                  
                     0111111111111110111000011110011100110011001101111111111110  0111110 0001111111110        01111111111000000000000000000000                  
                    1110001110 0 0000111001111111001111111110   11110111011100    0011111111110110011110    000111111111000 000000000000000000                  
                  11111100110       00110011111110 01111111010 01111111111111       01101101101101101111000011111110110010000000000000000000                    
                0 11111111110    0 001111011111110 01111111101111011111111111110   011111110000000100111111111111111011000000000000000000                       
                  0111011111111000111111001110011 00111111111111011111111111111100111111100000000000000000000000100100100000000000000000                        
                  100100001111111111111100111111 00111   1  111111  11111111111111110000000000000000000000000000000000000000000001100000                        
                    0000000111110000111001111100011100011111111111111100000111000000000000000000000000            0000000000000000111000                        
                         0000111110000000000000111100000000111      000000000000000000011111000000   00000           000000000000000000000                      
                                 00111110000011 0011000001111111     10001110111111111000      00000000011 1           000000000000000000000                    
                                        000       00111000111111      10000000000                000111111               0000000000000000000                    
                                                 000001111111111    11 0                           0111110                 00000000000000000                    
                                                     000011111      11  0 0000000000                  0011                   000000000000000                    
                                                                0000  11000000011111                                            00000000000000                  
                                                                     000000000111111                                               00000000000                  
                                                                      000001000011                                                       0000000                
                                                                            01100                                                                               
                                                                              11 0                                                                              
                                                                                0                                                                               
                                                                                                                                                                
                                                                                                                                                                
                                                                                                                                                                
                                                                                                                                                                
