                                                                                                                                                                
                                                                                                                                                                
                                                                                                                                                                
                                                                                                                                                                
                                                                       0                                                                                        
                                                                    0111                                                                                        
                                                                 0111110                                                                                        
                                                               0111110011100                                                                                    
                                                             11001000111000110001                                                                               
                                                           01000000010000100011100001111                                                                        
                                                         011 0000000  000000000000000000001111                                                                  
                                                        000      000000000000 000 000000000000001111                                                            
                                           0011111111100          00011111111100000       000000000011                                                          
                                     0011111111111111111              111111111110            0000000011 0                                                      
                                 0011111111111111111111100           0111111111110            000000000000                                00000000000000        
                            00111110000111111111111111111111       01111111101110110          1111110                      000011111111111000000000000          
                         011111000000000001001111111111111110      0111111100011101110      001111110         11000000011111100000000000000000000000            
                      0111100001111111111111001111011101110011     01111100111011100110    01111111100      0011111111110000000000000000000000000000            
                    01110011111111111110000110001111111111111110000111111111110  0111111000111011011111    011111011111110000000000000000000000000              
                  011100111111000000110001111110011111110110 00111101110011100    000100110110110110111100111111111110000000000000000000000000                  
                01111100110       00111011111110 01111111110   11111111111110       01100100100000000000010010111110110000000000001111111000                    
               111011111110    00 00111011111110 0111111110100011111111111111110   111111000000000000000000000000000000000000000000000001                       
                01110011111100000111111011110010 0111111111111100111111111111111001110000000000000000000        0000000000000011110011                          
                 000000011111111111111001100110 011111  1111111111 11111111111111100000000000000100000              00 000000011111100                          
                010000100111111111111100011110 0111111 11  11111111111100001110000000000001110000   00000000         00000000001111111                          
                       00011111000000000111000111100 01111111111011110000000000000011111100     000000000000          0000000000111111                          
                              001111110000001 01100000000111     0000000011101111111100            0011111             01000010111111111                        
                                     0001     1011000001111111    10111000000000                       011              0100001111111100                        
                                          00001101100011111111  11 100000   0     00                                      10000111101110                        
                                          00000000011111111111     1 0 000 000001111                                       1101101110000                        
                                           00000  0001111111 1        00000000011111                                        011110001100                        
                                              0         011   1   11   0000111111111                                          0111000000                        
                                                                            01111110                                            01110000                        
                                                                                 011                                               01111                        
                                                                                                                                       001                      
                                                                                                                                                                
                                                                                                                                                                
                                                                                                                                                                
                                                                                                                                                                
                                                                                                                                                                
