                                                                                                                                                                
                                                                                                                                                                
                                                                                                                                                                
                                                                                                                                                                
                                                                       00                                                                                       
                                                                  0011                                                                                          
                                                               011111000                                                                                        
                                                            0100011000111100                                                                                    
                                                          1100000000100001110001                                                                                
                                                       01100000000000000000001100001                                                                            
                                             0000000  00       000000000 000000000000111                                                                        
                                     00011111111111110          000111000000000000000000001111                                                                  
                                 011111111111111111111            0 1111111111100     000000001111                                                              
                            0011111111111111111111111100           0111111111110          0000000011                                              000           
                        0111111000000000011111111101111111       011111111111110            0000000001                                    0000111000            
                     01111000011111111111100111111111111110     011101110001101110          000000000011                             0011100000000              
                   11110011111111111111111100011011101110011    0111111111111111110        01111110                            00111100000000000                
                 111111111111100001100001111100111011111111110001111110011100010111     0111111110                       00111110000000000000000                
               111010011100     0011100111111100111111111   111101111011110   011111000011111111100       001100000001111100000000000000000000                  
             011111111110     0 001110011111110 1111111010  0111111111111       01111111110111011110     00111111111100000000000000000101000                    
            0111011111111000000001111001111111  01111111011111111111111111      011011011111011011110 00011111111111110000000000000111000000                    
             000010001111111111111111001110110 01111111111110111111111111110   11111111111011111111111111111111011011000000000000111111100                      
              0010000 01111111111111000111110 0111   1  111111  111111111111111111111001000000000000000011111111011000000000000000000001                        
                 0 0000111110011111001111110 010001 11  1111111111111111111111111100000000000000000000010000100100100000000000001000                            
                      0 0011111000011110000011000 011111 111111111000011110000000000000000001000000        0000000000000000011000000                            
                             001111000000010010000000001100000000000001000000001000111111100000                0000000000000011111                              
                                    00      0 000000011111  1000011111101111111  1100     000000000011           0000000000001111110                            
                                    00 0000000100000111111    01110000000000                0000011111            000000000000111110                            
                                    10000000000 1011111111  11 00 00                          01111111             0100000000111100000                          
                                    1000000000001 11111111     0   0000000111111                 001                 11000000000001100                          
                                    0000          1 1111      0 0000010011111111                                      0110000001100000                          
                                                    01  1        000001111111111                                        01100000000000                          
                                                                  000000111110                                            01110000000000                        
                                                                          01 1                                               011100000                          
                                                                             0                                                  001111                          
                                                                                                                                     001                        
                                                                                                                                                                
                                                                                                                                                                
                                                                                                                                                                
                                                                                                                                                                
