                                                                                                                                                                
                                                                                                                                                                
                                                                                                                                                                
                                                                                                                                                                
                                                                                                                                                                
                                                                    0011                                                                                        
                                                               001111100 0                                                                                      
                                                            0010001100011110                                                                                    
                                                          0110000000011000111110                                                                                
                                                        0100000000000000000001111111                                                                            
                                            00001100    0       000000000000000000000111                                                                        
                                    001111111111111111          000111000000  00000000000111 0                                                                  
                                0011111111111111111111              1111111111000    00000001111 0                                                              
                           011111100011111111111111111000          01111111111100        000000011 1                                         00011              
                       01111110000000000001111111101111111       011111111111110            0000000011                                  0011100000              
                    0111100001111111111111100111011101111100    011101111001100110           0000000111                             011100000000                
                  0111111111111111111111111100111111011101110   0111111111111111110        0111100000000                       01111000000000000                
                0110001111110000001110011111100111011101100110001111110011100110011      0011111110                       01111000000000000000                  
              011111001100      001110011111110 111111111   011101111111110   01111000001111101110        0000      00111110000000000000000000                  
             111111111110     0 001110011111110 0111111010  1111111111110      001111111110111111110       011111111110000000000000000000000                    
            0000110111111100000011111001111111  01111111011111111111111110      01101101101111111111    0111111111111100000000000000000000                      
              10010000111111111111111001110110 01111111111110111111111111110   11111111111111111111110011111111011001000000000000011111000                      
               000001001111111111111010111110 0111   1  111111  1111111111111111111110110000000000000111111111110110000000000000000000                          
                    00111110000011100111110 0010001 11  1111111111111111111111111100000000000000000000000000100110100000000000000000                            
                          00111111111110000011000 0011111111111110000011110000000100000000000010000000000000000000000000000000000000                            
                              000000000011 0010000000011111100000000000000000000000101111100000000            0000000000000001111100                            
                                     011    10100000111111    00011111101111111 1111000  000  00000011 0         0000000000000111110                            
                                     00 0000000 0011111111     00100000000000              00000011111            00000000000000000000                          
                                      0000000000 111111111    1  00                          011111111              00000000000000000000                        
                                      00000000   011111111     1  000000001111 1               00111                 0100000000000000000                        
                                      0100          01          0000100011111111                   01                  01000000000000000                        
                                                        0       00000111111111                                           011000000000000                        
                                                                  0000011111                                               0011000000000                        
                                                                         011 0                                                0011100000                        
                                                                           01                                                     00011110                      
                                                                                                                                         000                    
                                                                                                                                                                
                                                                                                                                                                
                                                                                                                                                                
                                                                                                                                                                
