                                                                                                                                                                
                                                                                                                                                                
                                                                                                                                                                
                                                                                                                                                                
                                                                                                                                                                
                                                                                                                                                                
                                                                                                                                                                
                                                                     001                                                                                        
                                                                 011111100                                                                                      
                                                             00100000001110001                                                      000011111111 0              
                                                          0110000000000000110011                                               0011111111111                    
                                  000111111111111110    0000 0000000000000001110001111 1                                   01111111111111111                    
                         00011111111111111111111111111          00000000 00000000000000011111111                       0111111111111111111                      
                    0111111111000000001111111111111111          000111000000000 000000000000000011                   111100011111111111111                      
                 0111111111111111111001111111111111110            0 111111110000        000000000001              0111000000011111111111                        
             1111100111111111111111111110011111111110111           111111111111            0000000             0111000000000111111111111                        
            111111111001111000111100001110011101111111110       0111111111011110           0110000      000111111100000000000111111111                          
           011011111100     001110011111100011111111101010     011101111001100110          1111110        11111110000000000001111111                            
            001001111110000001111011111111 0111011111111110   011111111111111111110      0011011000     01111101100000000000000110                              
              000 111111111111110011111110 011111110110 0111111111111001110001101110    011111111111    11111010000000000000000010                              
                0011111111111110011111110 001111111110   11111011110111110   01111111010111011010010100110000000000000000001111111                              
                   011111111110001111110 0011111111101001111111111111110       00100110011001000000000000000000000000 00000001111111                            
                      0111110011111110000111111 1111111100111111111111110       11100110000000000000000000000 000000  0000000001111111                          
                        0011111111100011111011  11  1111111 111111111111110   011111100000000000000000              000000000001111111                          
                            00100001  111000 0111   111111  1111111111111111111100000000000000000000 000              000000000011111111                        
                                 1111 0010000000011111111111111111111111110000000000000000000000  000000                 000000011110001                        
                                  0 1   011000001111111100111000000011100000000000000011110000  00000000                    000000011110                        
                                        001 100111111    000000000010000010001111111100       0000000000                      0011100011                        
                                            0 111111      011111111101111111111100                                               0111100                        
                                               01 11  1 1110000000000000000000                                                      0111                        
                                                  0    111     000 00000000111                                                         0                        
                                                                 01100011111                                                                                    
                                                                   011111111 1                                                                                  
                                                                      011111 1                                                                                  
                                                                           000                                                                                  
                                                                                                                                                                
                                                                                                                                                                
                                                                                                                                                                
                                                                                                                                                                
                                                                                                                                                                
