                                                                                                                                                                
                                                                                                                                                                
                                                                                                                                                                
                                                                                                                                                                
                                                                                                                                                                
                                                                 00000111111                                                                                    
                             0000000000000000              001101111111111                                                                                      
                   00111111111111111111111111111110    011000000000000111111                                                                                    
               0111111110000110000001111111111111110         00000000000111111                                                                                  
          011111011111111101111111111111111111111111          000000000000011111                                                                                
          111111110 0   0010111111111011111111111100          00110000 0000001111                                                                               
         0101111110      011110000011001110111111111            1111110000000000111                                                                             
        010000111110000000111001111110 11111101111110       000 11111111000000000011                                                                            
           010011111111111110011111110 11111111111111     0111111111111111110    000011                                                                         
           0 111111111111110011111111 0111111101101110   01111111101111111         0001111                                                                      
               011111111110011111110  0111111111   111111111111111001100110           000111                                                                    
                  11111110111111110 011111111111  01111011111100011111111110           0000111                                            0                     
                    01111111111000011111 11111111111111111100111110000111110          000 000111                                      0011                      
                      00000000001111011   1 11111001111111111110 0   0111110     00001111100 001                                  00111000                      
                           111110010001 11  1111111 111111111110      0111110000011111111110     0                           00111000000                        
                            01100000 01     111111  1111111111111      1110111111111111110                            0001110000000000                          
                            110000000000111111111111111111111111100 01111101101101111011111       0 110       000111110000000000000000                          
                           1100000001111001001111111101111111111111111111111111111101101111     000111111111111000000000000000000000                            
                          0 010101111111 1011110000000000111111111111111111011001001111111110000111111011111100  0000000000000000000                            
                          111111111111  110011 1111011111100000000000010000000000000000000011111111111011101000 000000000000000000                              
                          1111110 11   1110000 000100000000111110001000000000000000000000000000111111110110000000000000000000000                                
                            11       111 0          00 000000001111111111111111000000000000000000000001000000000000000000000                                    
                            1                       1000000000                 0000 0             000000000000000000000000                                      
                            01                      1000101111100               000000000100         000000000000001110000                                      
                                                    01010111111 1                0101011111            0000000000000000000                                      
                                                      01111111   1                01111111              000000000000000000 0                                    
                                                     010111     1                   0111                 0100000000000000000                                    
                                                      0 11     11                      0                   1000000000000000000                                  
                                                         1                                                  010000000000000000                                  
                                                                                                              01000000000000                                    
                                                                                                                010000000000                                    
                                                                                                                  0010000000                                    
                                                                                                                     0000000                                    
                                                                                                                          0000                                  
                                                                                                                                                                
