                                                                                                                                                                
                                                                                                                                                                
                                                                                                                                                                
                                                                                                                                                                
                                                                                                                                                                
                                                                 000                                                                                            
                                                             000111000                                                                                          
                                                           00011100111000                                                                                       
                                                        00000000011000111001                                                                                    
                                                      010000000000000000011000011111                                                                            
                                                    010  00  00  0000000000000000000011111                                                                      
                                       000001110000000      0000000000000000000000000000001111                                                                  
                                 0011111111111111110          0011111111100000       0000000000110                                                              
                            001111111111111111111110            11111111111100           00000000111                                    000000000               
                       0011111100011111111111111110000 0 0      01111111111100            00000000000                      00000000000011111000000              
                    01111100000000001011111011011111110  0   0111111111111011100         0110110                     000000000000000111000000000                
                 011110001111111111111001111001111111100     01111111110111111110      001001110        00000000000000000000000011111110000000                  
               011101111111100101111111001111111011101110   0111111111110111101110    000101111000       11001000000   000000111111111100000                    
             011001110110000000000111011001111011111110110001111111111110  00111110000000111011111    01100100000000000000000011111111111100                    
           0111110110       0011001111111 011110111110  0101111110111100     0011011111101101101111000100101111111100000000000011111100000                      
          110001111100  000001110011111110001111111110000111111111111100      0111001101101001001101000001111111110100000000000111111111                        
            00001111111100111111001110110 01111111111111111111111111111110   0111111111000000000000000000000000001000000000000100001                            
            0000001111111111111101110110001111111111111111111111111111111111111111110000000000000000000 00000000000000000011100011                              
                000011111111111001111110011111  111 1111111111111111111111111110100000000000000000             0000000000001111111                              
                     00000001100111100011110001111111111111111111110111100000000000000111000000000000000         00000000001111111                              
                         000000000000 1110000000111111111111110000000000000000100111100   000000000000            0000000000011111                              
                                0001   01000000000001100111111000011110011111111100          000000000              0000000111111111                            
                                    0 1001000001111111 111111111000000000000                     00111               100001110111100                            
                                       001000000111111   1111110000   000  000                                        01000011100111                            
                                        00110111111111         00 00000000111111                                       0101100110000                            
                                          0 11111000            0000100011111111                                        011010001100                            
                                            01110000               00111111111                                            0111100110                            
                                                00 0                   0011111                                              01110000                            
                                                                            000                                               011110                            
                                                                                                                                 011                            
                                                                                                                                                                
                                                                                                                                                                
                                                                                                                                                                
                                                                                                                                                                
                                                                                                                                                                
