                                                                                                                                                                
                                                                                                                                                                
                                                            00000111                                                                                            
                                                       00111111111                                                                                              
                                                   0111000000000011111                                                                                          
                                   000011111    0000  000000000000011111                                                                                        
                             0111111111111111100         00000 00000111111                                                                                      
                        001111111111111111111110        0 001100000000000111                                                                                    
                    0111111000111111111111111110            0111110000 0001111 0                                                                                
               00011111111110000000011110111011101          11111111100000000111 0                                                                              
             01111101111110000000011100111111110111      0111111111111110    00011                                                                              
            0111111110111001111111101100110110011100    011111111111110        00011 0                                                                          
          0111111111111111000010000001100010111100110   011111100010011           0011 0                                                                        
          111111001111110   00110011111100111110100010011111100111111110           00011 0                                                                      
       01111111111100       0011001111111 01111110  01110111111100011111        0000000111                                                                      
       111110111110000   0 00111001000000 0111110000111111101100   11110     0001111100011                                          0                           
        01110000011111100000111100000000  011111011100111111110     0111000011111111110  001                                    011                             
           00001000111110000001000000110000111111110111111111110    011111111111111100                                     0011110                              
              0 0111100000000000000000 00000101100001110100111110 0111111010111111110                                 0001110000                                
                    0001111000000000 0000 0000000000000000000000011111111111110111110       1 10               00011111000000000                                
                           00000   101   00111010100000000000000000000000101111111110   01001111111100111111110000000000000000                                  
                           000000010 0   1111111010000000000000000000000000000001111111111111111111110000000  00000000000000                                    
                            00000000 0   000001111111100000011111111010000000000000111111111111111111100000000000000000000                                      
                            01      1  00          00000000     0000000000000000000000111111111110010000000000000000000000                                      
                                   1000000         0000                     0  0 00    0011111111000000000000000000000                                          
                                    000000          000000000000            000000110      0000010000000000000000000                                            
                                   1000000          001010100101             1111111         000000000000000000000                                              
                                  1000                 111111110             01111 1          000000000000000000                                                
                                1                     0 1111 1                0  1             00000000000000000                                                
                                                        11 0                     1             01000000000000000                                                
                                                        1                                       010000000000000000                                              
                                                                                                 01000000000000000                                              
                                                                                                   100000000000000                                              
                                                                                                    00000000000000                                              
                                                                                                      0000000000                                                
                                                                                                         0000000                                                
                                                                                                            0000                                                
                                                                                                               000                                              
                                                                                                                                                                
                                                                                                                                                                
