                                                                00                                                                                              
                                                            0011 1                                                                                              
                                                          01111100                                                                                              
                                                        1100000001110000                                                                                        
                                                      1100000000000001000011                                                                                    
                                                    0100000 000 0000000000001111 0                                                                              
                                      1          0 11      0000 00  0000 00000001111 0                                                                          
                                    1  111111100  00      0011111110000000000 00000011 1                                                                        
                                  01111111111100               01111111111110      00011 1                                                                      
                                  101111111111111100            11111111111           000111                                                                    
                                 1111111111111101110           0111111011110            0001                                                                    
                               0111111111111011011111001      011011100110011           000001 0                                                                
                             11101111111111111101101101110     1111100101110110       011110001                                                                 
                           11100111010000101011001110011011    1011100100010010    00111111110 01                                                               
                         01101111100000000000000100110110011001101101000  011010000111111110    0                                                               
                        1100111111000000001110000010011010  0010010000      0101101111111110                                                                    
                     1111011111100000110000000000000100100  00000000000     0000000001011111      000                                                           
                    0111111111000000000000000000000 000000000000000000000  00000000000000110    001111                                                          
                     111111110001111100000000000000 000000000000000000000000000000000000001110011111111                                                         
                    0111111111001111    00000000000 00000000000000000000000000001000000000001111111111110                                                       
                    11111111000000      00000000000 0000000000000000111111110000    00000000011111111110111                                                     
                   01111111100000    0 00000 00000 0 0011111100111000                 000000  0111111110001110                                                  
                  0111110001000000000000000000000 00   0000010000                     0000000  01111111000000110                                                
                  000000000000000000000000000011100011000001111100  00000000           00011     011100000000000110                                             
                    00  0000000 01011110000000       01110001111  0  0000000            11       00000000000000000001100                                        
                     000000    0                        0111111111 000000000                     0000000011111110000000001111000                                
                                                            0111 1 1  000000                     0001110101111111100000000000000 0                              
                                                                0 1     00                      000111111111111110000000 0                                      
                                                                  01                            11111111111   1111                                              
                                                                                               111111111 1                                                      
                                                                                               111111111                                                        
                                                                                              0111111111                                                        
                                                                                              1111111111                                                        
                                                                                              1111111111                                                        
                                                                                              11111111                                                          
                                                                                              01111111                                                          
                                                                                                1111                                                            
                                                                                                1111                                                            
                                                                                                1111                                                            
                                                                                                   1                                                            
