                                                                                                                                                                
                                                                                                                                                                
                                                                                                                                                                
                                                                                                                                                                
                                                                                                                                                                
                                                                                                                                                                
                                                                                                                                                                
                                                                        0                                                         0000                          
                                                                 00001111111 0                                                 0111110                          
                                                             00011000001111111                                               0110000 0                          
                                            00000     00000000000000000000111111 0                                          01100000 0                          
                                0001111111111111111000000  0       00000000000001111                                       011000000                            
                         0011111111111111111111111111111      00000000000000000000001111 0                          0     0110000000                            
                    00111111100000011111111111111111101100      01100000100000000000000001111000                  0      01000000000                            
                 0011110011111110111111111111111111000000000    001000111111100000    000000011111              0       010000000000                            
               011111011111111111111110011110111111111000000    0000111111110000000        0000000000                 01100000000000                            
            00110011111000 0  0000011110011110111111110000000001001111111111100000        00000      00011000        0100000000000                              
          0  0011111000     0000001110110111110111101110000000000011111111001100000     0000000 000000001100       000000000000000                              
          0   00110000000000011001111111001111001111111100 0111111011110111111110000  00000000000000   0000000000010000000000000                                
             010111101111111111011110111001110011110000110001111111111100011001100000000000001111000  00000000110100000000000000                                
                 01111111111111011100110001100111111000111011111111100000000000111111000000111111100000000000000000000000000000000                              
                   000111111110111011100111011111111111111111111111110000    00001100110111010000000000 0000100000000000000000000000                            
                        00110011111110011001111111111111111111111111110000   000011100100000000000000000000000000000000000000000000000                          
                           00011100001100111111111111111111111111111111100000001111000000000000000000              0000000000000000000                          
                                001 1111100011111111111111111111111111111111111110000000000000000  00000               000000000000000                          
                                    0100000001111111111111111110011111111100001000000000000000000000000                   00000000000000                        
                                    0   0000111111011111111111110000000000000000010011000000000000000                         0000000000                        
                                           00000011111111111111 000000010111111110000    000000000000000                          000000                        
                                              00000111111  111110000011111110000                 0000000                              0000                      
                                                      0000001100000000000000                                                                                    
                                    0                         00000000000011                                                                                    
                                    0                           000000111111                                                                                    
                                     0                           01000111111                                                                                    
                                                                   0011111                                                                                      
                                                                      0000                                                                                      
                                                                                                                                                                
                                                                                                                                                                
                                                                                                                                                                
                                                                                                                                                                
                                                                                                                                                                
