                                                                                                                                                                
                                                                                                                                                                
                                                                                                                                                                
                                                               00011                                                                                            
                                                          0011111110                                                                                            
                                 000000               011000000000111111                                                                                        
                   00011111111111111111111111100   00100000000000000001111                                                                                      
              0111111111000000011111111111111111          000000000000001111                                                                                    
         001111111111111111100000111111111111111          0000000000000000000001                                                                                
      011111001101100011111111111001111111111110            0111100000  000000001111                                                                            
       101111110      01111000001101111111111011 0          1111111110000000000000000111                                                                        
      0100111110      011100111111 011111101111110       00111111111111110     00000000011                                                                      
       0100011111000011111011111110 11111111111111     01111111111111110           00000000011                                                                  
         000111111111111101111111100111111101111110   011111111000111111             000000000                                                                  
          00111111111110011111111  01111111110  01111111111101011111101110          000000000111                                                                
              011111110001111110  011111111110  01111011111111111001111111         11111110                                                                     
                0111111111111000011111111111111111111111101111000   111111     01111111110                                                                      
                  001100000000111111   11111111001111111111110      001111100001111111110         0                                                             
                      0111111110000 1 11  1111111 11111111111100      111011111111111111110     0001111111000111111111111111111000                              
                          111010000 01    111111  11111111111111    11111011101101101101110    01111111111110000000000000111111111111100                        
                            1010000000011 11111111111111111111111111111111111100011111011111111111111111111110000000000111111111100000011100                    
                               000000011000111011110001111111111111111111100000000000000000010111111110110100000000000111111111111000000000011                  
                              1 00011111 10011000000000010110000000000100000000000000000000001000011011110000000000011111111111110000000                        
                               111111111   0111111111111100000100000000000001010000000000      0000000001100000000001111111111111110                            
                                 111111 11 00000000000000001111111  1111111100000000     0          0000000000000001110111111100                                
                                   1101 11          0 00000000000                0000000001111        0000000000111011110                                       
                                  01                01000000011111                 001111111           00000000111111101                                        
                                                     01101111111  1                  01111 0            00000010111111                                          
                                                       111111111                        001             01000101111111                                          
                                                        011111                                           0100010111111                                          
                                                           11                                             10101111111111                                        
                                                                                                          0111111111111                                         
                                                                                                           11111111111                                          
                                                                                                           01111011011                                          
                                                                                                            01110011 1                                          
                                                                                                             0111001                                            
                                                                                                              0 11                                              
                                                                                                                 1                                              
                                                                                                                                                                
                                                                                                                                                                
