                                                                                                                                                                
                                                                                                                                                                
                                                                                                                                                                
                                                                                                                                                                
                                                                                                                                                                
                                                                                                                                                                
                                                                          00                                                                                    
                                                                      001111                                                                                    
                                                                   01111100011                                                      000011111111 0              
                                                                011000000111001110                                             001111111111111                  
                                                             0110000000000001100111001                                     01111111111111111                    
                                                    00     0000  000000 000000000000000010111111                        01110111111111111111                    
                                        001111111111111100          00000000000  0000000000000000111                 011100001111111111111                      
                                 0001111111111111111111111          0000111000000000      00000000000111           01100000000111111111111                      
                           0011111111000111111111111111111              111111111110          00000000           11100000000011111111111                        
                        0111110001110000000001111111111111000          011111111111            00000       00111111000000000011111111111                        
                     11111001111111111111111100111111111111111       0111111111111110          111110       0111101000000000001111111                           
                  011100111111111111111101111100011011100111110     0111111110011001110      001101100     011110000000 000000000000                            
                0111111011000   000111000011110 0111111111100110    01111110011011110110     11111111110   110100000000 000001111001                            
                11011111110       0011101111111000111111101100111001111111000110000111110000011011000010000000000000000 000001111111                            
               011110111111000000001110011111110 01111111111   01111011100111000   00100011001000000000000000000000000  0000001111111                           
                 0010001111111111111110011111110 011111111010 0011111111111110       01100000000000000000000000  00000  000000001111111                         
                   0010011111111111110011100110001111111111011110011111111111100    011100000000000000000             000000000011111110                        
                      001111111111110001111110001111  111111111011111111111111110  01100000000000000000  0              000000000111011111                      
                          00111000000111111001111101  11  11111111 111111111111110000000000000000100 00000                 000000001110001                      
                              0011110000001 1111000 01111 1111111111110000001100000000000000111000 0000000                   0000000011110                      
                                   0011  1111001100 01111111011000010000000000000000000011110    000000000                      0011000011                      
                                        1     101100 0011100011000000000011000011111 1110                                          0111000                      
                                           00011001100000111111100101111111111111000                                                 001 1                      
                                           1000000  0 100000111111110000000000000                                                       00                      
                                            000000    01111        00000   000000000                                                                            
                                                          1          000000000011111                                                                            
                                                            1           001111111111                                                                            
                                                             1              01111111                                                                            
                                                                                0011                                                                            
                                                                                                                                                                
                                                                                                                                                                
                                                                                                                                                                
                                                                                                                                                                
                                                                                                                                                                
