                                                                                                                                                                
                                                                                                                                                                
                                                                                                                                                                
                                                                                                                                                                
                                                                                                                                                                
                                                                  0111                                                                                          
                                                              01111100                                                                                          
                                                            01001100011100                                                                                      
                                                          110000000110001110011                                                                                 
                                                       0110000000000000000011000001111                                                                          
                                                      010  0  0000 0000 000000000000010111 1                                                                    
                                         00011111100           000100000000000000000000000000111                                                                
                                   01111111111111111 0            01111111111110       0000000000011                                                            
                              001111111111111111111110              11111111110            00000000001                                                          
                          011111100011111111111111111100         001111111111110            00000000000                               0000000000000000          
                      0111111000000000001011111111111111 0      011101110011101110         01111000                         000111111111111000000000            
                   01111000011111111111111001110011011111110    0111111111111111110      001111110                    0011111110000111000000000000              
                 01111111111111111111000111001111111111011110  011111100111000100110    0111101110        01111111111110000000000011111111100000                
               011100111111000000111001111110001100111111001111111111111111   0111111011111011011111     0011111111110000000000000111111110000                  
             011111101110      001110011111110 0111111110   11111111011110      0110011010011011011100 0011111101101111000000001111111111111                    
            0 10111111110    0 001110011111110 0111111101000111111111111110      1110110010110110111111111111111011010000000000111111111000                     
            0011111111111000000111110011111110 011111111011100111111111111110  011111101100000000000000001001111111001000000000011111111                        
             00100000111111111111111001110110 01111 11111111111 11111111111111111100100000000000000000000000000000000000000000111000                            
                0000001111111111111000111110 01111  11  111111  111111111111111000100000000000000000          00000000000001111000                              
                    0001111000001100011110001110001111  11111111110000011110000000000001111000000  00000         00000000001111111                              
                          00111110100000000010000 011111111110000000000000001000110111100  0000 00000111          0000000000111111                              
                               00000001   101000000000000011100000110111011111111100          0000011111           00000000101111111                            
                                    000011 0110000000111110111111110000000000                   00111111            1000001011111001                            
                                    100000000 0000011111   1000000000        00000                   001             100101111111110                            
                                    0000000001101111111111      0   000000001111 1                                    1101001110011100                          
                                   1000000    1 01111111         00000111011111111                                     0101110111000                            
                                                111111             0000011111111                                        011111001110                            
                                                   111               0 000011111                                          0111100011                            
                                                                              01                                            0111000                             
                                                                                                                               01111                            
                                                                                                                                  00                            
                                                                                                                                                                
                                                                                                                                                                
                                                                                                                                                                
                                                                                                                                                                
