                                                                                                                                                                
                                                                                                                                                                
                                                                                                                                                                
                                                                                                                                                                
                                                                         0                                                                                      
                                                                     0011                                                                                       
                                                                  01111100                                                                                      
                                                                01101100111000                                                                                  
                                                              11000000011001110011                                                                              
                                                            01000000000000000011000001111                                                                       
                                                          011  00 000  000 00000000000000001111111                                                              
                                                   000    0        000000000000000 00000000000000111                                        0000000000          
                                           001111111111110          000111111110000        0000000000011                           00011111100000000            
                                      01111111111111111111              11111111110            000000000                     001111111000000000000              
                                  001111111111111111111111000         00111111011110           000000                   01111100000000000000000000              
                              01111100000011111111111111111111       01111111001100110        0111110        00000000111100000000000001100000000                
                           0111111111000000011101111111111111110     0111111111111111110    001101110        011111111100000000000011111111110                  
                        11111000111111111111111100111011101110011    01111100011001101100  001111111111     11111101110100000000001111110000                    
                      01111111111111111110000011100011111111111011000111111111110  0111111101100110111100 00111111011000000000000011111111                      
                    0110111111111000000110001111110001111111110  01111011101110       01001001001001001111111111111011000000000000000000                        
                  0 1111100110       001110011111110 0111111100  011111111111110      111000000000000000000000000000000000000000000000                          
                 0111111111110     0 001110011111110 01111111000011011111111111110  01100000000000000000000000000000000000000011111101                          
                 1111110111111100000011111001111011 001111111111110111111111111111001100000000000000000            000  00000001111111                          
                  01110000011111111111111100110011  01111 111 1111111 11111111111000000000000000000000000000         00000000000111111                          
                    000000 011111111111110001111100011111 11  111111111100000011000000000111110000  00000000           00000000011111111                        
                         00111110000000000011110 01110 0011111110110001000000000000011111100     0000000000             0100001111111110                        
                               00111111010000000001000 011111110011000000001110111111100             00011               010000111100111                        
                                     0000001    1010000001111110011101111100000000                                         1100111111000                        
                                      000000000010110000000011     11110000         00                                      011111001110                        
                                      10000000000 0 0000000110      0 0000000000000111                                        0111100011                        
                                      0000000000   11000001111       00000001000011111                                          01111000                        
                                      10             1011111          0000000111111111                                             01111                        
                                                     1111111            00     0111111                                                001                       
                                                      1 11                         001                                                                          
                                                                                                                                                                
                                                                                                                                                                
                                                                                                                                                                
                                                                                                                                                                
                                                                                                                                                                
                                                                                                                                                                
