                                                                                                                                                                
                                                                                                                                                                
                                                                                                                                                                
                                                                                                                                                                
                                                                                                                                                                
                                                                                                                                                                
                                                                                                                                                                
                      0001111111111111111111111000          000001111111111                                                                                     
                 0111111111110000000111111111111111100   0110000000000111111                                                                                    
            011111011111111111111100001111111111111110        0000000000111111                                                                                  
          0 0111111100 00001111111111100111111111111           00000000001111111                                                                                
           110111110       011100001110011111111111100          0010000000001111 1                                                                              
          111001111100 00001111011111100111111111111 0          011111000000000111                                                    01                        
            010011111111111111011111111 01111111111110       00011111111100000000111 0                                              0  0                        
            0 0 11111111111110111111110 11111111111110     0111111111111111100   00011 0                                          0 10                          
                0111111111100111111110 0111111111001110  0011111111111111100       00011 1                                      011000                          
                  011111110111111110  01111111110   11111111111111100110111           00011110                                011000                            
                    01111111111110001111111111010001111101111110001111110110            000011 1                           011000000                            
                      001000000001111111  11111111111111111001111110001111110          000 0000111                      011000000000                            
                         111 1 111110001 11  111110111111111111000    111111         01111000 0000                   011100000000000                            
                            111100000 01 1  1111111  11111111111      01111100000011111111100                    01110000000000000                              
                             0100000000011   11111  11111111111110     01101111111111101111         0000   000111100 0000000000000                              
                              100001011111111111111111111111111110  0011110111011011111111110       011111111100  0000000000000000                              
                             1110101111111   011011110011111111111111111111111111111001101111    0111111110110000 00000000000000                                
                             11111111111     01100000000011111111111111111101110010011110111110011111111001000000 000000000000                                  
                              1111 11 1 111110111111111111000000000000100000000000000000000000100111110110000000  0000000000                                    
                                 1       11000000000000000011111000100000000000000000000000000000000000000000000 00000000000                                    
                                                    0  00000001111111111111111110000000000      000000000000000 00000000000000                                  
                                     1              000000000000000            0000000                  00000  000000000000000                                  
                                                    1000001111110000             0000000000110             000000000000000000000                                
                                                    01010111111 1                 0100111111                 0000000000000000000 0                              
                                                      01101111   1 0                01111001                   0000000000000000000                              
                                                      111101 0   1                     01111                     00000000000000000                              
                                                        11                                 0                       000000000000000                              
                                                        0                                                              00000000000                              
                                                                                                                           000000000                            
                                                                                                                                                                
                                                                                                                                                                
                                                                                                                                                                
                                                                                                                                                                
