                                                                                                                                                                
                                                                                                                                                                
                                                                                                                                                                
                                                                                                                                                                
                                                                                                                                                                
                                                                      001                                                                                       
                                                                   0011110                                                                                      
                                                                 01111100111                                                                                    
                                                               110000001110011000                                                                               
                                                             110000000000011000110000000                                                                        
                                                           010 0000000 0000000000000000000000000                                                                
                                                    00    00      000000000000 000000000000000000000                                 00000000000000000          
                                           001111111111100        000001111000000000      00000000000000                      00000000000000000000              
                                      01111111111111111111             011111110110           00   00000                  0010000000000000000000 0              
                                 001111111111111111111111100           0111111001100           00000                  01100000000000000111100000                
                             0111111000001111111111111111100110      01111111000100100        0111110       000000111000  00000000011111111110 0                
                          01111100111000000011001111111111011100     0111111100010001000     00100110        011010000000 000000111111100000                    
                       011100011011111111111111000110011001110110    01111100110001100100  001100000100     00000000000000000000011111110000                    
                     011000111111111111110000111000111011111111110000110111110110  0111110010000000000100 00000001001000000000000000001111                      
                   0111100111111000000110001111110001111111011000111100110011100    00010010010000000000111100000000000000000000010000                          
                  111111101100      001110011111110 01111111110  01111001000110       011000000000000000000000000000000000000011110000                          
                01101111111110   0000111100111111100011111111010011111100111111100   1110000000000000000000000000000000000000001111111                          
                 011110011111110000111111001111111000111111111111001111111111111110001000000000000010000             00000000001111111                          
                   00000001111111111111110010001100011111 11111111111111111111111000000000000000000000000000          000000000001100000                        
                       000000111111111110000111100111111 11111111111111110000010000000000000110000 000000000            0000000010000000                        
                        0 000000000000000111100001110000111111111101111000000000000001001110        00000000             010000110000000                        
                                000000000000001101100001111011101100000000011000010011100              00000               1100001000000                        
                                       00001    00100000111000000000000000000000000                                         011010010000                        
                                       0 0000000101100000011111111111100000                                                   011000000000                      
                                      10000    0    00000010000000000000000     000000                                          01110000                        
                                      0000000000    10000001        000000000000000000                                            0111 0                        
                                      00            0 000000         00000000000000000                                              0011                        
                                                      100000            00  00 0011000                                                  00                      
                                                        00                         000                                                                          
                                                                                                                                                                
                                                                                                                                                                
                                                                                                                                                                
                                                                                                                                                                
                                                                                                                                                                
                                                                                                                                                                
