                                                                                                                                                                
                                                                                                                                                                
                                                                                                                                                                
                                                                                                                                                                
                                                                                                                                                                
                                                                 000                                                                                            
                                                              00011000                                                                                          
                                                           00011100111000                                                                                       
                                                         0000000011000111001                                                                                    
                                                      0100000000000000000110000111                                                                              
                                                    0100000  00  0000000000000000000111111                                                                      
                                       000001110000000      0000000000000000000000000000001110 0                                                                
                                 0011111111111111110          0011111111000000       0000000000000                                                              
                            001111111111111111111110            11111111111100 0         00000001111                           0000000000111111100              
                       0011111100011111111111111110000 000      11111111111100            0000000000                    000000000000000111000000                
                    01111100000000001111111011011111110  0   011111111111101110         00110110                   000000000000000111111000000                  
                 011110001111111111111001111001111111100 0   01111111110111111110      001001110        01100000000000   000000111111110000000                  
               111111111111100000111111001111111011001110   0111111111111111101110    000100111000     0011000000000    00001111111111111100                    
            01110011101000000000001110110011110111111111100011111111111100 00111110000000111011111    011001000000000000000000001110001000                      
           0111111110       0011011111111 011111111110 01101111110111100     00110111010011011011110011001001111111000000000000111111000                        
          000001111100  00000111011111111 011101111110 0011111111111110       01110011011010010010000000001111111101000000000000000011                          
            00001111100100111111011111110001111111111111111111111111111110   0111111011000000000000000000100000001000000000000001001                            
           00000001111111111111001110110001111111111111111111111111111111110111111110000000000000000       00000000000000001111000                              
               0 00001011111111001111100011111  111 1111111111111111111111111110100000000000000000              000000000001111111                              
                     00000000000111100011110001111111111111111111111111100000000000000111000000000000001          0000000000111111                              
                         000000000000 1110000000111111111111110000000000000000100111100   000000000000             00000000011111111                            
                                000   101000000000000001111111100011100011111111100           00001000               000000011111110                            
                                    00101000000111111111111111110000000000000                     0001                00000111101110                            
                                      0001000000111111  11111110000   00    00                                         010010111001111                          
                                       001101111111111   0     000000000000111 1                                        011110011000 0                          
                                         01111111000            0000100011111111                                          0111000110                            
                                            111000                  0011111111                                             011100001                            
                                              0010                      001111                                               0111000                            
                                                                             00                                                01111                            
                                                                                                                                  0                             
                                                                                                                                                                
                                                                                                                                                                
                                                                                                                                                                
                                                                                                                                                                
                                                                                                                                                                
