                                                                                                                                                                
                                                                                                                                                                
                                                                                                                                                                
                                                                                                                                                                
                                                                                                                                                                
                                                                                                                                                                
                                                                                                                                   0                            
                                                                                                                                 110                            
                                                                   00011111111                                                  1000                            
                                                              001110000001111111                                              110000                            
                                        000001111111110     0100000000000000111111                                            100000                            
                               000001111111111111111111100          000000000000111111                                      11000000                            
                          011111111110001111111111111111 1          00000000000000011111                                    00000000                            
                      011111000001110000001011111111111110            0111100000 000000111 1 0                           01000000000                            
                   01111111111111111111111100111111111111110          11111111100000  000000111110                      010000000000                            
               011111001111110001111110011110011101111111111       01111111111111100       00000111111                  1000000000                              
             011111111111       0111100111111 011111101111010     1111111111111110            0000000011             1100000000000                              
              011011111110      00111011111111 011111111111110   011111111000110011            00000000000         011000000000000                              
               0010011111100000111110011111111 01111111110 01111111111100011111111110         0110000          00111000 000000000                               
              111001 0111111111111110111111110 0111111111   0111101111111111000100111      0001111110       011111100000 0000000                                
                  000111111111111110011111110 011111111010011111111101111000   1111110    01111011100       001010000000 0000000                                
                     0011111111111011111110 00111111111111111111111111111       01101111111110110011110    0110110000000 000000000                              
                         011111111111111000011111   1  11111111111111111110      111011101100110110111100001001000000000 00000000000                            
                            0011100000000111100001111 1111111 11111111111110   11111111100110110010000000000000000000000  000000000000                          
                                 011111 1 001000000001111    1111111111111111111111111001000000000000000000100000000000   000000000000                          
                                    0     1001100000111111    1000111111111111111100000000000000000000000             0000000000000000                          
                                        0 1  1111101111111      000000110000000001000000000000100100                     0000000000000                          
                                              0001111111        00111000010000100001001111110000000 000000                  0000000000                          
                                                00011111      1100000011111111  111110000 0000  0000000000                      0000000000                      
                                                   000  11 11111 0  000000000                00000000001                                                        
                                                               000 000000000                    01111110                                                        
                                                                000000001111                        0001                                                        
                                                                 000000011  1                                                                                   
                                                                  01000011                                                                                      
                                                                   0111100                                                                                      
                                                                     011 1                                                                                      
                                                                        0                                                                                       
                                                                                                                                                                
                                                                                                                                                                
                                                                                                                                                                
