                                                                                                                                                                
                                                                                                                                                                
                                                                                                                                                                
                                                                                                                                                                
                                                                                                                                                                
                                                                   0011                                                                                         
                                                               0111111                                                                                          
                                                            01111110001111                                                                                      
                                                         010000000011100011101                                                                                  
                                                       110000000000000000001111111                                                                              
                                                     000   0  0000 0000000000000001111 0                                                                        
                                      00111111111100          000100000000  00000000001111 0                                                                    
                                01111111111111111111            011111111100000    00000001111 0                                                                
                           0011111111111111111111110              1111111111110         0000001111                                              000             
                       01111110000001111111111101111111         01111111111110             000000111                                      00000000              
                    011110001111000011101111111111111110      011111111011101110           00000000111                              001110000000                
                 0111101111111111111111100111011101111011     0111111111111111110        011111000   0                        0011110000000000                  
               011111111111110111000001110011111111111111000 010111100111111100110     0011111110                       0011111000000000000000                  
             111100110000  0001110011111110011111110110001111111111111111   011111000001111011100         1000000000111110000000000000000000 0                  
           01111111110       00110011111110 0111111111   011111111011100     001011111111011011111      001111111111000000000000000000000000                    
           11111111111000000011110011111110 0111111111100111111111111110       11001101101101101110   011111101111111000000000000110000000                      
            111000111111111111111001111010 0011111111111110111111111111110   01111111101111011011111111111111111101000000000000000000000                        
              0001 0111111111111000111111 011111 11111111111 1111111111111001111111101100000000000000001111111011000000000000000000000                          
                 00011111111111101111110 0110001 11  1111111111111111111111111111000000000000000000000000000001001000000000000000000                            
                      000111110010111000111010001111111111111111001011110000000000000000000000000        0000000000000000000000000                              
                           001111000001 001000000001111   1001000000000000000000001111110000000               00000000000001111100                              
                                 001     101000001111111    1000101110011111111111000    00  000001111          000000000000111100                              
                                        0000110011111111     111000000000000               000001111             0000000000001111000                            
                                            011111111111  11100000                           0111111              010000000000100000                            
                                               0111111 1     0   0000000011111                  0111                100000010000010000                          
                                                  011   1      000000000111111                                       01000000110000000                          
                                                                00001101111111                                         110000000100000                          
                                                                  0001111111                                             0110000000000                          
                                                                    0 001111                                               011100000                            
                                                                          01                                                  001110 0                          
                                                                                                                                  0001                          
                                                                                                                                                                
                                                                                                                                                                
                                                                                                                                                                
                                                                                                                                                                
