                                                                                                                                                                
                                                                                                                                                                
                                                                 00000                                                                                          
                                                         00011111111                                                                                            
                                                    0011000001100000                                                                                            
                     000000111111111111111110    001000000000000111111                                                                                          
               0011111111110111111111111111111 0        0000000000001111                                                                                        
          011111100000000000000111111111111111           0000 000000000111                                                                                      
       001111111111111111111111101111011111110            0110000 0000000111                                                                                    
     1111110111011000100111111111011111111110111          0111111000  000000111                                                                                 
   01101111111       001110000011001110110111111        0011111111111000 000000111                                                                              
    11101111110      0111101111111001111111111110     011111111111111100     0000111 0                                                                          
     000001111100000111110011111110 1111110111110    0111111101011110          0000011 1                                                                        
       000011111111111110011111111 01111111100011100111111111101100110           0000011                                            000                         
       0 011111111111110011111110  0111111110  011111111110011111111110           00000011                                   0000000                            
            01110001110011111110 00111111111100111111110011110000101110         001000000111                            0011000000                              
               011100111111110 00111  1111111110111111111110     111110     00011111110   00                       001110000000000                              
                  0011000000 0111001  11  111111111111111110      01111000011111111110                        001111000000000000                                
                     0011110110000 0111   11111  111111111110    00110111111101101110         00        001111100000000000000000                                
                          0100000 01111111111111111111111111100011111111011011011111110     0 01111111111000000000000000000000                                  
                         01000000000111110111111110011111111111111111111111111011101110    011111011111000 0000000000000000000                                  
                        0 00000000100011100100000000000111000101111010001000000001111111111111111001100000 00000000000000000                                    
                         000101011111101  1111100110110000000000000000000000000000000000001111111100100000 000000000000000                                      
                         11111111111       00011000000001111111100010000000000000000000001000010011000000 000000000000                                          
                        111111 11                0    00000000011111100000000000000        0000000000000 0000000000000                                          
                         11 1111                 0000000000                0    00000           0000000  00000011100 0                                          
                         1                       10000011111 0              000000111111           00 0000000000000000                                          
                         1                        0101111111 1               011111110              000000000000000000                                          
                                                 010101111                     01110                 00000000000000000                                          
                                                  011111                         01                   010000000000000000                                        
                                                   011 0                                                1000000000000000                                        
                                                     1 1                                                 010000000000000                                        
                                                                                                           0110000000000                                        
                                                                                                             011000000                                          
                                                                                                                011000                                          
                                                                                                                   00010                                        
                                                                                                                                                                
                                                                                                                                                                
                                                                                                                                                                
                                                                                                                                                                
