                                                                                                                                                                
                                                                                                                                                                
                                                                                                                                                                
                                                                                                                                                                
                                                                                                                                                                
                                                                                                                                                                
                                                                                                                                      0011                      
                                                                                                                                  011111                        
                                                                         00000                                                 011111111                        
                                                                 0001111111111                                              011100111111                        
                                                             0111000000011111111                                          01110011111111                        
                                       000001111111100    001000000000000001111111                                        10000111001111                        
                              00001111111111111111111110          00000000000001111111                                 110000011011111                          
                         0111111111100111111111111111111          000100000000000000001111 1                          1100000001110000                          
                    001111100000110000001011111111111110            001111000000000000000000111111 1                110000000011001100                          
                  0111111111111111111111110111111101110111            111111111110       0000000000011            011000000000001100                            
               11111001111101001111111111100111111111111110       011111111101110            00000000000         11000000000000000                              
              1111111110       01110001111100111111011101010     11111111111111110            00000         0011110000 00000000000                              
             01100111110      00111001111111 011101111111110    0111111110001100110          0110110      001111111000000000000000                              
              0110011111100000111110011111110011111111100011100111111100011111111111      000111111        011110000000 0000000000                              
                0010011111111111110011111110 01111111110  011111111111111110001101110    0111100111100    0110100000000 00000000000000                          
                 00011111111111110011111110 0111111111110011111111100111000    1111111000011001100111100001001000000000  000000000000000                        
                      01111111110011111110 011111111111111101111111111110        1100110011001001100100000000000000000   00000000000000000                      
                         0111101111111100011111   11 1111111111111111111110     0111001100000000000000000000000000000000000000000000000000                      
                            000100000011111000 1111  1111111  1111111111111000011111110000000000000000000              0000000000000000000                      
                                00  111 011000000111  11111111111111111111111111100000000000000000000                      0000000000000000                     
                                    0    01100000001100111111110000011111000000000000000000000100000  0000                      000000000000                    
                                        0 0 1000011111100000000000000000000000000000000111110000  00000000                             0000000                  
                                            0 10111111  10111001111110000110111111111100    00000000000000                                                      
                                              1 111111  100111100000000111111000 0              0000111111                                                      
                                                1 1111         00    000000000                                                                                  
                                                  1  1          0000000000111                                                                                   
                                                                 11000111111                                                                                    
                                                                  0111111111 1                                                                                  
                                                                    01111111                                                                                    
                                                                       011 1                                                                                    
                                                                          00                                                                                    
                                                                                                                                                                
                                                                                                                                                                
                                                                                                                                                                
