                                                                                                                                                                
                                                                                                                                                                
                                                                                                                                                                
                                                               00011                                                                                            
                                                          0011111110                                                                                            
                              00000000000            0011000000000111111                                                                                        
                 0001111111111111111111111111100  001000000000000000001111                                                                                      
            001111111000000000001111111111111111          000000000000001111                                                                                    
        0111111111111111111110001111111111111110          0000000000000000000011                                                                                
      111111001001000011111111111001111111111100            0111100000 000000000111                                                                             
     0100111110       01111000001001111111111011            1111111100000000000000000111                                                                        
      0100111110   0 0011101111111 01111110111111       000111111111111110     00000000011                                                                      
       000011111110011111001111111 011111111101110     1111111111111111            00000000011                                                                  
         0011111111111110011111110 011111101110110    111111111000111110            0000000000                                                                  
           0111111111110011111110 01111111111  01111111111110011111111110           010000000000                                                                
              01111110011111110  011111111111  011111111111111110001101110        011111110                                                                     
                01111111111100001111  11111111111111111100111000   0111110     01111111100                                                                      
                  001100000001111111  111 11111011111111111110      011111100011111111110         0110000 0000111111111111111111000                             
                     00111111110000 1 1   1111111 1111111111110      0110011011111110111110     0011111111111000000000001111111111111110                        
                          1 001000000111  111111  11111111111110   0111110110011011011011110 0011111101111111000000000111111111111111111 110                    
                            101000000011111111111111111111111111111111111111110000001101111111111111110110100000000000111111111111111111011                     
                              1100001111111011011110001111111111111111101000000000000000000000010111111110000000000011111111111111111111                        
                               110111111    00000000000010110000000001000000000000000000000000000000001011010000000011111111111111111                           
                                11111111    011111111111100001000010000000011010000000000          00000000000000001111111111111                                
                                  11111   1100000000000000011111111 111111000000000    0000000        00000000000111111111                                      
                                                   00 000000000000               00000000010           00000000011111111                                        
                                                    01000000011111                  01111111            0000000101111111                                        
                                                     01101111111  11                  0011 1             00000101111111                                         
                                                       1111111     1                                      000001111111 1                                        
                                                         11111    1                                        1010111111111                                        
                                                           011                                             0101111111111                                        
                                                                                                            0111111111 1                                        
                                                                                                             1111111011                                         
                                                                                                              11110111                                          
                                                                                                              011111                                            
                                                                                                               0 111                                            
                                                                                                                0 11                                            
                                                                                                                  1                                             
                                                                                                                                                                
                                                                                                                                                                
