                                                                                                                                                                
                                                                                                                                                                
                                                                                                                                                                
                                                                                                                                                                
                                                                                                                                                                
                                                                                                                                                                
                                                                    0011                                                                                        
                                                                 0111100                                                                                        
                                                             001111100111000                                                                                    
                                                           01100000001100010001                                                                                 
                                                        011000000000000000001100001111                                                  00000000                
                                         0000000000   0000   0 0000 00000000000000000000111111                                  001111111111                    
                                 001111111111111111110          0000000000  000 000000000000000011                         0011111111111111111                  
                          0011111111111111111111111111            01111111100000       0000000000000                   01111100011111111111111                  
                     001111111000000001111111111111110              111111111110           00000000000              011100000011111111111111                    
                  01111100000111110000110111101110111111          01111111011100           0000000              0011100000000001111111111111                    
                01111111111111111111111110011111111111111       01111111001110110          0111110        01111111100000000000111111111111                      
             11111001111111100001100000011 0111111001101010     1111111100111101110      001101110       0011111111110000000001111111111                        
           111111111110      00111001111111 0111011111111110   111111100110111100110    011111111111    011011001100000000000001111111                          
           0111111111100   00001110011111110 11111110110 011111111111111110   011111100011101100111100001111101101100000000000011110                            
            0010001111111100111111011111111  01111111110  0111101110011100     00110011011001001000100100000000000000000000011111111                            
               000 011111111111110011110110 01111111110000111111111111111        111001000000000000000000000000000000000000011111111                            
                 0011111111111110001111110 011111111111111001111111111111110   011111000000000000000000          000  00000000111111                            
                      11100011100111111000011111  11  1111111 11111111111111001111000000000000000000                000000000001111111                          
                        001111010111000011110001 11   111111  11111111111111111000000000000001000  00000              0000000011111110                          
                            0000000000  111000 001111 1111111111000000111100000000000001111100   0000000                0000001111111111                        
                                00  1   0001000000000100110000000000000000000001100111100     0000000000                  01000111100111                        
                                      0   101100000011110010000011011100011111111100                0000                    011010111001                        
                                          00011100111111 1011111100000000000000                                               1111001111                        
                                            10011111111111 00000000    000000000                                               0111101                          
                                              10  0  111          00000000011111                                                 01111                          
                                                       1            0111111111 1                                                   011                          
                                                          1            011111111                                                                                
                                                                          0011                                                                                  
                                                                                                                                                                
                                                                                                                                                                
                                                                                                                                                                
                                                                                                                                                                
                                                                                                                                                                
                                                                                                                                                                
