                                                                                                                                                                
                                                                                                                                                                
                                                                                                                                                                
                                                                000111                                                                                          
                                                          0011111110                                                                                            
                             000000000000            0011000000001111110                                                                                        
                 0011111111111111111111111111100  001000000000000000011110                                                                                      
            011111110000000000001111111111111111          000000000000001111                                                                                    
       01111011111111111111111001111111111111110          0000000000000000000011                                                                                
      111111011001000001111111111001111111111100            0111100000 0000000001111                                                                            
     0100111110       01110000001001111111111111            1111111100000000000000000111                                                                        
      01001111100 0000111101111110 01111110111110       000111111111111100     00000000011                                                                      
       001 11111111011111001111111 011111111101110    01111111111101110            0000000001                                                                   
         0011111111111110011111110 011111101111110   0111111111001111110            0000000010                                                                  
           0111111111100011111110 01111111110  01111111111101011111101110          0010000000000                                                                
              01111110011111110  011111111110  011110111111111110011101110        01111110                                                                      
                01111111111100001111  11111111111111111100111000   0111110     1111011110                         0000000000000                                 
                   00000000011111011  11  1111001111111111111       0111111000111111111100        111110000011111111111111111111111100                          
                     01   11010000 01     111111  111111111111       0110011011011110011110    0001111111111000000000001111111111111111110                      
                            000000000111  111111 111111111111110   0111111110111111011011110000111111011111110000000000111111111111111111                       
                            101000000011111111111111111111111111111111111111110000000101111111111111110110100000000000111111111111111111                        
                              11000011111   000111000011111111111111111010000000000000000000000100111110100000000000111111111111111111                          
                               111111111    10000000000000100000000001000000000000000000000000000000000011000000000001111111111111 1                            
                                0 11111      01111111111000001000010000100011110000000000          000000000000000001111111111                                  
                                  1  111  1100000000000000111111111111111000000000     0000000         00000000001111111                                        
                                    11 1   0       00 0 00000000000              00000000010            0000000001111111                                        
                                                    10000000111111 0                01111100             000000010111111                                        
                                                     11111111111  11                   00111              10000001111111                                        
                                                       1111111     1                                       1000011111111                                        
                                                         011111   1                                         101011111111                                        
                                                            01                                              010111111111                                        
                                                                                                             01111111111                                        
                                                                                                              1111111111                                        
                                                                                                                1111 1                                          
                                                                                                                1111                                            
                                                                                                                0 11                                            
                                                                                                                  11                                            
                                                                                                                  01                                            
                                                                                                                                                                
                                                                                                                                                                
