                                                                                                                                                                
                                                                                                                                                                
                                                                                                                                                                
                                                                                                                                                                
                                                                                                                                                                
                                                                                                                                                                
                                                                                                                                                                
                                                                                                                                                                
                                                                     00011                                                          000111                      
                                                               0001111111111                                                   011111111 1                      
                             00000000111111111100000       001100000000111111111                                           0111111111111                        
                     000111111111111111111111111111110  00000 00000000000000111111                                      0111111111111111                        
                 001111111100001100000111111111111111110         0000 0000000000110111                                1110011111111111                          
             01111101111111111111111111111111111111111          000000000000000000000001111111                     0110000001111111111                          
            1101111110 00  00111111111110011111111111000          00111100000000000000000000001111               0110000000011111111                            
            0110111110      0011100000110011111111111111          0 111111111110        000000000011           011000000000111111111                            
             0100111110000000111001111111 01111110111111       0111111111111110            00000000          01100000000000011111111                            
               10011111111111110011111111 011101111101110     11110111111111110            000000       00111111000000000000000000                              
               0 11111111111110011111111  0111111001101110  011111111110011001110         0111110        11111010000000000000000                                
                   01111111110011111110  01111111111   111111111111000111111111110      001101110       010110000000 00000000000                                
                     11111110111111110000111111111010 01111101111111111100001111110    0111110111110   0111000000000 0000011111111                              
                        111111111100001111111111111111111111111101111000    0111111001011101100111000001000000000000 000000001111111                            
                         001100000011111001   11 111110011111111111110        0110011011001100000000000000000000000   0000000000000001                          
                            011  1 1110000 011   1111111  11111111111110    00111001100000000000000000000000     0000 000000000000111001                        
                                 1  00100000001111111111 11111111111111100001111111000000000000000000               00000000000000000000                        
                                  0  0110000111111    111111111111111111111111000000000000000010000                    00000000000000000                        
                                      011111111111     10100000011111000000000000000000000010000 00000                     0000000000000                        
                                          111111        000000000000000000000000000011111000   0000000                         00000000000                      
                                            1           01111111100111110111111111100      000000000000                            0001111                      
                                              01    111 00000000000000111000000                   00000                                 000                     
                                                            00  00000000000000                                                                                  
                                                             0000000111111 11                                                                                   
                                                               01111111111                                                                                      
                                                                 0111111                                                                                        
                                                                    0011                                                                                        
                                                                                                                                                                
                                                                                                                                                                
                                                                                                                                                                
                                                                                                                                                                
                                                                                                                                                                
