                                                                                                                                                                
                                                                                                                                                                
                                                                                                                                                                
                                                                                                                                                                
                                                                                                                                                                
                                                                                                                                                                
                                                                  0000000000                                                                                    
                     000111111111111111111111111100        00111001111111111                                                                                    
                011111111100000000001111111111111111 0  00000000000000111111                                                                                    
            1111101111111111111111100111111111111111 0         000000000011111                                                                                  
          1101111111001 0001111111111101111111111110           00000000000011111                                                                                
           100111110      0111100001110011111111111110          0110000 000001111                                                                               
          100001111100000001110011111100111111011111 0          11111110000 000111                                                                              
           0000111111111111110011111110 11111111111110      010111111111100000000111 1                                                   0                      
              111111111111110011111111 011111111111110    01111111111111111100   00011 1                                               1                        
                011111111110011111110  0111111111001110 0011111111111111110         000111                                         0110                         
                  01111111011111110  011111111110   11111111111011101110111           000111 0                                  011000                          
                    01111111111100001111111111010001111101111111111111111110            000011 0                              01100000                          
                      00100000001111111   1111111111111111100111110  0111111          0000000011 1                        0011000000                            
                             1 11011000  1   1111111111111111110      111110      00011111100 0000                    00111000000000                            
                            1 1100000 0     111111  111111111111       011111000011111111110                      001110000000000000                            
                             0100000000011   11111  1111111111111      01101111111111111110         000      001111000000000000000                              
                              00001011111110011111111111111111111000011111011101101111011111      0 011111111100000000000000000000                              
                            1101101111111   1010001110011111111111111111111111111111011011110    011111111011000  00000000000000                                
                            111111111111  111111000000000111110011111111111001000100111111111101111111110110000000000000000000                                  
                            1 111 11 1  111100111 11111111000000000000100000000000000000000001101111111100100000 00000000000                                    
                             1111       1110      0000000001111111110000000000000000000000010000000000000000000 000000000000                                    
                                1                   0   0 0000001011111111111111000000000       00000000000000 0000000000000                                    
                                 1                  1000000000000              00 00    0              000000  000000000000000                                  
                                                    10001011111110               00000000011 0            00 00000000000000000                                  
                                                    0101011111  11                0111111111               000000000000000000000                                
                                                      111011111  1                  011110                   0000000000000000000                                
                                                      111101    1                     0011                     00000000000000000                                
                                                        11                                0                      000000000000000                                
                                                        0                                                           000000000000                                
                                                                                                                       000000000                                
                                                                                                                            000000                              
                                                                                                                                                                
                                                                                                                                                                
                                                                                                                                                                
