                                                                                                                                                                
                                                                                                                                                                
                                                                                                                                                                
                                                                                                                                                                
                                                                                                                                                                
                                                                     00                                                                                         
                                                                 00111                                                                                          
                                                              0111110001                                                                                        
                                                            110011001110001101                                                                                  
                                                         0110000000100011100111111                                                                              
                                                       011000000000000000001000000001111                                                                        
                                           000001000  00       00000000 000 00000000000000001111                                                                
                                   0011111111111111100         00011110000000000    00000000000001                                00011111111111000             
                             0001111111111111111111111            0 111111111110          000000000011                     001111111111111111111                
                        00111111100011111111111111111000            11111101110             000000000                  0111111000111111111111111                
                     01111100010100000000111111110111111         111111111111111           0111110                 011110000000011111111111111                  
                 00111100111111111111111100111111111111110      0111111100111001100       01111110        0111111111100000000000111111111111                    
                1111111111111111111100111100111011101100011     1111111011111110011     01111011100       0111111111110000000011111111111111                    
             011111011100 0 0001111000111110001100111111111100011011110011100011111100000110110111110   0111111011001000000000111111111111                      
            11111111110       00111001111111 01111111111  01111101110111100    011111111110010010011100011111011001000000000000011111111                        
           01111111111100  000011110111111110 01111111010  01111111111111        011011001101000000100100000010010110100000000011110                            
            01110001111111000111111011111110 0011111111010111111111111111100    0111101000000000000000000000000000000000000111111111                            
               0000 01111111111111001110011 00111111111111100111111111111111000011101100000000000000000        000000000000011111111                            
                0 001111111111111000111111 001111  111 1111111 1111111111111111111000000000000000000               00000000001111111                            
                      0011100000001111100011110001111  111111111111111111110000000000000001100000 000000            0000000001111111                            
                          001111100000001111000  011111 111111111000000000000000000011111000000000000000              0000001111111111                          
                                00011   11011000000011110110000000000010000110111111100        000000011               010000111111110                          
                                    0      01100000000000111000001111110011111000                   0000                 1101111100111                          
                                        0000011000001111101 111 10000000000000                                            011110111001                          
                                        1000001 10111111        00000   00000011                                           01111001110                          
                                        0100   00 111111          00000000011111                                             0111101                            
                                                  1 1111            001111111111                                              011110                            
                                                    1  1                00111111                                                0  1                            
                                                                             001                                                  0                             
                                                                                                                                    0                           
                                                                                                                                                                
                                                                                                                                                                
                                                                                                                                                                
                                                                                                                                                                
                                                                                                                                                                
