                                                                                                                                                                
                                                                                                                                                                
                                                             0000000                                                                                            
                                                       0001111111111                                                                                            
                                                   0111000000000011111                                                                                          
                                00011111111100  00000 0000000000011111                                                                                          
                          0011111111111111111100         00000000000111111                                                                                      
                     001111111111111111111111110        0001100000000000111                                                                                     
                0011111111000001111111111111111             111110000 0000111                                                                                   
             1111111111111000000000011100110111110          11111111000000001111                                                                                
          0011101111111000111111111100111111111111       0011111111111110   000011                                                                              
         011111111111111110111000001100110110011101     1111111111111100      000111 0                                                                          
       0111111001111110   00110001111100110111110110   011111110011011           00011 0                                                                        
      1111111111110       001100111111100111110100010011111100111111110            00111 0                                                                      
      11110111111100     001110011111110 1111111   111101111111100111110          00000111                                                                      
       00110000111111000001111001110010 011111100001111111011000  01111        011110000111                                     0000                            
          0000001111111111111000100011 00111111111101111111110     11110000011111111110   00                               0011100                              
            0 01111000000000000000110 0011 11111110111111111110     111111111111111100                                00011000000                               
                  001110000000000000000000111110011111111111111   0111011110111111100                            000111000000000                                
                      00001000000001000 000001100001100000111111111111111111110111111       0 110        00011111000000000000000                                
                           001  1110   0111111001000000000000000000001101111111111110    0101111111111111100000000000000000000                                  
                           000000 0    0 11111011000000000000000000000000000000011111111111111111111110000000000000000000000                                    
                          00000011    0 0000111111111110110111101100000000000000000011111111111011011000 00000000000000000                                      
                          000000 0000000           000000000000001111111100000000000001111111111110000000000000000000000                                        
                             0  00000000           00                      00000000    0001100110110000 00000000000000                                          
                              0 00000000           0000000000              0000000000      0000001000000000000000000                                            
                               00000                1000100111 1            10111111 1        00000000000000000000                                              
                              10                    0101011111               1111111           0000000000000000000                                              
                            0                         11111111                0111              000000000000000000                                              
                                                     01111                      1                0100000000000000000                                            
                                                      0 11                                        010000000000000000                                            
                                                                                                    1100000000000000                                            
                                                                                                     010000000000000                                            
                                                                                                       0000000000000                                            
                                                                                                         00000000000                                            
                                                                                                            001000                                              
                                                                                                               00000                                            
                                                                                                                                                                
                                                                                                                                                                
                                                                                                                                                                
