                                                                                                                                                                
                                                                                                                                                                
                                                                                                                                                                
                                                                                                                                                                
                                                                        00                                                                                      
                                                                    0111                                                                                        
                                                                  11111000                                                                                      
                                                               01111100011100                                                                                   
                                                             11000000011000110001                                                                               
                                                           01000000010000100001100001111                                                                        
                                                         011 000 000  000000000000000000101111                                                                  
                                                  00    00       000000000000  000 000000000001111 0                                                            
                                          00111111111110          00011111111100000       000000001111                                                          
                                     0111111111111111111              111111111110            0000000011 0                                            00        
                                 0011111111111111111111100           0111111111110             00000000001                                   00000111101        
                             0111110000111111111111101111111       011111110011101100         01111100    00                     0000001111000000000            
                         0011110010000000011001111111111111100     0111111101011111110      001111110       0 0         0011111111100000000000000000            
                       1111000011011111111111001110011001100110    01111100011011100110    01111011100        111111111110000000000000000000000000              
                     1111011111111111110000011000111111111111110000111111111110  0111111000111011011111    0111111111110000000000000000000000000                
                   01100111111000000111001111110001111111011  011110011001110     0001001101101101101110000111111101100100000000000000000000000                 
                 11111101110      001110011111110 01111111010  01111111111110       0110010011010010011111111111111011000000000000000010000000                  
                110111111110    0 001110011111110 011111111010111011111111111110   1111110010000000000000000000110110100100000000000000001                      
                00110011111100000011111001111010 0011111111111100111111111111111001111000000000000000000000000000000000000000000001100                          
                 000000001111111111111100110111 001111  111 111111  1111111111111100000000000000000000            00000000000011111000                          
                 1110001 01111111111110000111100111001  11  11111111110000011100000000000011110000   0000000        000000000001111111                          
                        00011110000000001111000111100 0011111111110110000000000000011111100    0000000001111          0000000000111111                          
                              00111111100000011011000000011111     00000011101111111100           00011111             10000000111111110                        
                                      0001      01100000111111      001000000000                     01111              1100001111111000                        
                                           0000100011000111111    11 0000                                0               01000011100011000                      
                                            000000001111111111 1     0 000 000001111                                       110000011000000                      
                                              0011    001111        1100000000011111                                        01100000000000                      
                                                            0001     0 0000111111111                                          011100000000                      
                                                                           001111100                                             011100000                      
                                                                               001 1                                                001100                      
                                                                                                                                        00                      
                                                                                                                                                                
                                                                                                                                                                
                                                                                                                                                                
                                                                                                                                                                
                                                                                                                                                                
