                                                                                                                                                                
                                                                                                                                                                
                                                                                                                                                                
                                                                                                                                                                
                                                                                                                                                                
                                                                                                                                                                
                                                                                                                                                                
                                                                       001                                                                                      
                                                                  00111111                                                                                      
                                                              0001111000111111                                                    00111111                      
                                                          0011000000000000111100                                             0011111111111                      
                             0000001111111111111111100  0000  0000000000000001110111                                      0111111111111111                      
                      00111111111110111111111111111111 0         000 00000000000000001011111                           1111111111111111111                      
                  011111100000110000001111111111111111          00011000000  000000000000000000111                  01110000011111111111                        
              11111011111111111111111111011111111111100           0 111111100000     000000000000001             01110000000011111111111                        
            11111111110111110011111111110011111111110111          0 111111111110          0000000000           01100000000001111111111                          
            1101111110      0011100000111 011111100111110       011111111101110             00000         0001111000000000000111111111                          
            011011111100  00011110111111100111111111101010     111101110001101110          0111110      0011111110000000000011110001                            
              0000111111111111110011111110 011111101111110    11111111110011101110       00111110       00111001000000000000000000                              
               00111111111111110011111110 001111111110 0111111111111000110111100110     011100111110    11111000000000000000000000                              
                  0111111111110011111110  011111111110  011110111111111110  011111100000111011001110000110000000000000000001111111                              
                    001111111011111111000011111111101101111111111101110      0001101110110011001000000000000000000000 00000001111111                            
                        11111111111100001111   1111111100111111111111110       011000100000000000000000000000000000   0000000001111101                          
                          0011000000111110001  1  11111111 111111111111110    111111000000000000000000             000000000000011111100                        
                             0111 11 011000 0111  1111111  11111111111111100011100000000000000000000                  000000000011000111                        
                                0     00100000001111111111111111111111111111100000000000000011000  00000                 000000000111000                        
                                       1111001111111   100110000000111100000000000000011111000  00000000                    000000000111                        
                                        001111111111     0000000000000000000010001111110   0000000000000                       001100000                        
                                            1 1111        0111111110011111111111100               000000                          01111000                      
                                               01     111 00000000000000000000                                                       001                        
                                                      111     000 000000000111                                                                                  
                                                                010000111111  1                                                                                 
                                                                 01111111111                                                                                    
                                                                    01111111                                                                                    
                                                                         001                                                                                    
                                                                                                                                                                
                                                                                                                                                                
                                                                                                                                                                
                                                                                                                                                                
                                                                                                                                                                
