                                                                                                                                                                
                                                                                                                                                                
                                                                                                                                                                
                                                                 00001                                                                                          
                                                           00011111111                                                                                          
                                                       00110000000001111                                                                                        
                      00000111111111111111111110    0010000000000000100011                                                                                      
                0011111111111000111111111111111110         00000000000000011                                                                                    
            011111111100111100000011111111111111 1         000000000000000111111                                                                                
        011110011111111111111111110001111111111100          0011100000000000000001 1                                                                            
      0 111111110      011110001111011111111110111          0 111111100000000000000111                                                                          
       1100111110      011100111111 011111101111110       00011111111111110   0000000011 1                                                                      
        0100111110000001111011111110 11111111111111     011111111111011100        0000000111                                                                    
         000011111111111110011111110 111111101111110   011111111000111110            000000011                                                                  
          0011111111111110011111110 01111111110  0111011111111101111110110            0000000011                                                                
              01111111110011111110 011111111110  01111111111110111011111110         001000000111                                                                
                0111111011111110 011111111111110111111111100111110  0111110     000011111100  000                                                               
                  00111101100000111111  11111111111111111111110      01111100000111101111000                                                                    
                      0000001111110001  1   11111111111111111110      01101111111111111110                                                                      
                        0 11 010000  1      11111  11111111111110    0111011101101111111110       01110                                                         
                            0100000 01111   11111111111111111111100011111111111111101101111    0101111111111111111111111111111100000000                         
                            010000000001111011111111101111111111111111111110110000011111111101111111101111110000000000000000000000000000000001                  
                             1000000000011110010000000000111110000000011000000000000000000011111111111111110100000000000000000000000000000                      
                             0000101111100111 111100111111000000000000000000000000000000000000010111111110100000000000000000000000000000                        
                             111111111  00000 0001110000000111111111111111111111000000000    00000000101101000000000000001110000000000                          
                            11111111  1 00          00000 00000000000000000    00000              00000000000000000001111110000000                              
                            0111    11 0             100000000                   00000000111        00000000000000000000001110                                  
                                                     11011111111                  0111111111         0000000000011100010                                        
                                                      1101111111                    011101            0000000001111110                                          
                                                       1111111                        01              0100010100111111                                          
                                                        0 11  1                                        100001011011111                                          
                                                          0                                            010100101111001                                          
                                                            0                                           11010111111110                                          
                                                                                                         1011011100011 0                                        
                                                                                                          111100110000                                          
                                                                                                           11110001100                                          
                                                                                                            0110000110                                          
                                                                                                              111000                                            
                                                                                                                1110                                            
                                                                                                                  0                                             
