                                                                                                                                                                
                                                                                                                                                                
                                                                                                                                                                
                                                                                                                                                                
                                                                                                                                                                
                                                                                                                                                                
                                                                      0000                                                                                      
                                                                0011111111                                                                                      
                                                            0010001110001111                                                                                    
                                                         01100000000000011111111                                                                                
                                               000    00000  000000000000000011111                                                          0                   
                                    001111111111111100          00000000000000001111 1                                                    0  0                  
                              0001111111111111111111 1          000111100000000000001111 0                                              0110                    
                         01111111000111111111111111110            0 1111111100000  000001111 0                                       0110000                    
                     01111110000000000101111111111111111          01111111111110        00001111                                  00100000                      
                  011110011111111111111100111101111111110      0111111111111110            0000111 0                           00110000000                      
                011111111111111111110111100011111101110011     11111111000110011            0000000111                      01110000000000                      
             0111100110010  0011110011111110011111111111110   01111111011111111110        00110000000011                 01110000000000000                      
            11111111110       01110011111110 1111111111000111111111111111000110111      0001111110                   0111100000000000000                        
            111111111110  000011110011111110 0111111110   1111011100111100  0111110  001111001110         000   000111000000000000000000                        
            0111000111111111111111001111111  01111111010011111111111111      0011111111110111111100       0 1111111100 00000000000000000                        
               000001111111111111001110011 001111111111111011111111111110      11001101101111111111     111111110110000000000000000000                          
                  00111111111111001111111 001111  11 1111111 1111111111110   1111111111111101100111100011111110010000000000000000000                            
                      001111111011111110 0111000111  1111111 1111111111111111111111111000000000011011111111111100100000 000000000000                            
                          00111110000001111000000001111    11111111111111111111100000000000000000000000000001001000000 0000000000000                            
                                0001   11001000000111111     10000001110000000000000000000000000000000000000000000000000000000000000                            
                                    0 1   10111001111111      00000100000000000001101111000000000              0000  00000000000000000                          
                                          0 001111111111    1110100101111111  1111000   00     000000             0000000000000000000000                        
                                                011111    1111 00000000                  00000000111                00000000000000000000                        
                                                    001   1111 0    000                    011111111                  000000000000000000                        
                                                              10000000011111                 0111110                    0000000000000000                        
                                                              00 00000011111                     011                       0000000000000                        
                                                                001000011111                                                   000000000                        
                                                                  01111111                                                         000000000                    
                                                                     111                                                                                        
                                                                       1                                                                                        
                                                                                                                                                                
                                                                                                                                                                
                                                                                                                                                                
                                                                                                                                                                
