                                                                                                                                                                
                                                                                                                                                                
                                                                                                                                                                
                                                                                                                                                                
                                                                                                                                                                
                                                                          0                                                                                     
                                                                      0111                                                                                      
                                                                   011110001                                                                                    
                                                                0110011011110000                                                                                
                                                              0100000001100011000000                                                                            
                                                            01100000000000000001100000000000                                       000000000001000 0            
                                                     0    0000  000000000000000000000000000000000000                         0000000000000000110                
                                          00111111111110 0        000011000000000000000000000000000000                   000000000000000011110                  
                                    0011111111111111111111        000000111111000000         00    00000              0000000000000000111111 0                  
                               001111111111111111111111010    0 0000 0 011111110010           000                  00000  000000000111111111 0                  
                           011111110001000111111111111111000100000000000111111000100       0  011100        00101100000    000001111000000                      
                        011110000011111100111001111111111001110 00 0 011111110001000100       0111110        0000000000  00000000111111000                      
                     00100001111111111111011110010110011011111100   01111111111000000010    01110000100     0000000000000000000000000011                        
                   011000011111100011111000011100111101111110111000 010011100110000101110000010000000000   000000000000000000000000000                          
                 1111110011000   000111100111111000111011101100011111001110111110  0111011110000000000001100000000000000000000111000                            
               0111111111110     0 001110011111110011111111110  011110010001110  0   00100000000000000000001101000000000000000111111                            
                11111011111100000001110001111111100111111111110001111100011111000    0111000000000000000000000  000000  00000001111111                          
                 00000001111111111111010011001110001111111110111110111111111111110  01100000000000000000             0000000000000100000                        
                    0000001111111111110001100110001111111111111101111111111111111100000000000000010000000000           00000000011000000                        
                       0000000000111110111111100111111  111 101111111111101110100000000000000111000000000000             000000000000000                        
                             00000000011110000111110001111111111111111000000000000000000011110     0000000000              000000000000000                      
                                 000000000011 101100001111111101100001000000000001001111100             000000               0110000000000                      
                                       00     11011000111100000000000000000000000000000                                        011000000 0                      
                                         0 0000111110000110110001000000000000000                                                 0111000                        
                                        00      0  0 100000000000000000000                                                         01110                        
                                        00000000      10000         0000000    0000000                                                01 0                      
                                        00             00000         00000000000000000                                                  0                       
                                                        0000            000000000000 0                                                                          
                                                                                000000                                                                          
                                                                                                                                                                
                                                                                                                                                                
                                                                                                                                                                
                                                                                                                                                                
                                                                                                                                                                
                                                                                                                                                                
