                                                                                                                                                                
                                                                                                                                                                
                                                                                                                                                                
                                                                000011                                                                                          
                                                          0001111111                                                                                            
                         000000001111000000          0011000000001111111                                                                                        
                00111111111111111111111111111100  001000000000000000011111                                                                                      
           0111111100000000000001111111111111110          000000000000011111                                                                                    
       01111011111111111111111111111111111111110          0000000000000000000011                                                                                
      111111011001  0011111111111001111111111100            1111000000 00000000111                                                                              
     0100111110       01110000011001110111111111            1111111100000000000000001111                                                                        
      01001111100 0000111001111110 01111110111110       00011111111111110     000000000011                                                                      
       000011111111111111011111111 01111111110111     01111111111101110           0000000000                                                                    
         0011111111111110111111110 011111101101110   0111111111001101110            0000000110                                                                  
           001111111110011111110  01111111110  01111111111101011111101110          0110000000000                                                                
              01111110111111110 0011111111110  01111011111111111001111111         01111110                                                                      
                01111111111000011111  11111111111111111100111110   1111110    01111011110                     0001111111111111111000                            
                   00000000011111011  11 11111011111111111110      00111110000111111111100        111111111111110000000011111111111111100                       
                     01   11010000 01    1111111 1111111111110       0110111111011110111110    01011111111110000000000111111111111111111   0                    
                            0100000001111111111  11111111111111    011110111011011101101111000111111101110111000000000111111111111111111111                     
                            1110000001111111111111111111111111111111111111111000000000001111111111111101100000000000011111111111111111        1                 
                              11001111111   1000110001111111111111111101100000000000000000000000001101101001000000001111111111111111                            
                               111111111     00000000001001000000000010000000000000000000000000000000000000000000000111111111111                                
                                0 11111      0111111111100001100001000000001011000000000            0000000000000111111111                                      
                                  0  1 1   1 0000000000000111111111111111000000000    00000000         00000000011111111                                        
                                      1            0 00000000000000              00000000000            0000000001111111                                        
                                                   0100000001111   0                01111100             010000001111111                                        
                                                     11111111111  1                    00011               1000011111111                                        
                                                      01111111     1                                        101011111111                                        
                                                         011111                                              10111111111                                        
                                                            01                                               01111111111                                        
                                                                                                              0111111111                                        
                                                                                                               011111111                                        
                                                                                                                11111                                           
                                                                                                                  1111                                          
                                                                                                                   1                                            
                                                                                                                   1                                            
                                                                                                                    11                                          
                                                                                                                                                                
                                                                                                                                                                
