                                                                                                                                                                
                                                                                                                                                                
                                                                                                                                                                
                                                                                                                                                                
                                                                                                                                                                
                                                                                                                                                                
                                                                                                                                                                
                                                                                                                                                                
                         00000011000001111110000                                                                                    00                          
                   01111111111111111111111111111111110      0001111111111111                                                    0111                            
              011110111111111011110000011111111111111100  00000000000000111111                                               01110                              
            1 0111111100100011111111111111111111111111 0         000000001111111                                           0110001 0                            
            0100111110      01111001111001111111111110          00000 00000011111                                        011000000                              
             0000111100  0 0011100111110011111111110111           01100000000001111                                     1100000000                              
              00011111111011111001111111 01111111111111           1111111000 000001111 1                              110000000000                              
              0 111111111111110011111110 01111111110110      011011111111110100  000000111 1                        0 100000000000                              
                  111111111100111111110 011111110111111     1111111111111111000      00000011111 0                  10000000000000                              
                    111111101111111100 011111111110 0110000111111111000111110            00000000111             110000000000000                                
                      1111111111110000011111111010   1111111111101001011100110            0000000000           11100000000000000                                
                        1111110000001111111111111100111110111111111110111111110         0010000             011100000000000000                                  
                         011001 11111000   11 11111111111111101111110  01101110      0001111110       011111111000  0000000000                                  
                            11111010000 011   11111111111111111110      01111100   001111011100        011111000000 000000000                                   
                                 0100000001111111111  111111111111        11001111111100110111110    01101100000000 0000000000                                  
                                00100001111111    1 1111111111111110    00111011101100110010011100 001011000000000 000000000000                                 
                                   10111111111    1111111111111111110001111111111101100100110010011000000000000000  000000000000                                
                                    11111111    11100000011111111111111111111100010000000000000000000000000000000   00000000000000                              
                                    1 1111     11 0000100001011100001000010000000000000000000000000000       0000   0000000000000000                            
                                      0        110111100111000001000000000000000000000000000000                  0000000000000000000                            
                                               1     00000000111111111110111111111110000000   0000                  0000000000000000                            
                                                      0   00000000000000000000      000   00000000                      000000000000                            
                                                       0 000000111110000               00000000000                           00000000000                        
                                                       00000011111  1                     00111111                                                              
                                                        01001111111                                                                                             
                                                          111111                                                                                                
                                                            0111                                                                                                
                                                               0                                                                                                
                                                                                                                                                                
                                                                                                                                                                
                                                                                                                                                                
                                                                                                                                                                
