                                                                                                                                                                
                                                                                                                                                                
                                                                                                                                                                
                                                                                                                                                                
                                                                                                                                                                
                                                                                                                                                                
                                                                                                                                                                
                                                                      000                                                           00                          
                                                                000011111111                                                    011110                          
                                                            000010000000011110 0                                               0100010                          
                                               0      0000000000000000000001111110                                            01000010                          
                                 000111111111111101000000  0       0000000000000111111                                 0     1100000000                         
                          001111111111111111111111111110      000000000000000000000001111000                        0      0110000000                           
                     0011111110000111111111111111111101100      01110001100000000000000001111000                  0       0110000000                            
                  011111001111110011111111111111111000000000    001000111111100000     00000001110              0        01000000000                            
               011111011111111111111110011110111111111000000    010111111111000000         0000000                     0110000001000                            
            0111001111110000  0000111100111110111111110000000001001111111111100000       000000   00000111000         010000000000                              
          0  0111111000     0000001110100111110011101110000000000111111111001100000     0000000  00000001110        00000000000000                              
          0   00110000000000011001111111001111001111111100 0111111011110111111110000  0000000000000   000000 000000000000000000000                              
             011111100111111111011110111001110011111000110001111111111100011001100000000000001111000 00000000011110000000000000000                              
                001111111111111011100110001100111111000111111111111100000  0000111111000001111001110000000000000000000000000000000                              
                  000011111111011101110011101111111111111111111111111000     0000011011101100000000000000000100000000000000000000000                            
                       000111011111110011001111111111111111111111111111000   000011100000000000000000000  00 00000000000000000000000                            
                           00011110000100111111111111111111111111111111100000001111000000000000000000              0000000000000000000 0                        
                                001 111110001111111111111 1111111111111111111111000000000000000000000000                000000000000000                         
                                    0100000001111111111111111110011111110000001000000000000000000000000                    0000000000000                        
                                    0   0000111111001111111111110000000000000000010011000000000000000                         0000000000                        
                                    0       0000011111111111111101000001011111110000      00000000000000                          000000                        
                                   0          00001111111   11110000001111000000                                                     000                        
                                   0     0 0          0 0000010000 000000000                                                                                    
                                    0  0  0                    0000000000111                                                                                    
                                    0   0                       000000111111                                                                                    
                                     0                           00111111111                                                                                    
                                                                    001111 1                                                                                    
                                                                        0000                                                                                    
                                                                                                                                                                
                                                                                                                                                                
                                                                                                                                                                
                                                                                                                                                                
                                                                                                                                                                
