                                                                                                                                                                
                                                                                                                                                                
                                                                                                                                                                
                                                                                                                                                                
                                                                                                                                                                
                                                                                                                                                                
                                                                                                                                 0011                           
                                                                                                                              011111                            
                                                                        00001111                                           011110111 1                          
                                                                  00011111111111                                         01110111111                            
                                                              0111000000001111111111                                    110001111101                            
                                     0001111111111111110    0000  00000000000011111111                                01000011111111                            
                             00111111111111111111111111111          0000000000000000111111                            10000100111100                            
                        0111111111000000011111111111111111          000010000000 00000000111111111                  11000000111000                              
                    0111111111111111111100101111111111111000            1111111000000 0000000000011111            0 00000001000111                              
                 0111101111111111111111111110011111111110111           1111111111110         00000000011         110000000000100                                
               01111110110000  00111100000110 011101110111110       011111111101110             000000         01100000000000000                                
              011011111110       01110011111100111111111100010     11110111000111111           000000       1111110000 000000000                                
               1110011111100000001111011111111 0111111001111110   01111111110011001110        0111010        111100000 000000000                                
               0010000111111111111110011111111 01111111111  011111111111000110111100110     0011001100      1101000000 00000000000                              
                  000011111111111110011111110 001111111110   11111011111111110  01111100  00111111011110   000000000000 000000000000                            
                    001111111111110001111110 0011111111101001111111111011100     0111011111111001000000000000000000000  00000000000000                          
                        00111111100111111100011111  11111111001111111111111        01100110010000000000000000000010000  000000000000000                         
                            0111111111000011111001  1   111111  1111111111111     011100010000000000000000000        0000000000000000000                        
                               00000000   111000 0111   111111  1111111111111100011100100000000000000000                0000000000000000                        
                                  0  1111 000100000001111111111111111111111111111110000000000000000000                      000000000000                        
                                      0 1   00110000111111 11011100000011100000000001000000000000000 00000                        00000000                      
                                          0 1 011110111111    0000000000000000000000001011 11000   0000000                                                      
                                                0011111111     01111111001111111111111100      00000000000                                                      
                                                  001111    1   000000000111110000                  000000                                                      
                                                          0 1111100    000000000                                                                                
                                                                0 00000000011111                                                                                
                                                                   01000111111                                                                                  
                                                                     111111111 1                                                                                
                                                                       1111110                                                                                  
                                                                          01                                                                                    
                                                                              0                                                                                 
                                                                                                                                                                
                                                                                                                                                                
                                                                                                                                                                
