                                                                                                                                                                
                                                                                                                                                                
                                                                                                                                                                
                                                                                                                                                                
                                                                    1                                                                                           
                                                                  011001100                                                                                     
                                                                01110010011001000000010000000111                                                                
                                                               110001100100000000000000000000000000011                                                          
                                                             010000000000000 00  00  0   0  000000000000                                                        
                                      1                     11000000 00  000000000            0000000                                                           
                                     1                    010 0   0000000000000110            1111110       0                                                   
                                     111  1          0011110      0000011111111110           0111110        0011110000                                          
                                      1111111100111110                 01111110011100       0110010000      001111111111111111111000                            
                                      01010011111111111110              111111011001110    010010000010   011101101111000000000001111110                        
                                      100111111111111111110            011111000101000100000000000000000000000000000000000000000000001111110                    
                                      111111111111111101111000         11110100100000100000000000000000000000000000000000000000000111111111110                  
                                   000011111111111111101111100110      0111100010     0000000000000000000000   000000000  00000011111111111111 0                
                                 0110000111111111110110110011001100    010110000      00000000000000000000         0000   0000001111111111111111                
                              01110111110000000000001000101100100010000100100000     000000000000000000000           0   00001111111111111111111                
                           11111011111100000000001000001001100101000000000000000000 00001100        000000            000000011111111111111111  1 1             
                          1110011111000000000011111000000100010000   00000000000000000110                              00000011111111   11        10            
                         011011111000000011110000000100 00010011000 0000000000000000100                                 0000011111 0       1     11             
                        01001111001111110000000000110010 00000000000000000000000111000                                   000011111                              
                       010111111101111000 00000001111000  000000000000000000001000000000                                 000111111 0                            
                      0111111100000        0000000000000  000000000000000011000  0000000                                  01111111 0                            
                     01111111110000     0  00000 000000  000000000111111100000  00000000                                   1111111 0                            
                     001110000001000000000000000 000000 000  0011111100        00000000000                                 11111                                
                       0001100000000000000000000000000000    000001111                                                      11 1 1                              
                               0 00000000010111100000 0001000000111111                                                      11                                  
                                0                        110000011111111                                                                                        
                                                          0 100111111111                                                   11                                   
                                                            1111111111                                                    1                                     
                                                              01111111                                                                                          
                                                                  0011                                                                                          
                                                                                                                                                                
                                                                                                                                                                
                                                                                                                                                                
                                                                                                                                                                
                                                                                                                                                                
                                                                                                                                                                
