                                                                                                                                                                
                                                                                                                                                                
                                                                                                                                                                
                                                                                                                                                                
                                                                                                                                                                
                                                                      00                                                                                        
                                                                  0011                                                                                          
                                                               011111000                                                                                        
                                                            0110111001110001                                                                                    
                                                          11000000000000110001111                                                                               
                                                        11000000000000000001100000001111                                                                        
                                           00000000   000      00000000 000000000000000000011111                                        0000000                 
                                   0111111111111111100         000110000000000  000000000000000001                             001111111111111     1 0          
                             0011111111111111111111111            01111111111110          000000000011                    0111111111111111111111                
                        01111111000011111111111111111000            11111111110             000000000                 011110000011111111111111                  
                    011111000011110000000111111110111111         011111111111110           0110010                0111100000000011111111111111                  
                 01111001111111111111111100111111111111110      011101110011101110         1111110        0111111111000000000001111111111111                    
               01110111111111111111000001100111111101100011     1111111111111110111      1111011100      001111111111100000000111111111111                      
              111110110001    0011100111111001110011111111100000101111001110001111100 00011111111111    01111110110010000000001111111111                        
           111011111110       00111011111111 01111111110  01111111111111110   01110111111100110100111000111110110010000000000000111111                          
            1111011111100 000001111011111111 01111111110   11111111101110        011011001001000000100100000010010010000000000111111                            
            00000000111111111111110011111110 011111111010011111111111111100     0111001000000000000000000000000000000000000111111111                            
               0000011111111111110001110110 011111111111111001111111111111110  011111100000000000000000        00000  00000001111111                            
                  001111111111111010111110 01111   11111111111 1111111111111111111000000000000000000               00000000000111111                            
                      001110000000111110001110001 11  1111111111111111111111000000000000000100000  00000             00000000111111111                          
                          001111000000011111000 011111 111111111100000011100000000000111 100000000000000               000000111111110                          
                                001      0010000000001110110000000000000000010011111110        000000000                01000011101111                          
                                    0 1    011000000000001110000011111100111111000                   000                  110111111011                          
                                         000011000011111101 1111110000000000000                                            01111011100                          
                                          00000 11111111        0000    00000000                                             111110111                          
                                          1001  01111111          00000000011111                                              0111101                           
                                                      11            001111111111                                                1111                            
                                                                        01111111                                                  1  1                          
                                                                             011                                                    1                           
                                                                                                                                                                
                                                                                                                                                                
                                                                                                                                                                
                                                                                                                                                                
                                                                                                                                                                
                                                                                                                                                                
