                                                                                                                                                                
                                                                                                                                                                
                                                                                                                                                                
                                                                                                                                                                
                                                                                                                                                                
                                                                                                                                                                
                                                                                                                                                                
                                                                  00000111 0                                                                                    
                                                              00011011111111                                                         000                        
                                                          00000000000000011111                                                  0000111000000                   
                                                      0000000000000000000001101111                                         00000  011010 0                      
                                   0000111111111000000000 00  00  000000000000000111111100                              0000000 00110110 0                      
                            0000111111111111111111110000    000000000000000000000000000010000                        00        011000000                        
                       01111111111111111111111111111111000      01100011100000      00000000000000                00         011101100                          
                   011111111111100111111111111111110000000      011001111111000000      0000000000              00         00110000000                          
                0111100111111111111111011111110111111100000   00011111111111000000       0000000            0000         0011000000000                          
             011111111111000000001111100111110111111110000000001001111111101110000      000000000000  0011000000        0110000000000                           
           001110011001000 00000001111101111110011101110000001000111111111101110000   0000000000     0001110 00       00000000000000                            
         00  00111100    0 000000111101101111100111111110  0111111111110111101110000  000000011110    0000000     0000000000000000                              
           0 011111100000001111011111111001110011111000110001111111111110000001111000000001011111110000000000011011000000000000000                              
          0 000001111111111111101110011100111001111100011111111111111000    000111111000011011001100000000000010000000000000000000                              
                 0111111111111001100111001111111111111111111111111111000      000111111100000000000000000000000000000000000000000001                            
                  00000001111001111111001101111111111111111111111111111100  00011110010000000000000000           0000000000000000000 0                          
                         0000011111100001111111111111111111111111111111111101111111000000000000000000000            000000000000000000                          
                            00000001111111001111111111111  111111111111111111111000000000000000000000000               000000000000000                          
                                 00 01101100011111111111111111110011111000000000000001000000000000000000                  00000000000000                        
                                     0  00000011111011111111111100000000000000001111000   000000000000                       00000000000                        
                                    0      0000000111111111111111010001111111111000                 00                         001100000                        
                                    0       00111001111 1   111110000000000000                                                    001000                        
                                    0   0 00000011    0   00000000  0000000                                                          011                        
                                  0 0 000000 0                  00000000011100                                                         00                       
                                    000000 0                     00100011111                                                                                    
                                      00 0                          01111111                                                                                    
                                       0                               00111                                                                                    
                                                                                                                                                                
                                                                                                                                                                
                                                                                                                                                                
                                                                                                                                                                
                                                                                                                                                                
                                                                                                                                                                
