                                                                                                                                                                
                                                                                                                                                                
                                                                                                                                                                
                                                                                                                                                                
                                                                                                                                                                
                                                                                                                                                                
                                                                                                                                                                
                                                                      000000                                                                                    
                                                                001111111111                                                                                    
                                                           0011000000001111111                                                           1                      
                                                000      01100000000000000111111                                                     110                        
                                   0001111111111111110           00000000000001111 1                                               01000                        
                             0011111111111111111111111 0         000100000000000001111                                           0100000                        
                        011111111000001111111111111111              1111101000000000011111                                     011000000                        
                    011111000011110000011111111110111111            1111111111110     00011111 0                             01100000000                        
                 011111111111111111111111001111111111111 0       111111111111110 0       000011111                         0110000000000                        
              01111001111111001111100001110011111110111111      1111111110111110            0000011110                   1100000000000                          
             1111111111       01111011111110011111111111111    011111111001100111            00000000111              0110000000000000                          
            11111111111       00111011111111 01111110110001100111111100011111111110        01110000                0111000000000000000                          
              110011111100000011111011111111 0111111111   1111101111111110000101110     0001111110        00000011110000000000000000                            
               0000011111111111111001111111  0111111101000111111111011100    011111000001111001110        0111111111000 000000000000                            
                 0001111111111111001111111 00111111111111111111111111110       110111111110110111110     00111100110000 0000000000                              
                  0 001111011111001111110 01111   11 111111111111111111110    01110110010011011011110  0011111100000000 0000000000                              
                        001111111111110001110001 11  111111  1111111111111000111111111101011011001111111111110110000000 000000000000                            
                            00010000001 1110000000011111111111111111111111111111111000100000000000000000000000000000000 00000000000000                          
                                 01 111 1001000000111111    110000011111000000010000000000000000000000000000000000000  00000000000000000                        
                                      0   10111000111111     0000000000000000000000000000001000000                000   0000000000000000                        
                                          0 001111111111      0111110000110111001111111110000000                     000000000000000000000                      
                                                011111    1111000000001111111110000      00  000000111                 0000000000000000000                      
                                                    001   11110       00                   00000011111                    0000000000000000                      
                                                              10 0000000000                  0111110                          000000000000                      
                                                               00000000111                      0011                                00000000                    
                                                                0100001111 1                         0                                                          
                                                                 010111111                                                                                      
                                                                   11110                                                                                        
                                                                    0111                                                                                        
                                                                      01                                                                                        
                                                                                                                                                                
                                                                                                                                                                
                                                                                                                                                                
