                                                                                                                                                                
                                                                                                                                                                
                                                                                                                                                                
                                                                                                                                                                
                                                                                                                                                                
                                                                      0  1                                                                                      
                                                                    1110111011                                                                                  
                                                                  1110011011001000000100100000000011                                                            
                                                                1100001001000000000000000000000000000000                                                        
                                                              010000000000000 00  0          00000000                                                           
                                                             10000 00  0 000000000            0000000       000000    0000001111100000                          
                                        01               00010     0000000000000010           0111110         111111111100000000011111111100                    
                                        1111 1 1111101000 00        000011111111110           11011000      00111110110000 000000000011111111110                
                                         110111111111110                01111110011110      01100001111    011000000000000 00000000011111111111111              
                                        10111111111111111100             111110011001110    01000000000000000000000000000   0000001111111111111111 1            
                                       011111111111111011110           01101110001111001000000000000000000000000000000000   000000111111111111111111            
                                   01111111111111111110111110000       01111100010000010000000000000000000000      00000   00000000111111111111111111 10        
                                011110001111111111111101101110111       0111100010     000000000000000000000          00   000011111111111111111       1        
                           00011101111110000000001011000101101110010   0101110100      000000000000000000000            0000000011111101         0     1        
                          1111100111110000000000100000110010001000110001001100000     000000110   0000000000             0000000111111                          
                         11100111100000011101111111000001100100010  0000000000000000000001100                             00000011111                           
                       0110011110011110000110000001100001000111000   0000000000000000001100                                 0000111111                          
                      011011111111111100000000001110110 00110110000000000000000000000110                                     000111111 0                        
                     111111100111001     00110001111110 0001100000000000000000000111100                                      000111111                          
                    1111111110000     0  00111000000000  0010000000000000000001100000000                                      0111111                           
                    011100001110000 0000001001 0000000  000000000000000000111000  00000000                                     111111                           
                      0011000001111000000000000000000  00000001001111111110000   000000000                                     011111                           
                            000000000000000000000000 00000  001111110000        000000000000                                     11                             
                             1     0000011111100001 1010000000001110                                                                                            
                                                      01000000111111                                                             1                              
                                                        100000111111                                                            1                               
                                                        110011111111                                                                                            
                                                         11111111111                                                                                            
                                                           111111111                                                                                            
                                                             01  1                                                                                              
                                                                  01                                                                                            
                                                                                                                                                                
                                                                                                                                                                
                                                                                                                                                                
                                                                                                                                                                
