                                                                                                                                                                
                                                                                                                                                                
                                                                                                                                          0000                  
                                                                                                                                     0011111                    
                                                                                                                                  01111111                      
                                                                                                                                1110001111                      
                                                                                                                              110000111101                      
                                                                                                                            01000011100111                      
                                                                                                                            10000100111110                      
                                                                       0001111111                                        010000000011000                        
                                                                  00111111111111111111                                  1100000000000000                        
                                                               0110000000000001111111111 0                            01100000000000000                         
                                            00011111111110    00       000000000000000111111111111011010             11000000000000000                          
                                    000011111111111111111111          000000000000  0000000000011111111111 1       011000  00000000000                          
                               01111111110111111111111111111            001111000000000         0000000000      0111110000 00000000000                          
                           0111111111000000001111111111111110             111111111110            00000       1111110000000 000000000000                        
                        111110000110111100000100111101101110111         00111111101110            000000        01010000000 000000000000000                     
                     0111101111111111111111111100101101111111110      011111111001101110         0111110       110000000000  0000000000000000                   
                   0111110011001000000111000001100011011101110010     01111111000110001100     001100111100   000000000000   00000000000000000                  
                  11011111110       001110011111100111001111111110   010111100010111100110     0110010000000000000000000000000000000000000000000                
                    1101111110   00 00111011111111 0111111001000011111111111111110  0111111000000001000000000000000          0000000000000000000                
                    010001111110000111110011111110 01111111010   111100110011100     00010001000000000000000000                      0000000000000              
                       10011111111111111001110010 00111111110000011111111111110        011000000000000000000                                                    
                       0 00111101111111001101110 001111111111111000111111111111100   011100000000000000100000000                                                
                             001100000001111110 011111  111 1111011 111111111111110001100000000000001000 0000000                                                
                                 0011110000000111110001111  1111111 1111101100110000000000000001111000 000000000                                                
                                      001111  011000  011011100000001000000000000000000000111110     00000000000                                                
                                          0   1110000000111100010000000000000000010011111100                                                                    
                                               0100000000011111110000011111110111111000                                                                         
                                                 0000001111001111111111000000000000                                                                             
                                                1100001111 1           00    0000000 0                                                                          
                                                  01101111              00000000000000                                                                          
                                                  10101010               01100011111                                                                            
                                                  111101                   011111111                                                                            
                                                   101                        011111                                                                            
                                                     0                            0011                                                                          
                                                                                                                                                                
                                                                                                                                                                
                                                                                                                                                                
                                                                                                                                                                
