                                                                                                                                                                
                                                                                                                                                                
                                                                                                                                                                
                                                                                                                                                                
                                                                         0                                                                                      
                                                                     0011                                                                                       
                                                                  01111100                                                                                      
                                                               011001100111100                                                                                  
                                                             011000000011000110011                                                                              
                                                            11000000000000000001000001111                                                                       
                                                          010  0  00000000 000000000000000011111                                                   0            
                                                00011100           000100000000000000000000000000111                                        00011100            
                                          0111111111111111             0111111111110        000000000011                               00111000000              
                                      0111111111111111111100            11111111110            0000000001                        00111100000000000              
                                 00111111111111111111111111000        01111111111111           0000000                      00111100000000000000                
                              01111100000000001111111110111111       011101110011001100       01111110                 0011110000000000000000000                
                           01111111111000000111001111111100111110     111111111111110110    001101110         01111111110000000000000000000000                  
                        1111100011111111111111111000111110111001100  01111100011000111110 0001111111110     00011111111000000000000011100000                    
                        11111111111111011100000111000111011101100111111111111110   011111111110011011110   011111101100000000000000111111000                    
                     011011111111100000011000111111100111111111   0111111101110       110010110110110111101111110110010000000000000000000                       
                   011111100110       001110011111110 0111111000 011111111111110     0111000000000000000000001011001010000000000001000                          
                  0 11111111110     00001110011111110 0111111101111011111111111110  01100000000000000000000100000000000000000001100000                          
                 01001110111111100000011111001110011 0111111111111011 1111111111111111000000000000000000         000000000000001111110                          
                   10010000011111111111111100111111 01111  11  111111 11111111110000000100000000000000              00  00000000111111                          
                     000001 0111111111111100111111001100011111111111111100000000000000000111110000 000000000          000000000000111110                        
                          00111111000000000011100 01000 01111111011000000000000001001111110     0000000000             0000000001111110000                      
                                0001111101000000101100000011111111100000111111111111000            0001111              010000001100011100                      
                                        00001    1010000000011110111111110000000                       000 1              0100000011000000                      
                                        00000000000 0000000111111111000000       00000                                      11100000110000                      
                                        00000000000110000111111 1   0  0 0000000001111                                        011100000000                      
                                        100000      110111111111     00000001000111111                                          0111100000                      
                                        01            11111111        0000000111111111                                             0011110                      
                                                      0 1111             0     0111111                                                 000                      
                                                        0                          011                                                                          
                                                                                                                                                                
                                                                                                                                                                
                                                                                                                                                                
                                                                                                                                                                
                                                                                                                                                                
                                                                                                                                                                
