                                                                                                                                                                
                                                                                                                                                                
                                                                                                                                                                
                                                                                                                                                                
                                                                                                                                                                
                                                                                                                                                                
                                                                         001                                                                                    
                                                                     0011110                                                                                    
                                                                  011111000111                                                             000                  
                                                               0110000001110011100                                               00111111111 1                  
                                                             01100000000000000001100011111                                  001111111111111111                  
                                                          0000  00 0000 00000000000000000001111111                       0111111111111111111                    
                                         00111111111111100          0000000000  0000000000000000000111                0111000011111111111111                    
                                  000111111111111111111111          0 00111000100000       0000000000011            111000000001111111111111                    
                             01111111100111111111111111111              11111111111            000000            0111000000000111111111111                      
                         0111111101000000000011111111111110000         0111111111110           00000      000111111100000000001111111111                        
                     00111100111111111111111100111111111111111       01111111011101110         111110       01111010000000000011111111                          
                    11111111111111111111111111000110011001111100     1111111100110101110     0011011000    0111100000000000000001100                            
                 111111011100 0 000011100000111 0111111111100111    01111110011011110011    011111111110   111100000000 000000111001                            
               011111111110       00111001111111 01111111011100110011111111101100 01111110010110110100000000000000000000000001111111                            
               0111111111110   00000111011111111 011111111110   1111011110111000    00110010010000000000000000000000000 0000001111111                           
                01110011111110000111111011111110 011111111000  011111111111110        11000000000000000000000    00000  000000001111111                         
                   0000 11111111111111001110010 00111111111011110011111111111110    01110000000000000000              000000000011111111                        
                      001111111111111000111110 0011111 111111110011111111111111110001100000000000000000000              0000000011111111                        
                          011110001000111111001111111  11  1111111  11111111111110000000000000000000 00000                0000000011100111                      
                              011111000000011111000 011111111111111111000000110000000000000111100000000000                   0000000111001                      
                                   000001 11 000100 0111111111110000100000000000000010011110      00000000                     01110001111                      
                                      0       100100 0011110001100000000011000011111  100                                        00111001                       
                                          00000100110000011111111011111001011111000                                                 011111                      
                                          10000000  1110000011111111000000 000000                                                      0                        
                                          100000 0    0 110         00000 0000000000                                                                            
                                                        0  1         000000000011111                                                                            
                                                          01            001111111111                                                                            
                                                            10               0111111                                                                            
                                                             1                   0001                                                                           
                                                                                                                                                                
                                                                                                                                                                
                                                                                                                                                                
                                                                                                                                                                
                                                                                                                                                                
