                                                                                                                                                                
                                                                                                                                                                
                                                                                                                                                                
                                                                                                                                                                
                                                                                                                                                                
                                                                                                                                                                
                                                                                                                                                                
                         0000000000001111110000                     000000                                                                                      
                  00111111111111111111111111111111110      00111100111111111                                                                                    
             01111111111111101111000001111111111111110  00000000000000011111 1                                                                                  
            111111011001000101111111111111111111111111          00000000011111                                                                                  
            101111110      011110011111011111111111100          0000000000011111                                                   011                          
            0100111100   0 011100111111 01111111111111          00110000 000011111                                                10                            
             00 11111110001111001111111 01111110111111          0 111111000 0000111                                             1000                            
             00111111111111110011111111 01111111110111      01101111111111000000001111 0                                      110000                            
                0111111111110011111111  11111110111111     1111111111111111100     00011 0                                  11000000                            
                  0111111100011111100 001111111110 0111000111111111000111110         000111110                            11000000                              
                    011111111111110 0011111111111   111111111110101111110110            00001111 0                     01100000000                              
                      011101100000011111  11111110011111111111111111011111110           0000000111                   1110000000000                              
                         000011111110011  11 11111111111111101111110  0111110         00100000000000              0110000000000000                              
                          0 1111100000 1 1   1111111111111111111      0111110     000111111110                011100 00000000000                                
                            0 1110000000111 111111   111111111110       11111100001111001110        0 11101111100  0000000000000                                
                                000010111111 111111111111111111110    001110111111111110111100       011111111000   0000000000                                  
                                01011111111    01111111111111111110001111111111011011101111111     111111001000000 00000000000                                  
                                0111111111     000000000111111111111111111111111110111011011111001111110100000000  000000000                                    
                                1111111     111011000100011111000111111100100000000000000000000100000010010000000 000000000000                                  
                                1 111      110000111000111000001000000000000000000000000000000000000000000000000  000000000000                                  
                                  1 1               00000000111111111000110001000000000000000       00000000000  000000000000000                                
                                                    0    00000000000111111101100000000000                   00   000000000000000 0                              
                                                    0000000000000000             000000000000000              00000000000000000000                              
                                                     10000011111  00               00000001110                  000000000000000000                              
                                                     01010111111 110                 011111000                     000000000000000                              
                                                      1111111101   0                    0011 1                        000000000000                              
                                                       01111                                 0                            0000000000                            
                                                         1 1                                                                                                    
                                                                                                                                                                
                                                                                                                                                                
                                                                                                                                                                
                                                                                                                                                                
                                                                                                                                                                
