                                                                                                                                                                
                                                                                                                                                                
                                                                                                                                                                
                                                                                                                                                                
                                                                                                                                                                
                                                                                                                                                                
                                                                                                                                 00011111111111111000           
                                                                           01                                               011111111111111111111111   100      
                                                                       00111111111                                      01111000000011111111111111 1            
                                                                    01111111111111111111111111111111 1               011100000000000111111111111 1              
                                                                 011000000001100100000000000000000000000          011100 00000000011111111111111                
                                                               110000000000000000000000000000000000000      0011111110000  0000000011111111111                  
                                                    01110  00000     0000000000000000           00000         111110000000 000000000001111                      
                                             0001111111100          00101101000000000           010010       0101000000000  000000000000                        
                                       001111111111111111111             011111111110           01111000    01000000000000  000000111001                        
                                 001111111111111111111111110             01111110011110        01100001100  0000000000000    00000001111                        
                            0111111111100011111111111101111100          001111100110011100    0110000000000000000000000000  00000000000111                      
                          11111101111100000000011111111101110111       01110111000111100110  00000000000000000            00000000000000001                     
                       011100000000001110011111000101011111101110      011111000110001111000000000000000000000               000000000000100                    
                     0110011111111111111111111110000110111001100110    010111000110   000000000000000000000000                  000000000001                    
                   011111001110110000001100000011000011011101101111000010111001100       00000000000000 000000                     00000000011                  
                  110011110110       00110011111110 011101110110  0101100111001100      0000000001100 00000000                       000000111                  
                    1110111110       00111011111111 001110111000   11011111111011110   00000000100                                     0100011                  
                    0010001111100000011110011111110 0011111111000000001111111000000000000000110                                          0111                   
                       010011111111111111001100010  01111111110111000111000000000000000001110                                              1 1                  
                        0 00011000000011000001110 0011111 11111000000111000000000000001110                                                  0                   
                               00110000000000100 000000001000110000000000000000101111000                                                                        
                                    000100000000011000  00100001000000000001111000000000                                                                        
                                         001    010000000111111111111111111000   000000000                                                                      
                                        1 0     0 000000000100011000000      0  0000000000                                                                      
                                                0 00000001110                  00000000000                                                                      
                                                0 0000101111                      00001111 1                                                                    
                                                  0101011111                                                                                                    
                                                  1011111111                                                                                                    
                                                  11111101                                                                                                      
                                                    1111                                                                                                        
                                                      1                                                                                                         
                                                                                                                                                                
                                                                                                                                                                
                                                                                                                                                                
