                                                                                                                                                                
                                                                                                                                                                
                                                                                                                                                                
                                                           000001111                                                                                            
                                000000               000000011111110                                                                                            
                  0001111111111111111111111110    01100000000000011111                                                                                          
            001111111110000000111111111111111100        0000000000011111                                                                                        
         0111111111100111100000011111111111111           00000000000011111                                                                                      
     01111101111111111111111111100111011111110          000110000 0000001111                                                                                    
    11111110110    00010110001111011111111110111          0111110000  00001111 0                                                                                
    1100111111       001110011111001111110111111         01111111110000000001111 0                                                                              
    001001111100000000111001111111 0111111110111      011111111111111100    000011 1                                                                            
      0100111111111111111011111111001111111111110    1111111111111110         00000111                                          0000                            
       001111111111111110111111110 0111111110 01100011111111100110011            0000111                                   0001000                              
           011111111110001111110  0111111111   11111111111001111111110            00000011                             00110000000                              
              11000110011111110 001111111101001111111110111110001101110         00000 001111                       0011100000000                                
                0 111111111000001111  11111111111111111111000   0111110     00011111100  000                    0111000000000000                                
                   00000000 11110001 11  111111111111111111      011111000011110111110                     001110000000000000000                                
                      0   1100000 0111  111111  111111111111      1100111111101101110         000      00111000000000000111110                                  
                        00100000000111111111111111111111111100 011111111011011110111110     0 0111111111000000000000011100000                                   
                          0000000000011100111111100111111111111111111111111111011101110    011111011010000 00000000000000000                                    
                         100000001111001001000000000001110001111111110001000000011111111111111111001100000 000000000111000                                      
                        101010111111  01  1111001101110000000000010000000000000000000000001101111100100000 0000000000000                                        
                        11111111111 111    00011000000011110111000000000000000000000010001000000000000000 000000000000                                          
                        1111 1                  0  00000000001111111111101000000000         000000000000 0000000100000                                          
                         1 1   1                00000000000               00       00            00000   0000000011000                                          
                        01                      100000111111 0             0000000001111           000 000000000000000                                          
                                                1101011111  1                011111111               0000000000000000000                                        
                                                  01111111                     01110                  000000000000000000                                        
                                                  111101    1                    001                    0000000000000000                                        
                                                   111                                                   000000000000000                                        
                                                    0                                                      0010000000000                                        
                                                                                                              0010000000                                        
                                                                                                                 0000000                                        
                                                                                                                      0000                                      
                                                                                                                                                                
                                                                                                                                                                
                                                                                                                                                                
                                                                                                                                                                
                                                                                                                                                                
