                                                                                                                                                                
                                                                                                                                                                
                                                                                                                                                                
                                                                                                                                                                
                                                                                                                                                                
                                                                                                                                                                
                                                                                                                                       000                      
                                                                                                                                   001 1                        
                                                                       0000001                                                   1111000                        
                                                                00011111111111                                                 1110001                          
                                                            01110000000001111111                                             110000000                          
                                     00011111111111110    000   000000000001111111                                         01000000000                          
                             000111111111111111111111110          000000000000001111                                      110000100001                          
                        01111111110000111111111111111111          0001100000000000001111 1                              01000000001000                          
                    011111000001111000001011111111111110            0111111100000000000001111111 0                      10000000100000                          
                 01111111111111111111111110111111111110111          0 111111111110      000000011111                 110000000000000                            
              01111100110110000111100000110001101110111111       0111111111101110            00000001111           01100000000000000                            
              1011111110       0111001111110001111111110111     01110111100111111             000000000          01100000000000000                              
             11100111110    0 0011100111111100111011011111100  01111111111011101110         0010000        00011111000  0000000000                              
              011001111110000011111011111111 01111111110  11111111111100111111111110       00111110         11111010000 0000000000                              
                0010011111111111110011111110 01111111110  01111011110111110  0111110     01110011000      0011110010000  000000000                              
                  0011111111111110011111110 01111111111101111111111111100     011111100001100110111110    1111100000000 000000000000                            
                      01111011110011111110011111  1111111101111111111111        011011101100110110110100011001000000000 00000000000000                          
                          111111111111000111001   1  1111111 1111111111111    0011100110010011001000000000000000000000   000000000000000                        
                            000000000011110000 0111  11111111111111111111100001111111001000000000000000000100000000000   00000000000000000                      
                                00  111 001000000001111111111111111111111111111100000000000000000000000               00000000000000000000                      
                                    0   1 0110000011111110001100000011110000000000000000000000000000                      0000000000000000                      
                                          001 10011111    000000000000000000000000000011111000000000000000                    00000000000000                    
                                              1 111111     01111111100111111111111111000  000   00000000                             000000000                  
                                                011111    1000000000000000000000             00000000000                                                        
                                                   0  1        0    0000000000                  00111111                                                        
                                                               0000000001111                                                                                    
                                                                010001111111                                                                                    
                                                                 01111111111                                                                                    
                                                                   1111111                                                                                      
                                                                     11110                                                                                      
                                                                       01                                                                                       
                                                                                                                                                                
                                                                                                                                                                
                                                                                                                                                                
