                                                                                                                                                                
                                                                                                                                                                
                                                                                                                                                                
                                                                10                                                                                              
                                                              110000100010                                                                                      
                                                              000011001000010000000011111111                                                                    
                                                            100000000100000000000000000000000011                                                                
                                                          01000000 00  00  00  00   0  0000000000011                                                            
                                  1                      11000 0   0 00000000000            0000000001                                                          
                                 1 1                 00011     00000001001111110             00000000000                                                        
                                 111111 11       011100000      0000011111110110            01111110                                                            
                                  111111111000111110                 01111110111100        011111100                                                            
                                  01010100011111111111100             111110010001110    0111001100         000                                                 
                                 0100000011111111111111110           11101100001100100000000010011110       011110                                              
                                  0100111111111111110111110000       0111100010  01000000000000000000   0011111111111000                                        
                                   01111111111101111101101101110     000110000      0000000000000000000000000110111111111110                                    
                                 011000111111111110110010010001010   01010000       0000000000000000000000000000010111000001111                                 
                                11001110000000000000100001100100010001000000000    00000000000000000000000000000000000000000001110                              
                              01101111100000000000000010001000010  00000000000000000000100   00000000000 0   000000000000000001111 0                            
                          111110011111000000000011000000000000000   0000000000000001100          0000000       0000000000001111111111                           
                     111  011101111100000001110000000000000000000000 00000000011100                 0000            00000011111111111                           
                        0 0100111110000000000000000000000 0000000000000000001100                                 0 00001111111111111111                         
                          1111110000011111000000000000000 00000000000000000000  0000                              0000111111111111111110                        
                         1101111111011110    000000000000 0000000100000000    00000000                            0000111111111111111                           
                        01111110000000     0 00000 00000 0000000000111   100  00000000                            00011111111  11 11   1                        
                        11111111100000    0 000000 00000 0     000111111    0000000000                             1111111 0           1                        
                       1111100000000000000000000000000000000000001111111             000                           1111111            11                        
                         11000000000000000000000100000     1110001111111 1                                         11111               1                        
                           000000 000000000000               0111111111111     1                                  01111111                                      
                                    0                           00111111  1                                       1111                                          
                                                                                                                 011                                            
                                                                                                                    1                                           
                                                                                                                 1                                              
                                                                                                               11                                               
                                                                                                                                                                
                                                                                                                                                                
                                                                                                                                                                
                                                                                                                                                                
                                                                                                                                                                
                                                                                                                                                                
