                                                                                                                                                                
                                                                                                                                                                
                                                                                                                                                                
                                                                                                                                                                
                                                                                                                                                                
                                                                                                                                                                
                                                                    0                                                                                           
                                                               00000011111                                                                                      
                                                            0001100011001111                                                                                    
                                                         00000000000000100111111                                                       0100                     
                                                     0010000000000000000000000001111                                           000000011110000                  
                                     0000011111100000000  00 000  0000000000000000000111000000                            000000000001101000                    
                              000111111111111111111000 0    000000000000000000000000000001100000 0                    00000000000001111110                      
                        001111111111111111111111111011100       01110111111110       0000000000000                 000    00000001100000                        
                    01111111100000111111111111111100000000      011111111111000000       000000000              000          00111011111                        
                 011111011111111101110111111110111111100000   000111111111110000         00000000  0  0    000000          0011100000000                        
              01111111111101000011111101111110111111110000000011001111111101110000      0000000  000    1100000000       0011000000000                          
            0111001111100000000000111100111111101110111000 00111111111111111111100    00000000000     011110 00  0    0001000000000011                          
          0000111111000  0 000000111101001111100111111110  0111111111111011100110000 00000000111100   00000000 0  000000000000000000                            
          00 000111000 000001111011111110011110111110001100111111111111100 00011111100000111110111100000000000100001000000000000000                             
           000011111001000111110111101110011100111110 001111111111111000      0110111010011001000000000000000000000000000000001000                              
                 0111111111111101110111000111111111111111111111111111100      001100110000000000000000000000000000000000000000001111                            
                0000000111111100111111000101111111111111111111111111111110  0011111000000000000000000            0000000000000000000                            
                    00000001101111111000111111111111111111 1111111111111111111110000000000000000000000000           000000000000111000                          
                        0000000000000111110011111111111111 111111111111111111000100000000000000000000000              0000000000000100                          
                                 00 11101100011111111111111111110000111000000000000001100000000000000000                 000000000000000                        
                                    000 000000011110011111111111000000000000111111100       0000000000                     0000000000000                        
                                     0    000000001111111111111110110011111111000                                            00100000000                        
                                  0  0    0001111100111      11110000000000000                                                 001100000                        
                                     0 0 000001111        00000000  0000000000                                                   0010000                        
                                     00000000000                 0000000111111 0                                                    0110                        
                                      00000000                     011111111                                                          01 0                      
                                       0000                          0011111 1                                                                                  
                                        00 0                             00000                                                                                  
                                                                                                                                                                
                                                                                                                                                                
                                                                                                                                                                
                                                                                                                                                                
                                                                                                                                                                
                                                                                                                                                                
