                                                                                                                                                                
                                                                                                                                                                
                                                                                                                                                                
                                                                                                                                                                
                                                                                                                                                                
                                                                      001                                                                                       
                                                                    011110                                                                                      
                                                                 0111110011100                                                                                  
                                                               110000001110011000                                                                               
                                                             110000000000011000110001111                                                                        
                                                           010 0000000 0000000000000000000111111                                                                
                                                    0     00       00000000000 000 00000000000000111                                 00011111111111100          
                                           001111111111100          000111100100000       00000000000011                      00111111111100000000              
                                      01111111111111111111             011111111110           0000000000                 0011111000111111111000000              
                                 001111111111111111111111100           0111111011100           000000                001110000000001111111100000                
                             011111100000011111111111101111111       01111111001101110        0111110       0011111111100000000000111111111111 0                
                          0111111111100000001100111111111111110      011111110011010111      01101110        01111111100000000001111111111110                   
                       111110001111111111111111000111011001110110    0111110001101110010    01111111111    011011001001000000000111111111100                    
                     011111111111111111110000011000111111111111110000111111010110  01111100101101101111000011111110010000000000000111111                        
                   01100001111110000001110011111100011101110110 0111110111011100    00010010010000000000011000000000000000000000111000                          
                  11111110110       001110011111110 01111111010  01111111111110       011000000000000000000000000000000000000011110001                          
                01101111111100   00 001110011111110 01111111100001101111111111110    11110000000000000000000  000000000 00000001111111                          
                 111110011111100000011111001111011 0011111111011100111111111111111000110000000000000000              00 00000001111111                          
                  00000000111111111111111001100110 01111  1111111111 11111111111110000000000000000000 000000          00000000000111111                         
                    0 0000011111111111110001111100011111  11  111111111110000011000000000001111000 000000000            0000000111111100                        
                        0 001111000000000111100001110000111111111111111000000000000001111110     00000000000             010000111111111                        
                               00111111100000011010000 01111111011000000000010001111   00             000011               1100011110011                        
                                       000      00100 001111010001100001111111111000                                        011111011100                        
                                       1000000011011000000111  1111111100000000                                               0111100111                        
                                      1000000000    00000000000000 00000000  000000011                                          01110001                        
                                      1000000000     0000011        000000000000001111                                            011100                        
                                      00            0 000111          0000000111111111                                              0011                        
                                                       11111            00 00000111111                                                  01                      
                                                       111                        0011                                                                          
                                                                                                                                                                
                                                                                                                                                                
                                                                                                                                                                
                                                                                                                                                                
                                                                                                                                                                
                                                                                                                                                                
