                                                                                                                                                                
                                                                                                                                                                
                                                                                                                                                                
                                                                                                                                                                
                                                                                                                                                                
                                                                                                                                                                
                                                                          0                                                                                     
                                                                       0111111                                                                                  
                                                                    0111111111111111111111111111111111                     00011111111111111111100              
                                                                 011100011011001000000000000000000000000              00111100000000001111111111111110          
                                                               01100000000000000000000000 00 00000000        0000011111000000000000011111111111111111    0      
                                                 11          010000000  00  00 00000           000000       0011111111000  000000001111111111111111111   11     
                                                  111110000000      0000000000000000           011011        0111100100000  00000011111111111111111             
                                              1111111111            0000011111110110           01111000     01000000000000  000000001111111111                  
                                         0011111111111111110             1111111001100        01100001000  00000000000000   0000000000011                       
                                    000111111111111111111110             0111111011001100     000000000000000000000000000   000001111111                        
                                011111101111111111111101111000          011111100011100010  000000000000000000        000   000000111111                        
                           0111111111111000001111111111101110111       0111111101100010100000000000000000000             000000000001111                        
                         01111001111110000000000001100111111011110      11111000110   0000000000000000000000               00000000001111                       
                       01110011000000011111111110000110011001100011    01011101100       000000000000  00000                  000000001111 0                    
                      1110111111111111011110000010 0001111100101001100110011000100      0000000011000000000000                  0000011111                      
                    111111001111110000001100000001100011001110110  00011001111000000   000000110                                 000001111                      
                  0 11111110110       00110001111111 000110111000  011001100000000000000001110                                     00001111                     
                   111001111010    0  001110011111110 01111111100000000110000000000000001110                                        0111111                     
                    01110011111100000011111001000010  01111111100000000110000000000001110                                            01111                      
                       0000011111111111111000000010 000111110011000000000000000011111000                                              0 11                      
                         0  0000000000000000000110 000000000000000000000000001110000000000                                                                      
                         0       0000000000000000 000000 0011100110111111111100  000000000                                               1                      
                                    0 0000000111 101000000011111   1111000   0000000000000                                                                      
                                                  0 000000001100                000000000000                                                                    
                                                    000000011111                       0000                                                                     
                                                   1100001111111                                                                                                
                                                    101011111111                                                                                                
                                                    1 1111111111                                                                                                
                                                      11111111                                                                                                  
                                                       1 111                                                                                                    
                                                          1                                                                                                     
                                                                                                                                                                
                                                                                                                                                                
                                                                                                                                                                
