                                                                                                                                                                
                                                                                                                                                                
                                                                                                                                                                
                                                                                                                                       0001111                  
                                                                                                                                  00111111111                   
                                                                                                                               0111110111111                    
                                                                                                                            0111100011111111                    
                                                                                                                          011000011111111111                    
                                                                               000                                       11000000101111111                      
                                                                        0011111111                                     1100000000111100000                      
                                                                   001111111111111111                                0110000000000000111                        
                                                                01100000000000111111111111111100001111              110000000000000000                          
                                                0000001110  00000      000 0000000000000001111111111111111        111000  000000000000                          
                                       000111111111111111110          000000000000 0000      00000000000      01111100000  00000000000                          
                                001111111111111111111111111110          00111100100000            00000       011110000000 000000000000                         
                            01111111110000011111111111011110              111111111110            00000        01010000000  00000000000000                      
                        001111000011111000000001111111111111000          01111111011100          0110110      010000000000  0000000000000000                    
                      0111101111111111111111111001111111111011 0       011111110011001100       01100101010   000000000000  000000000000000000                  
                    111110011111111000111001111100011011100111100     01110011100010101110     011101000000000000000000  00000000000000000000000                
                  111111111110      0011100001110 0111111011100110    0111110001101111001100 00000000000000000000             000000000000000000                
                  0 101111110       00111011111110 0111011001100110001101111010110   0111011110000000000000000                       00000000000                
                   0110011111100000001111011111111 01111111010   0111101110011100      001000000000000000000 0                              000000              
                      0100111111111111110011111110 011111111000  111111111111110       01110000000000000000000                                   0              
                       0 011111111111110011100110 001111111100111100111111110111110   010000000000000000 00000                                                  
                            0011000011000011111  01111  11111111001111111111111111100000000000000110000000000000                                                
                               001110000011000001110001 11  11111111 1111000000000000000000001110                                                               
                                    0000000001011110  0010111100001100000000000000000000011110                                                                  
                                        0     0100000 011000100000000000000000000011111110                                                                      
                                             0010000000011111000110000011111110111100                                                                           
                                             00 0000000001011 11  111111000000000000                                                                            
                                             00 00000001110             00   000000000                                                                          
                                                0000101111                000000000000                                                                          
                                                1101010111                  0111001111                                                                          
                                                 1111110                      00111111                                                                          
                                                0 1110                             00011                                                                        
                                                   0                                                                                                            
                                                                                                                                                                
                                                                                                                                                                
                                                                                                                                                                
                                                                                                                                                                
