                                                                                                                                                                
                                                                                                                                                                
                                                                                                                                                                
                                                                                                                                                                
                                                                                                                                                                
                                                                  00                                                                                            
                                                              00000000                                                                                          
                                                           0000110011100                                                                                        
                                                         0000100001000011001                                                                                    
                                                      0000000000000000000110000111                                                                              
                                                    01000000 000 0000000000000000000111110 0                                                                    
                                       0000011100000000     0000000000000000000000000000011000 0                                                                
                                 0011111111111111110        0 0011110111000000      00000000000000                                  000000000000                
                           0001111111111111111111110  0         1111111111110000        000000001100                       000000000000011111111 0              
                       0111111100111111111111111110000 000      11111111111100           000000000                    000000000000000111100000                  
                   011111000000000011111111111011111110000   011111111111111110         00100110                 00000000000000001111110000000                  
                 111100011111111111111011111101111111100 000 01101111111110111110      001001110        011001000000     0000011111111100000                    
              0111111111110100000111110001111110111001110   011111111111111110111     000000111000     0010000000000    000111111111111111 0                    
            01110011101000 00000001110110011110011111111100011111111111100000111110000000111011111    010000000000000000000000011110000001                      
          00111111110      000110111111100011111111110 01101111110111100     00110111010011011011110011001001101100100000000000011111111                        
          000000111100 000001111011111111 011101111110 0111111111111110       01110110011010000000000000000101101101000000000000000111                          
            00001111101101111111011101110001111111111111111111111111111110   0111111111000000000000000000100000000000000000010000110                            
           00000001111111111111001100110001111111111111111111111111111111100011111110000000000000000         000000000000000111111                              
               0 00000000111110001111100011111  111 1111111111111111111111111110100000000000000000   00          00000000000111111 0                            
                     00000000001111100011110001111111111111111111111111100000000000000110000000000000001           00000000001111111                            
                          00000000000 1110100001111111111111110000000000000000100011100   000000000000              0000000011111111                            
                                000   010000000000000001111111110001100001111111100           00000000                00000011111110                            
                                    0 0010000000111111101111111110000000000000                     000                 010000111001111                          
                                      00100000001111   111111110000   00    00                                          01001001100011                          
                                      0011011111111011  0      000000000000111 0                                          110000111000                          
                                         11111111000             0000000111111 1                                           01110001100                          
                                          01111100                  0011111111                                               0111000                            
                                            001000                      001111                                                 01110                            
                                                                             00                                                  011                            
                                                                                                                                                                
                                                                                                                                                                
                                                                                                                                                                
                                                                                                                                                                
                                                                                                                                                                
                                                                                                                                                                
