                                                                                                                                                                
                                                                                                                                                                
                                                                                                                                                                
                                                                                                                                                                
                                                                                                                                                                
                                                                     00111                                                                                      
                                                                  01111100                                                                                      
                                                                11001100111100                                                                                  
                                                             0110000000110001110001                                                                             
                                                           0110000000000000000010000001111                                                                      
                                                          000      00000000 000000000000000111 1                                                0000            
                                               000111100            00000000000000000000000000000111                                       0011000              
                                         00111111111111111             0111111111110        0000000000 1                              001100000000              
                                     01111111111111111111100            11111110111            00000000011                        01110000000000                
                                 00111111111111111111111111001        011111110111110          00000000000                   0011100000000000000                
                              0111110000000000011111111011101110     011101110001001100        1111110                  0011110000000000000000 0                
                           011110111111000011111001111111001111110    111111011011110110     01100111         01100011111000000000000000000000                  
                        11111011111111111111111110001111111111011100 01111100011000111100 0001111011100      0011111111000000000000000000000                    
                       111011111111111001100000111100111011101100011110111111110   011011110110011011110    111111001000000000000000111110                      
                     01101001111110 000011100111111100111111111   0111111101110       1101101101101101111001101101100000000000000000000001                      
                   011111100110        00110011111111 011111100000111111111111100    0111010000000000000011001011110010000 00000000000                          
                  0 111111111110    00001111011111110 0111111100110011111111111110  01100000000000000000000000000000000000000000000000                          
                  1001110011111110000011111001110011 0011111111111011111111111111111110000000000000000000      00000000000000001111110                          
                   100000000011111111111111000111110 01111 11 1111111111110111110000000100000000000000              00  00000000111111                          
                     00000100111111111111100111111001100011111111111111100000000000000000111110000   0000000          000000000000000000                        
                           0001111000000000001100 01000 00111111011000000000000001001111110    000000000000            0000000000000100000                      
                                 000111110000000100100000000100001100000111110111111000           00000000              010000000000001000                      
                                        00001     010000000011111011111100000000                      0011                0100000000000000                      
                                        100000000000100000111111   0000000       00000                                      01100000000000                      
                                        100000000000110001111111   00  000000000000111                                        011100000000                      
                                         100000      11011111111    000000001000111111                                           011100000                      
                                          00          0 111111         000000111111111                                              001110                      
                                                        0 11 1           0    00111110                                                   000                    
                                                          0                        011                                                                          
                                                                                                                                                                
                                                                                                                                                                
                                                                                                                                                                
                                                                                                                                                                
                                                                                                                                                                
                                                                                                                                                                
