                                                                                                                                                                
                                                                                                                                                                
                                                                                                                                                                
                                                                                                                                                                
                                                                                                                                                                
                                                                                                                                                                
                                                                          00                                                                                    
                                                                 000111111                                                                                      
                                                             001111111100011                                                                                    
                                                          0110000000000111111111                                                                                
                                              00000    0000  000000000000000111111                                                        1                     
                                    011111111111111100          00000000000000001111                                                    1100                    
                             0001111111111111111111111          000111000000000000001111                                              1100                      
                        001111111000011111111111111110            0 1111111100000 00000011 1                                       0110000                      
                     01111100011100000110111111110111111          011111111111100      0000111 0                                 010000000                      
                  111110111111111111111110111101111111111       011111111111110            0000111 0                          011000000000                      
                011001111111111111100001110011111101110111     01111111100110111             000001110                     0110000000000                        
             011111011000   0001110011111110011111111111110   01111111111111111110          0000000001 1                0111000000000000                        
            11011111110       01111011111111 0111111111000111111111110011100110111        01111110     0             0111000000000000000                        
            01110111111000000011110011111110 0111111110   1111011100111110  0111110    01111111110        0     000111000000000000000000                        
             001000111111111111111001111111  01111111010011111111111111      011111000011111111100        0 11111111000000000000000000                          
                00001111111111111001110111  0111111111111101111111111110       11001101101111011111     010111110110000 000000000000                            
                  00011111111111001111111 01111   11 1111111 1111111111110   011110110011110111011100000111111001100000 0000000000 0                            
                       0011111101111110001111000111  1111111 1111111111111001111111111100000010011111111111111110010000 000000000000                            
                            0111100000011110000000011111   11111111111111111111100000000000000000000000000001000000000 0000000000000                            
                                 01     1001000000111111     000000011100000000100000000000000000000000000000000000000 0000000000000                            
                                    0 0    0111000111111      00000100000000000000000100000000000              0000   000000000000000000                        
                                          0 001111111111      101111001111111111111000000000    000                000000000000000000000                        
                                                011111    1111100000000000000            0000000001111               0000000000000000000                        
                                                    001   1111 0     00                    010111111                   00000000000000000                        
                                                              10000000001111                 0111110                      0000000000000000                      
                                                              00000000011111                    0111                         00000000000                        
                                                               0000000011111                                                     00000000000                    
                                                                  01111011                                                                                      
                                                                    1111                                                                                        
                                                                      11                                                                                        
                                                                                                                                                                
                                                                                                                                                                
                                                                                                                                                                
                                                                                                                                                                
