                                                                                                                                                                
                                                                                                                                                                
                                                                                                                                                                
                                                                                                                                                                
                                                                                                                                                                
                                                                                                                                                                
                                                                    00111                                                                                       
                                                               00111111110                                                                                      
                                                           00100000000111111                                                                                    
                                                        011100000000000011111111                                                                                
                                               000    0000  0000000000000000011111                                                                              
                                    0011111111111111 0         00000000000000000001111 0                                                     0                  
                              0001111111111111111111 1           0011110000000000000001111                                                0110                  
                         00111111000111111111111111110            0 111111111110     0000011 1                                         01100                    
                     00111111000000000101111111101111111        0011111111111100         0000111 0                                  01100000                    
                  011110000111111111111100111111111111110      0111111111111110             00001111                             01100000000                    
                011111111111111111111111100111111101111010     111111110011100110           0000000111                       001100000000000                    
              1111001110 0 000111100111111001111111111111100  01111100011111111110        01110000000001                  0111000000000000                      
            01111111110      00111001111111001111111110 00111111111111111000110110     00011111110                   001110000000000000000                      
           011111111110   000001110011111110 0111111110   111101110011100   011111000001111001110         000000000111100000000000000000                        
            1111001111111000111111001111111  01111111010011111111111111       011011111110111111110     00111111111100000000000000000000                        
              0000001111111111111001110011 001111111111111011111111111110     011101101101101111110    0111111111111100000000000000000                          
                 000111111111111001111111 001111  11 1111111 1111111111111  01111111110111111101111100111111110010000000000000000000                            
                     0001111011011111110 0111000 11  1111111 111111111111111111111100100000000000000110111111110010000 00000000000                              
                          011111100000001110000000011111   11111111111111111110100000000000000000000000000000001000000000000000000                              
                                0001    1001000000111111     0000000111000000000000000000000000000    000000000000000 00000000100000                            
                                    0     10110001111111      0000110000010011000111111100000000               000   000000000000000                            
                                          0 001111111111    11100000001111111111000     00   000001100           000000000000000000000                          
                                                1 1111    111110000000                    0000001111               000000000000000000000                        
                                                   001    1111 00   00000                   01111111                 0000000000000000000                        
                                                              10000000001111                  011111                   01000000000000000                        
                                                               0000000011111                     001                     001000000000000                        
                                                                000100001111                                                000100000000                        
                                                                  00111111                                                      0000100000                      
                                                                     011 0                                                             00000                    
                                                                        0                                                                                       
                                                                                                                                                                
                                                                                                                                                                
                                                                                                                                                                
                                                                                                                                                                
