                                                                                                                                                                
                                                                                                                                                                
                                                                                                                                                                
                                                                                                                                                                
                                                                                                                                                                
                                                                                                                                                                
                                                                       001                                                                                      
                                                                    011110                                                                                      
                                                                 0111111011110 0                                                                                
                                                               010000000110001100000                                                  00000000000               
                                                             11000000000000000011100000000 0                                    0000000000001100                
                                                    00    0000  000000  00000000000000000000000000                         00000000000000011100                 
                                         001111111111110 0        000001000000000000000000000000000000                  0000000000000001111100                  
                                   00011111111111111111111        000000111110000000      00000   000000             0000  0000000001111111000                  
                             00111111110111111111111111000    0 0000 0 011111110 00           000                 0000   00000000111111111 0                    
                         00111111000001000110111111111111000000000000000111111000100       0  001000        0000110000     000111100000000                      
                       0010000110011111110111001111111111000110 0000 01111111000000010        0111110        000000000   000000011111111                        
                    0110000011111111111110011100111101110111111000  01111111110000000000  0  001000000      00000000000000000000000000                          
                 0011100011111100001111000001110011100011111011100  010011100110000000110000011000000000   0000000000000000000000000 0                          
                011111111110 0   000111000111111001110011001100111111000111111100  0111111110000000000001000000000000000000000111110 0                          
               1111111111110    00001110011111110001111111110  00111000100011000   0001100100000000000000000101000000000000000011111                            
                111110111111100000111110011111110001111111111000111111000001110 0    0111000000000000000000000  000000  00000000111110                          
                   00000111111111111011011100110001111111111111111111111111111110   011000000000000000000             000000000000100000                        
                      0 011111111111110011001100011111111111111111111111111111111000000000000000010000000000            0000000000000000                        
                         00000000111100111111001111111  11 11111111 1111111111100000000000000011000000000000              0000000000000000                      
                              000000011000000111110001111111111111111100000000000000000001011000    000000000               00000000000000                      
                                   00000001  1001000011111111011000010000000011010001101110             0000 0                001000000000                      
                                        0 1   100110001111000000000000000000000000000000                                        0011000000                      
                                         0 0001111110000100100000000000000000000                                                  001100 0                      
                                         0     000 0110000000000001100000                                                            011 0                      
                                         0000000      11000         0000000     000000                                                  0                       
                                        00              0000         00000100000000000                                                                          
                                                          00           0000000000000                                                                            
                                                                               00000 0                                                                          
                                                                                    00                                                                          
                                                                                                                                                                
                                                                                                                                                                
                                                                                                                                                                
                                                                                                                                                                
                                                                                                                                                                
