                                                                                                                                                                
                                                                                                                                                                
                                                                                                                                                                
                                                                                                                                                                
                                                           000111111                                                                                            
                   00001111111111111111110000        00111000111111111                                                                                          
             01111111111111100111111111111111100  0000000000000001111111                                                                                        
       00011111111111001111000001111111111111110         00000000000001111                                                                                      
      1111110110111111011111111111111111111111           0000000000000011111                                                                                    
     1101111110      011110011111011111111111100          0011100000000000000111                                                                                
     0100111110      001110110111 01110111110111          0 111111100000000000000111 1                                                                          
     1000011111000000111101111111001111110111111       00011111111111110     00000000111                                                                        
       000111111111111110011111110 11101111101110     111111111110111100        000000000001                                                                    
        0 01111111111110011111110 011111111110110   011111111100011111             00000000011                                                                  
            01111111100011111100 01111111110  01111111111101011111101110           00000000000                     00001111111111111000                         
              0111111111111110 0011111111110 001111011111110111011111111         01111110                    0011111111111111111111111   1                      
                0 11111110000011111  11111111111111111100111110  0111111      0011111110        00     000111100000000111111111111111111                        
                    000000111110001  1  11111001111111111110      0111111000011111111110        01111111110000000000001111111111111111       11                 
                      1111 01000000111  1111111 1111111111110       1100111111101110011110    01111111111111000000000111111111111111                            
                        0  1110000000111111111  11111111111110    0111101110110111011011110000111111101100000000000011111111111111                              
                            0 0000111111    111111111111111111100111111111110000000010011011111111111101100000000000011111111111                                
                              1011111111     001100010111111111111111111000000000000000000000000000000000000000000001111111                                     
                              1 1111111       0000000000110000000001100000000000000000000000000000000000000000000111111111                                      
                                1 1111  1111 1111111110000010000000000000000000010000000              000  0000000111111                                        
                                  0         0 000000000001111111111111111110000000    000000            000000000001111111                                      
                                                 00 0 00000000000000           0000000000000              0000000011111111                                      
                                                  00000000011111 0                 0011111                  00000011111111                                      
                                                   01101111111  11                     0000                  00000011111111                                     
                                                     011111111                                                 0001111111111                                    
                                                       01111 1                                                  011111111111                                    
                                                           01                                                     11111111                                      
                                                                                                                   011111                                       
                                                                                                                    0 1111                                      
                                                                                                                       1                                        
                                                                                                                       1                                        
                                                                                                                         1                                      
                                                                                                                                                                
                                                                                                                                                                
                                                                                                                                                                
                                                                                                                                                                
