                                                                                                                                                                
                                                                                                                                                                
                                                                                                                                                                
                                                                                                                                                                
                                00                          0000000000                                                                                          
                001111111111111111111111111100      001111001111111111                                                                                          
           0111111110000000000011111111111111100  00000000000000011111                                                                                          
      0111110111111111111110000011111111111111 0         000000000011111                                                                                        
    0 1111110110110001111111111100111111111111           00000000000011111                                                                                      
     1101111110      011110000111011111111111100          001100000000000111 1                                                                                  
    10100111110   0  011100111111 01111111111111          11111111000 0000001111                                                                                
    00000011111100001111101111111001111111111110      000011111111111100  0000000111 0                                                                          
       00111111111111111011111111001110111111111     0111111111101111000      0000001111                                 00011111111111000                      
          01111111111100111111110 011111111100110  001111111100011111            000000000                         0011111111111111111                          
            0111011110001111110  01111111110  011111111111111111110111            0000000011                   011111111111111111111                            
               01111111111110000111111111010001111001111111111011111111         001000000                  0111100000111111111111111                            
                  0100000000011111   1111111111111111100111110  0111111      00011111110               001110000000000111111111111                              
                    011011111110001 11  1111111111111111110      0111110 0 001111011110         11111111100000000000111111111111                                
                      0 110100000 011   111111  111111111110      0110111111110111011100      00111111110000000000001111111100                                  
                        0 0 00000000111111111111111111111111    0011100110110011111011110    0110110010000000000000011111111                                    
                            000000111111  10111111111111111110011111111111011011011001101100110110110000000000000000000000                                      
                           10101011111     0000000000111111111111111110001000000000000000010000001000000000 000000000000                                        
                            1011111111  11 00000100000000000000000100000000000000000000000001000000000000000000001111111                                        
                            1 111111   111 01111001110000110000000000000000000000000000           000000   000000011111111                                      
                              1  1         000000000000111111111111111111111000000000                  000 000000000111111                                      
                                111             0 00000000000000000         000    0000000               0000000000000111101                                    
                                                0000000011111100              000000000000                 00000000000001111                                    
                                                 01001111111  1                  0011111                     0000000001000011                                   
                                                  0111111111                           0                        0000000011000                                   
                                                    011111                                                        001000001111                                  
                                                       011                                                           0111001                                    
                                                                                                                       0111101                                  
                                                                                                                          01                                    
                                                                                                                                                                
                                                                                                                                                                
                                                                                                                                                                
                                                                                                                                                                
                                                                                                                                                                
                                                                                                                                                                
                                                                                                                                                                
