                                                                 0                                                                                              
                                                            001111                                                                                              
                                                          01111100                                                                                              
                                                       010000000011100                                                                                          
                                                     010000000000000011000                                                                                      
                                                    110000 0000000000000010111                                                                                  
                                               000010     00000000  00000000000111 0                                                                            
                                    01 1111111            00111111100000000000000111 1                                                                          
                                    11111111111111             01111111111100    000111                                                                         
                                  11111111111111110            0111111011100         00111                                                                      
                               01111111111111101111000        0111111111110            00111                                                                    
                             011111111111111111111110111      111011000100110           0001 1                                                                  
                           0110011111111111111001011111100    0111110101110110        01100001                                                                  
                         0110111100000000000010110110110010   1011100100010010    000111111100 1                                                                
                       011011111100000000011000010110100000101101101100  01101000011111111110                                                                   
                    0111101111110000010000000100000011010  0010010011      010111111111110                                                                      
                   011101111110000001000000000000001001000 000000000000    0000000011111110                                                                     
                    110111111000111100000000110000 000000000000000000000  00000000000111110     0 11                                                            
                   011111111101111100 000000000000 00000000000000000000000000000000000001110001011111                                                           
                   111111110000000     0000 000000 0000000000000000000000000000000000000001111111111110                                                         
                  01111111100000       0000 0000000000000000000000011111111111000000000000011111111111111                                                       
                  1111110111000000000000000 000000   01111111111000000              0    00 0111111111001110                                                    
                 01111110000000000000000000000000000  00000000000                    000000  0111111110000011100                                                
                   00 000000000000000011110111  000110000000000 0  000000000         0001011   111111000000000001100                                            
                    00000000 000000000               111000111 0000000000000          111      0001000000000000000000111000000                                  
                              0                        0111111  0 0000000000           1 0      0000000011111100000000000000011  1                              
                                                          011111   0000000                     00000110101111111000000000000                                    
                                                             0 1     00000                     1000111111101111100000000                                        
                                                              0        0                      01011111111111111111                                              
                                                                                              111111111111                                                      
                                                                1                             1111111111                                                        
                                                                                             01111111111                                                        
                                                                                             01111111111                                                        
                                                                                             01111111111                                                        
                                                                                             01111111111                                                        
                                                                                              11111101                                                          
                                                                                              01111110                                                          
                                                                                               11101                                                            
                                                                                                1111                                                            
                                                                                                  11                                                            
