                                                                                                                                                                
                                                                                                                                                                
                                                                                                                                                                
                                                                                                                                                                
                                                                                                                                                                
                                                                 001                                                                                            
                                                             001111000                                                                                          
                                                           001111001111000                                                                                      
                                                        01000000001000011000                                                                                    
                                                      0100000000000000000011000111 1                                                                            
                                                    010  00  000 00000000000000000011111                                                                        
                                       00001111100           000000000000000000000000000011111                                                                  
                                 0111111111111111110            11111111100000       0000000001111                                                              
                            001111111111111111111110            0 111111111100           00000000111                                                            
                        011111100011111111111111111000 0       001111111111100            00000000001                                 00000000000000            
                    01111100000000000011111011111111110      0111111110111011100         01100000                           0000011111110000000000              
                 0111100011111111111110011110011011111100    01111111111111111110      00111111000                   000000000000110000000000000                
               0111111111111111111110110001111111111011100  0111111101110111101110    01110111100       00111001000000000000000000111100000000                  
             011100110110000000000111111000111011101110011011111111111110   0111110000011111011110     000111111110000000000000000111110000000                  
           0111110110       00110011111110 01110111110  010111111001110      00110111111011011011100 001110110111111100000000011111111111000                    
          010011111110   00000111011111110 01111111111000111111111111110      011101100111111101111111101111110110100000000000001111100000                      
           001001111111100011111101110111000111111111111111111111111111110   01111111110000000000000000100111110110100000000000011111111                        
            000000011111111111110011001100011111111111111111111111111111111111111111000000000000000000000000000001000000000000100000                            
                0001111111111110011111100011111 111 1111111111111111111111111110100000000000000000          0000000000000011100011                              
                 0   00000000100011110001110000111111111111111111000111100000000000000111000000000             0000000000001111101                              
                         0000111000000 1110000000001110011100100000000000000001001111100 0000000000000           00000000001111111                              
                                000     0100000000111111100100001011110111111111100         0000000111            0000000000111111                              
                                     00000100000111111    10111110000000000                   00111111             00000000111110011                            
                                         0110001111111    100000000   0    000                    0001              0100001110111100                            
                                          011111111111 1       0  000000001111 1                                     010000111000110                            
                                             1111111 1          00001100111111 1                                      01101101110000                            
                                                0111              000111111111                                          011110001100                            
                                                                     001111111                                            0111000000                            
                                                                           011                                              01110000                            
                                                                                                                               01110                            
                                                                                                                                  00                            
                                                                                                                                                                
                                                                                                                                                                
                                                                                                                                                                
                                                                                                                                                                
