                                                                                                                                                                
                                                                                                                                                                
                                                                                                                                                                
                                                                                                                                                                
                                                                                                                                                                
                                                                                                                                            0                   
                                                                                                                                             0                  
                                                                       0001111                                                             0                    
                                                                   0011111110001                                                        1100                    
                                                               011000000000111111111                                                  0 1000                    
                                                             0100000000000000001111111                                                100000                    
                                               000011110    0        0000 00000000001111 1                                          11000000                    
                                        00111111111111111110        0000110000000  00000111110                                    1100000000                    
                                   0011111111111111111111110            01111111000000  00000111100                             110000000000                    
                               011111100011111111111111111000           11111111111100       00001111110                     0110000000000                      
                           01111110100000000001111101111110111        01111111101111             00000111111               011000000000000                      
                        011110000010111111111110011101111111110      01111111001111110            000000000000           01100000000000000                      
                      0111111111111111111110011100111111011100110    111111111011101110         00100000             011100  00000000000                        
                    01110011111100000011100111111001110011111111100011111100011001100110     0001111110         011111111000  0000000000                        
                   11111101110      00111001111111 01111111110  0111101111111110  0111100   011110011100        0111110100000 0000000000                        
                 0110011111110    0 001110011111110 1111111010  01111111001100     01101111111100110111110    011011000000000 000000000000                      
                  01111011111100000011111001111110 011111111011111111111111110       1100110110110011011110001101100110000000000000000000000                    
                   000000001111111111111101110011 001111111111110011111111111110   01111011000000000000000010000000000000000  0000000000000000                  
                       0000111111111111101011111 01111   11 111111  1111111111110001111110000000000000000000000000000000000   0000000000000000                  
                         0 0011100000000011110001110000111  111111111111111111111111000000000000000000000000             00000000000000000000000                
                                00111111000000 111100000000111110001100000011000000000000000000001000000                    00000000000000000000                
                                       001      00010000001111    1000000000000000000001111110000000  00000000                 000000000000000000               
                                           0001   11111000111111   10110111011111111111000      000000000000                        00000000000000              
                                                      0111111111    100000000000                  0000100000                                                    
                                                         0111111     00     000                      0011111                                                    
                                                            01       0000000000000                        00                                                    
                                                                0 1  0010000111111                                                                              
                                                                       01011111111                                                                              
                                                                         1011111                                                                                
                                                                          1111                                                                                  
                                                                           011                                                                                  
                                                                                                                                                                
                                                                                                                                                                
                                                                                                                                                                
                                                                                                                                                                
