                                                                                                                                                                
                                                                                                                                                                
                                                                                                                                                                
                                                                                                                                                                
                                                                                                                                                                
                                                                                                                                                                
                                                                                                                                                                
                                                                 000001111 0                                                                                    
                                                             000110011111111                                                                                    
                                                         00000000000000000111111                                                   00011100000                  
                                                     0010000000000000000000000011111                                         000000001110000                    
                                     0000111111100000000  00 000  00000000000000000011110000                            00000000  01101100                      
                             000111111111111111111100000    00000000000000000000000000000100000                      0000   000001110001 0                      
                       00111111111111111111111111110111000      01110011100000       0000000000000                000      0  0011001000                        
                   001111111100000111111111111111110000000      011111111111000000       000000000              00          001110100000                        
                0111100011111111101110111111110111111100000   0001111111111100000        0000000   0        0000          001100000000                          
              01111111111001000001111100111110111111110000000001001111111101110000      0000000 0000  0011000000 0      00110000001000                          
           00111001111100000000000111100111111101110111000000100111111111111111100    00000000000     001110 00       00100000000000                            
          00000111100 0  0 000000111101001111100111111110  0111111111110111100110000  0000000111100   0000000     000000000000000000                            
           0 000111000000000111101111111001111011111000110001111111111110000001111100000001111011110000000000010011000000000000000                              
          00000011110011111111101111011100111001111100001111111111111000     00110111010011011001000000000000000000000000000000000                              
                 0111111111111001110111001111111111111111111111111111100      001100110000000000000000000000000000000000000000000001                            
                 000000011111100111111001101111111111111111111111111111100  0001111000000000000000000            0000000000000000000 0                          
                     0   000001111110000111111111111111111 111111111111111111111000000000000000000000000            000000000000001100                          
                         000000000001111110011111111111111 111111111111111111101000000000000000000000000               000000000000000                          
                                 00 11101100011111111111111111110001111000000000000001100000000000000000                 000000000000000                        
                                     0  0000000111100111111111110000000000000100111000     00000000000                      000000000000                        
                                     0     000000011111111111111101100111111111000                                            0010000000                        
                                    00     001111001111     111110000000000000                                                   0110000                        
                                  0 00  0 00000011 0      00000000   000000                                                        00100                        
                                     0 00000000                 00000000111110                                                       001                        
                                     000000000                    0011111111                                                                                    
                                      0000                          00111111                                                                                    
                                        00                              000011                                                                                  
                                                                                                                                                                
                                                                                                                                                                
                                                                                                                                                                
                                                                                                                                                                
                                                                                                                                                                
                                                                                                                                                                
