                                                                                                                                                                
                                                                                                                                                                
                                                                                                                                                                
                                                                                                                                                                
                                                                                                                                                                
                                                                                                                                                                
                                                                                                                                                                
                                                                         001                                                            00000000                
                                                                     0011111                                                     00111111111                    
                                                                 0111111001111                                               001111111111111                    
                                                             011000000001111111101                                        011111111111111111                    
                                                           010000000000000000011111111                                  111101111111111111                      
                                     00111111111111111 0  0       0000 0000000000000001111111111                     011100000111111111111                      
                             000111111111111111111111111          00010000000  0000000000000000001111              011000000001111111111                        
                        01111111110000011111111111111111            001111011000000      0000000000000           01100000000001111111111                        
                    01111110000111100000001111111111111000            111111111110           0000000          011110000000000011111111                          
                 00111111111111111111111110011111111111111         001111111011110            000000      00111111100000000000000000                            
               11111001100 00000111100001110011101110111111       11111111011111110          0111110       011110100000 000000000000                            
             01101111111       0011100111111 011111111110111     01111111100111001110      00110110000    01101100000000000000111110 0                          
              11101111110   00 00111011111110 1111111011111100000101111000110111100110     111111111110  01101000000000 00000011111111                          
              1010001111110000111110011111110 01111111110  011111111111111110  0111111000001101100101101000000000000000  00000001111111                         
                 010011111111111110011111110 011111111010  01111111110111000    00011011100100100000000000000000000000   000000000011110                        
                  0 01111111111110001111110 0011111111111011111111111111110        11100100000000000000000             0000000000000111110                      
                       0111000110011111110001111  111111111001111111111111110    0111110000000000000000                   0000000000000001                      
                          0111111011100001111001  11  11111111 1111111111111100011100000000000000000000000                   0000000001110 1                    
                              000000001 1110000 1111  111111111111111111111111110000000000000000000 000000                      0000000011 1                    
                                  0 11110010000 0011111111111111100000011100000000000000011110000 00000000                         001100011                    
                                      0  0100000000000000100000000000000000000000100111110       00000000000                          011111                    
                                         011000001111110011000000110111000111111111100                                                   0                      
                                          0 0001111111  01  111111000000000000000                                                             1                 
                                        0100 111111111           000    00000000                                                                                
                                            0 111111               0000000001111                                                                                
                                              1 11 1                 01110111111 1                                                                              
                                                                       011111111                                                                                
                                                                          001111                                                                                
                                                                                                                                                                
                                                                                                                                                                
                                                                                                                                                                
                                                                                                                                                                
                                                                                                                                                                
