                                                                                                                                                                
                                                                                                                                                                
                                                                                                                                                                
                                                                                                                                                                
                                                                                                                                                                
                                                                                                                                                                
                                                                                                                                                                
                                                                      0000001111                                                                                
                                                                 0001111111111                                                       1                          
                                                             0110000000000111111                                                  0 00                          
                                       00001111111111100  0000  00000000000001111111                                              1000                          
                               000011111111111111111111100         000000000000011111                                           1100                            
                          011111111100011111111111111111            00110000000000001111 0                                    0 000000                          
                      011111100001110000000111111111111100            1111111000000000001111 0                               110000000                          
                   011111111111111111111111001111111111011 0         01111111111110     00001111 0                         01000000000                          
                01111001111111101011100011110011101110111110      0111111111111110          00001111 1                   011000000000                           
              011111101110      01111001111110011111111100010    01111111100110110            0000000111               0110000000000                            
             111011111110       00111011111111 011111101111110  0111111111001100110            00000000001           011000000000000                            
               0110011111100000011111011111111 0111111111  0111111111110011111111111         01110000             001100000000000000                            
              100000 1111111111111110011111110 01111111010  1111011110111110 0110111      0011111110        011111111000  00000000                              
                00000111111111111110011111110 0011111111110111111111111100    0111111000001111001110         01111000000  00000000                              
                   0001111111111110111111110 01111  111111100111111111111       0110111111100110011110     11101100100000 00000000                              
                        001111111111111110 001101   1  111111 1111111111110    00110011011001101101111000011111001000000 00000000000                            
                            01111100000000111000 01111111111111111111111111000111111111111101101100110111000000000000000  0000000000                            
                                 0000111  001100000001111     1111111111111111111111100100000000000000000000000000000000  000000000000                          
                                    0      001110000111111  1  1000011111001100011000000000000000000000000000000000000   000000000000000                        
                                         01  1011111111111    11000000000000000000000000000001000000                  000000000000000000                        
                                             0000011111111    111011100011101110001111111100000000                       000000000000000                        
                                              0000001111      11 000001111111111110000    000  000000111                   0000000000000                        
                                                 000      0   11 1   00000                  000000011111                       00000000000                      
                                                               0000000000000                  00111110                               00000                      
                                                                000000001111                      0011                                                          
                                                                 000000011                                                                                      
                                                                  01000011                                                                                      
                                                                   01110                                                                                        
                                                                     011                                                                                        
                                                                                                                                                                
                                                                                                                                                                
                                                                                                                                                                
                                                                                                                                                                
