                                                                                                                                                                
                                                                                                                                                                
                                                                                                                                                                
                                                                                                                                                                
                                                                                                                                                                
                                                                       0                                                                                        
                                                                    0111                                                                                        
                                                                 011110001                                                                                      
                                                               010011001110011                                                                                  
                                                             110000001100011001111                                                                              
                                                           11000000000000000110000000011111111                                                                  
                                                         010  00 000  000 00000000000000000000001111                                                            
                                           00011111100           000000000000000 000 00000000000000001                       001111111111111111111100           
                                    00111111111111111111          0001111111111110          000000000000                0111111001111111111111111111            
                              00011111111111111111111111              11111111111             000000                001110000000011111111111111111 1            
                          01111111000001111111111111111100           0111111111110           0111110        011111111100000000000111111111111111                
                      011111000011100000010111100110111011 0       111111110111001100       01111110        0111111111100000000011111111111111                  
                   011110011111111111111111001111011111111100     01111111110111111110     01110111111     110111011010000000001111111111111                    
                 011100111111110101110000011001111111011100110    0111111001100011001100 0001101101111000011011011001000000000000111111111                      
               11111100110 1    0011100111111001111011111111110001111111111110   011101111011011001001111100000000000000000000001111111                         
              11001111110       00111011111111 01111111111   0111101110011100       01001100000000000000000000000000000000000111111111                          
               0110011111000000001111011111110 011111111110  0111111111111110       1110000000000000000000       00000  00000001111111                          
               100000011111111111111001111011  01111111110111110111111111111110   011100000000000000000               0000000001111111                          
                0000000111111111111100110011 00111111111111110011111111111111111011100000000000010000 000000           0000000011111111                         
                    00001111000011100011111 001111   11  1111111  11111111111110000000000001111000  00000000             000000111111111                        
                          00111000000111000111110001111  11111111111100000111000000000011110     00000000000              01000011111111                        
                              00011000000  0100000 01111111111111110000000000001001111100              00000                010111110111                        
                                    01     01000000000111100010000000001110011111100                                         01111111101                        
                                      000000010000011111    10111111110000000000000                                            111101111                        
                                      1000000 0000111111111111000000000    000000011                                            01111111                        
                                      10000000 11111111111            00000000011111                                              1111                          
                                      1000    0 11111111                 01111111111                                               0 111                        
                                                0 1111                      01111111                                                  1                         
                                                   01                            001                                                                            
                                                                                                                                                                
                                                                                                                                                                
                                                                                                                                                                
                                                                                                                                                                
                                                                                                                                                                
                                                                                                                                                                
