                                                                                                                                                                
                                                                                                                                                                
                                                                                                                                                                
                                                                   00000                                                                                        
                                                            0001111111                                                                                          
                                                        0010000000000111                                                                                        
                       0000000111111111111111110     011000000000001111001                                                                                      
                0011111111111100111111111111111110        000000000000001100                                                                                    
            01111111110001110000001111111111111111          0000 000000000111111                                                                                
        011111011111111111111111111011111111111100          0011100000000000000001                                                                              
        111111110     0011110011111001111111111111            1111111100 000000000111                                                                           
       1100111110      0011101111110011111111111110       00011111111111110  00000000011 0                                                                      
        0100111110000001111001111111 01111111110111      11111111111011110 0     000000011 1                                                                    
         000011111111111110011111111 011111101111110    01111111100111111           00000001                                                                    
          0011111111111110011111110  01111111110 0111011111111111111110110            00000001 0                                                                
              01111111110001111110  01111111110   1111111111100111111111110          00000000111 0                                                              
                01111110111111110001111111111110011111111100111110  0111110        0111110000001                                                                
                  00111101100000111111  11111111111111111111110      0111110   0111111111110                                                                    
                      0000001111110001  1   11111111111111111110       1101111111111111110                                                                      
                        0 1111100000 0      111111  1111111111110    0011101101101111111110       000                                                           
                            0100000 01111   11111111111111111111100011111111111101101101110     000111111100000001110000000000000000000000000 0                 
                            1100000000111110111111111011111111111111111111111100111111111110000111111111111100000000000000000000000000000000                    
                            10000000000011110010000000000111110001100011000000000000000011111111111110111111100000000000000000000000000000                      
                           11000011111100011111111001101110000000000000000000000000000000000001111111111101000000000000000000000000000                          
                           11101111111  0000000011110000000111111111100111011110000000000000000001101111100000000000000000000000000000                          
                            1111111   1 00          000000000000000111000000000000000            000000100000000000001110000000000                              
                             1      11 0             0000000                    000000000110       000000000000000000000001100                                  
                            10                        1000111111 0                0000111111         0000000000011000000                                        
                                                      1011111111  1                0111111           00000000011011100                                          
                                                        1111111                      01110            0000000100111111                                          
                                                        1111  1                         0              100000010011111                                          
                                                         011                                           010101101111001                                          
                                                                                                        1001011111111000                                        
                                                                                                         101101110001100                                        
                                                                                                         0101100110000 0                                        
                                                                                                           11010001100                                          
                                                                                                            0110000010                                          
                                                                                                              11100000                                          
                                                                                                                0110 0                                          
                                                                                                                  0110                                          
