                                                                                                                                                                
                                                                                                                                                                
                                                                  0                                                                                             
                                                                 110                                                                                            
                                                                100001000                                                                                       
                                                              1101001001100110000000111111 1                                                                    
                                                              0000100010000000000000000000000011                                                                
                                                           010000000000000  00  00  0000000000000001                                                            
                                   1                      01000 00  0  000000000            000000000011                                                        
                                  1                    0001     00000000000001110            00000000000                                                        
                                  111 11 0         0111110      0000011111110110            01111110                                                            
                                  11111111 1  000111                  1111110011100         01111100        0                                                   
                                  1011111100111111111111 0            011111001001110     0111011000        01110                                               
                                  110000001111111111111110           01111110010110010  0000001001111     000111111100                                          
                                    00011111111111111011110000       011111001000001000000000000000000  001111111111111111100                                   
                                    0111111111111111110111110110      011110000     000000000000000000000000000001101100000111110                               
                                  01000111111111111011010011001100    00010000       00000000000000000000000000000000000000000011110                            
                                0110001110111111011010001110010001100010000000      000000000000000000000   00000000000000000000011110                          
                              011001111000000000000000110010000000 000000000000000000000100   0000000000        000000 000000011111111 0                        
                           00110011111000000000011100000010000000   00000000000000001110          000000         00   000000111111111111                        
                         001110111110000000100000000000 0000001000 00 000000000000100                  0             0001101111111111111 0                      
                      1110010011111000000000000000000000  000000000000000000001000                                 0000011111111111111111                       
                        001111111000011111000000000110000  00000000000000000000  00000                              000011111111111111111                       
                         11011111110111100  0000000000000 000000000000000100   0000000                              0000111111  111 111                         
                        01111100000000       00000 000000 0000110100111100   000000000                              00011111 1   1                              
                        1111111100000     0  00000 00000 00  000000111    00  000000000                              1111111 0    0     11                      
                       11111000000000000000000000000000000    0000111111            0000                             1111111                                    
                         1110000000000000000000010000010  11000001111111                                             111111                                     
                          000000000 000000000000           0111000111111 1                                          011111 1                                    
                                   0                          111111111111                                          111111                                      
                                                                 0011111  1                                          1  10                                      
                                                                                                                                                                
                                                                                                                  11 0                                          
                                                                                                                                                                
                                                                                                                                                                
                                                                                                                                                                
                                                                                                                                                                
                                                                                                                                                                
                                                                                                                                                                
                                                                                                                                                                
