                                                                                                                                                                
                                                                                                                                                                
                                                                                                                                                                
                                                                                                                                                                
                                                                                                                                                                
                                                                                                                                                                
                                                                          0000                                                                                  
                                                                    0011111111                                                               1                  
                                                                 011001111001111                                                             1                  
                                                              0110000000000111111111                                                      1100                  
                                                            0100 000000000000000011111 0                                                0 0000                  
                                              0000111110            0000000000000000011111 0                                          0 100000                  
                                        001111111111111111          0101111000000000000001111100                                     110000000                  
                                    0011111111111111111111 0            1111111110000     0000111100                              0110000000                    
                               001111100011111111111111111000           1111111111100         0000111110                        011000000000                    
                            0111111100000000001111101101110111       011111111111110             000000111 0                 011000000000000                    
                         111110000111111111111001111011111111100     11101111001100110           00000000001 0            011100000000000000                    
                      011110111111111111111111100011111101110011    0111111101011111110        01110000                0011000000000000000                      
                     0110011111110000011000011111001110111011001100011111100011001100110     0011111110         111111111000 0000000000000                      
                   11111101110      00111001111111 0111111111   011100110011110   0111110000011111011100        011111010000  0000000000                        
                 011011111110     0 001110011111110 1111111010  0111111111110      0011011111110110011110    0111011001000000 0000000000                        
                 001111111111100000011111001111110 011111111011110111111111110      0110010011011011001111000111110110000000 0000000000000                      
                  0111100011111111111111101110011 001111111111110111111111111110   11111111100000000000100110000000000000000 000000000000000                    
                     000000111111111111100011111001111   11 111111  11111111111111111101100000000000000000000000000000000000 00000000000000000                  
                         0001111000000100111110011110001111111011111111011111110010000000000000000000000000         000000  0000000000000000000                 
                               0011111110000001 1110000000011111111010000000000000000000000000000000000                   0000000000000000000000                
                                     000011     0001100000111111    000000000001001111111111000000    000000                00000000000000000000                
                                            0 1   11111100011111     0001111111111110000        000000000111                   00000000000000000                
                                                      0011111111      0000000                     0111111111                        00000000000000              
                                                          001         0   0 00                      001111                                  000                 
                                                               01   11100000000111                      000                                                     
                                                                    11100000111111                                                                              
                                                                      001001111111                                                                              
                                                                         0101011                                                                                
                                                                          0111                                                                                  
                                                                            11                                                                                  
                                                                                                                                                                
                                                                                                                                                                
                                                                                                                                                                
                                                                                                                                                                
