                                                                                                                                                                
                                                                                                                                                                
                                                                                                                                                                
                                                                                                                                                                
                                                                                                                                                                
                                                                          0                                                                                     
                                                                       01  1                                                                                    
                                                                     01110111111                                                                                
                                                                  011111111111111000011011000000000001                                                          
                                                                011000000010000000000000000000000000000                 001111111111111111111000                
                                                              0100000000000000 00  0         00000000       0000101111110000000000000111111111111110            
                                              1  1          010 00  0  000000000000            000010       0011111111000  000000000111111111111111  1          
                                            0  1  111100000000     0000000000000000            111110       00111100100000  00000011111111111111111111   0      
                                            111111111110              0 011111111110          0110100000   011000000000000  000000111111111111111111     1      
                                          011111111111111110             11111110111110      0110000000000000000000000000   0000000011111111111111              
                                      0111111111111111111110             0111110010001110   00000000000000000000000000000   0000111000111  1                    
                                 001111111111111111111011111000        01110111000111100100000000000000000000        000   00000011111 0                        
                            0001111111110011111111011111011101110      0111110001100 00100000000000000000000            000 0000001111 0                        
                          01111101111100000000000111000110110111100     10111000000     00000000000000000000              0000000001111                         
                         1110001110000000000011110000110011001100110   0101110110       00000000100000000000                000000011111 0                      
                       111001110111110111111111011000000111000011001101100110000000    000000010     000000                   00000111111                       
                     0110011111111111000000000000110 001000110010   00000100110000000000000110                                 0000011111                       
                    111111100110010  0000110001111110 001110111000  000000000000000000000110                                     00011111                       
                    10011111000        00111001111111  01111111000010000100000000000001110                                        01111111                      
                    1110001111100 000 001111000000010  001111001000000000000000000111100                                           11111                        
                     0011000111111000011111000000010  0000111000000000000000001110000000                                            111                         
                          0000100000000000000000010  0000000000001000000001110000000000000                                                                      
                          0    0000000000000000000 000000 01111111111111110000   000000000                                                                      
                                     000000000001 101000000001111111000        0000000000000                                          1                         
                                                  0 1000000001100                   00000000                                                                    
                                                    110000001111 1                                                                                              
                                                      000001111111                                                                                              
                                                     1101111111111                                                                                              
                                                      1 11111111 1                                                                                              
                                                        11111111                                                                                                
                                                          11 1                                                                                                  
                                                            00                                                                                                  
                                                                                                                                                                
                                                                                                                                                                
                                                                                                                                                                
