                                                                                                                                                                
                                                                                                                                                                
                                                                                                                                                                
                                                                  0                                                                                             
                                                                 110  11                                                                                        
                                                               01110010001001100011111111                                                                       
                                                              110001100100010000000000000000001111                                                              
                                                            0 0000000000000 000 0000000000000000000011                                                          
                                                           01000000 00  00 000000           000000000001                                                        
                                   1                      01000 00 00000000000010            00000000                                                           
                                  1  1 1             001111     00000011001111110            0111111                                                            
                                  111111111      01110  00        0   1111111011000         01111110        000                                                 
                                  11111111110011111110                 11111101101100     01110011000        0111110                                            
                                    01000001111111111111100           0111110001010010   0010010001010    0101111111111111100                                   
                                   010001111111111111011110           111001000000000000000000000000000000001011011111100001111110                              
                                    0011111111111111100111110010      0111100010   00000000000000000000000000000000000000000000011110                           
                                   0001111111111111011010011011100     10110000      0000000000000000000000000000000000000000000000111 0                        
                                 11100111111111101101000101101100110 0000100000     0000000000000000000000     00000000 0000000111111111 0                      
                               11101111000000000000010010011001000000010000000000  000000110   00000000000       00000  0000011111111111111                     
                           001110011111000000000011000000000010010  000000000000000000110          0000000         0   00000011111111111111                     
                          0111001111100000000001000000000000001000  000000000000000110                   0          0000001111111111111111111                   
                         0010011110000000000000000000000 000000000000000000000011100                                 0000011111111111111111110                  
                       1 01111110000011110000000000110000 00000000000000000001000 0000                               00000111111 11111 111  11                  
                        011011111100111100 00000000000000  0000000000000011000   0000000                              00011111 1   1                            
                        1111110000000       00000 000000  000000011101000000   000000000                              00011111 0           11                   
                       01111111100000     0 00000 000000 000 000000011 1     00000000000                              01111111 0                                
                      01111000000000000000 000000 00000 00     0001111            000000 0                             111111110                                
                        011100000000000000000000000001100000000001111111                                               11111                                    
                           0000000 0000000000000000       01100001111111                                                1111 1                                  
                                  0                         111001111111                                              0 11                                      
                                                              0111111111                                               1 1                                      
                                                                  011111                                                                                        
                                                                                                                    01 0                                        
                                                                                                                                                                
                                                                                                                                                                
                                                                                                                                                                
                                                                                                                                                                
                                                                                                                                                                
                                                                                                                                                                
                                                                                                                                                                
