                                                                                                                                                                
                                                                                                                                                                
                                                                                                                                                                
                                                                                                                                                                
                                                                                                                                                                
                                                                                                                                    000111111111111000          
                                                                                                                              001111111111111111111             
                                                                             00                                            01111000011111111111111              
                                                                         00111 111                                      011000000011111111111111                
                                                                     00111111111111                                  011000000000011111111111111                
                                                                  01110000011111111111111111111111111111           011000000000000111111111111                  
                                                               01100000000000000000000000000000000000000      0011110000   00000000111111111                    
                                                       010  0000      00  00  00  0000         000000       0111111000000  0000000000000                        
                                            00011111111110          00001000000000000            00000        010100000000  00000000000                         
                                     00011111111111111111111            0011111110110            11011       0100000000000  000000000001                        
                               00111111111111111111111111110              111111101110          010010000    0000000000000  000000000011 1                      
                           01111111111100000111111111111111100           0111111011001100      01100000000000000000000000    0000000000000 1                    
                        0111100001111100000000001111011101111111       0111011100010001110    001000000000000000         0000000000000000000                    
                      0111101111111101111111111000101011111111110      01111111010011100010000000000000000000                00000000000000001                  
                    1111000111111110001111000011000010011001100011     011111000110  0011000000000000000000000                   0000000000000                  
                  111111100110 00   00011000011110001110111111111100000101111111000     0110000000000000000000                      0000000000                  
                  011011111110       00110011111110001110111011  0011110011000110       000000000000000 000000                         0000001                  
                   01100111111000000001110011111110 011101110000  011111111111111100   00000000001100000000000                           00100                  
                      0000111111101111111011111010  011111111000001001111011110111100000000000110                                           0  1                
                       000011111111111110011000100 01111111111111100111111100000000000000001110                                               0                 
                       0    00010000011000011110 0011111  111 100000111000000000000000011110                                                                    
                                000110000000000001110000110111000000000000000000000111100                                                                       
                                     00000000010110000 00110001000000000000001110000000                                                                         
                                          0011 01000000011111110111111111110000000000000                                                                        
                                          1000 010000000001111  111110000000    0000000000                                                                      
                                          0     100000001110                 0000000000000                                                                      
                                                100001011111                   00000001000                                                                      
                                                 01010111111                       0000011                                                                      
                                                1111111111                                                                                                      
                                                 1111110 1                                                                                                      
                                                  1 10                                                                                                          
                                                                                                                                                                
                                                                                                                                                                
                                                                                                                                                                
                                                                                                                                                                
