                                                                                                                                                                
                                                                                                                                                                
                                                                                                                                                                
                                                                                                                                                                
                                                            0000000011                                                                                          
                 0011111111111111111111111110        00111011111111111                                                                                          
           0011111111110000000111111111111111100  0000000000000001111111                                                                                        
       111111111111111111110000011111111111111 0         0000000000011111                                                                                       
    0 1111110110110001011111111100111111111111           000000000000011111                                                                                     
     1101111110      011110001111011111111111100          00110000000000000011                                                                                  
    00100111110      011100111111 01111111111111          0 1111110000000000111111                                                                              
    01001 11111100001111101111111001111111111110       00011111111111100   00000001111                                                                          
       00111111111111111011111111001110111111111     0111111111110111000       00000000111                                                                      
       0  01111111111100111111110 011111101100110   011111111000111110            0000000001                         001111111111111111100                      
            0111111110001111110  01111111110  0111111111110101011100110           000000000001                 00111111111111111111111                          
               011111111111100001111111111100011111011111111110111111110         0111000                   011111000001111111111111111                          
                 01100000000011111   1111111111111111100111110   1101110     00011111110               00111000000000011111111111111                            
                    01000 111110001 11  1111001111111111110      0111111000001111001110         1111111110000000000011111111111111 1                            
                       1111010000 0111  111111  111111111110       1110111111110110011110     0011111111000000000000111111111111                                
                        0 11100000001111111111111111111111110    0011101100110111011011110  00111111001000000000000001111111111                                 
                           0100000111111    0111111111111111100011111111111010011011001111111100110110010000000000000000001                                     
                             11011111111  11000000000111111111111111111000100000000000000000000000000000000000000010011111                                      
                            0 11111111    11100010000000100000000010000000000000000000000000000000000000000 000001111111                                        
                               11111 1  11111111101110000010000000000000000000010000000              000   000000011111111                                      
                                1  1         000000000001111111111111111111110000000  000000            000000000000111111                                      
                                  0      1      00 0000000000000000          0000  0000000                00000000001111111                                     
                                                 1000000001111100               0000000000                  0000000011111111                                    
                                                  01001111111 11 0                  001111                    00000001111111                                    
                                                   01111111111                                                  000000111101                                    
                                                     0111110                                                      0111001111                                    
                                                         01                                                         01110011                                    
                                                                                                                      011111                                    
                                                                                                                        0  1                                    
                                                                                                                          01                                    
                                                                                                                             1                                  
                                                                                                                                                                
                                                                                                                                                                
                                                                                                                                                                
                                                                                                                                                                
                                                                                                                                                                
