                                                                                                                                                                
                                                                                                                                                                
                                                                                                                                                                
                                                                                                                                                                
                                                                                                                                                                
                                                                          000                                                                                   
                                                                     0011111                                                                                    
                                                                 0011111100011                                                                                  
                                                               0100000000111111111                                                                0             
                                                            011000000000000001101111 1                                                            1             
                                                           010  00 0000 0000000000000111 0                                                       1              
                                               000011100           0000000000000 00000001111 1                                                 100              
                                         01111111111111111          00011111010000000 000000111110                                          1100 0              
                                    0011111111111111111110             11111111111100       0000011110                                  01100000                
                                0111111111111111111111111000          0111111101110             00001111                             00110000000                
                            01111110000000000111111111111011 0      0111111111111111             000000011                       001100000000000                
                         01111000111110011111100111111111111110     011111110001100110         00100000 0000                 00111000000000000                  
                       01110001111111111111111100011111101100111    1111110011011110110     00011111100                  011110000000000000000                  
                     01111111111110000110000111100011101110110011011111111111100 0111110   01111001110        001111111111000 0000000000000000                  
                   0111000111001   000110011111110 0111111111   01110111001100    0110111111110111011110     00011111111000  000000000000000                    
                  11111110110       00111011111111 01111111010 01111111111111       011011011011001111110   0111111011100000 0000000000000                      
                  1111111111100 000001111011111110 0111111110111101111111111110    01111011011011011011111111111101101100000 00000000000                        
                  0001001111111100111111101110011 0011111111111101111111111111110001111110010000000000000000000011011000000 000000000000                        
                  111100000111111111111100011111 001111  1  111111  1111111111111111100000000000000000000000000000000000000000000001000000                      
                      000001111100000110011111000111000111111111111111000001110000000000000000001000000           00000000 000000000000000                      
                          0 0001111000000000000111100000000111      00000000000000000000101111000000                  000 000000000000000000                    
                                  00000000001 1 0001000000111111     100011000111111111100     00  000001110            0000000000000000000000                  
                                         00       11111100011111      1000000000000             0000001111                00000000000000000000                  
                                                   0000111111111       0 00                       01111111                  0000000000000000000                 
                                                         000111     11  0000000000                   01111                     00000000000000000                
                                                                  00  1 0000000111                       0                         0000000000000                
                                                                     0000000011111                                                      0000000000              
                                                                      000000000110                                                                              
                                                                          001000                                                                                
                                                                            0110                                                                                
                                                                              0                                                                                 
                                                                                                                                                                
                                                                                                                                                                
                                                                                                                                                                
                                                                                                                                                                
