                                                                                                                                                                
                                                                                                                                                                
                                                                                                                                                                
                                                                                                                                                                
                                                                                                                                                                
                                                                       000                                                                                      
                                                                  00111111                                                                                      
                                                              0010111100001111                                                                                  
                                                           011000000000111100111                                                                                
                                                         0100000000000000000001111                                                                              
                                         0000111111100  0        0000 0000000000000011                                                                          
                                   011111111111111111110         000110000000  00000001111 0                                                   0                
                              001111111111111111111111 0            01111111000000 00000001111 0                                           01110                
                         001111110000001111111111111111000          1 111111111100     00000001111                                      011000                  
                      011111000111100000110011111111110111       011111111101110           000000111 0                               011000000                  
                   01111001111111111111111100011001101111100     1111111100110111            000000011                           01110000000                    
                 01111111111111010111000011100011111111101110   0111111111011111110         000000000011                     001110000000000                    
               1111100111001    011110011111110011111101100110001111110001111110111        01111110     0                0011100000000000000                    
             011111111110       001110011111110 111111111   011101111111110  0111110    01111111110                  00111000000000000000000                    
            011111011111100 0000011110011111110 0111111010 01111111101110     011111100011111111100         111111111100000000000000000000                      
              0 010001111111111111111001111010 00111111101111011111111111       01101101101111011111     000111111111000000000000000000000                      
              1100000 01111111111111000111111 00111 11111111011111111111110    0111011011111011001110  00111111011100000 000000000000000                        
                 000001111111111111001111110 00111  11  111111 111111111111000111111111100011111111111111111111101100000 0000000000000                          
                       0011110000001111110 00110000111  111111111111111111111111111100000000000000000000010111111010000 000000000000                            
                            00111110000000001100000000111111111110000111110000001100000000000000000000010000000000000000000000000000                            
                                  00011 1  001100000011111    100000000000000000000000000001000000          0000000000 0000000001000                            
                                      0001   0110000111111      01011100011111111111111000000000                 000 00000000000000000                          
                                       0 00000001111111111    11100000001111000000        000000000111             000000000000000000000                        
                                       0000000000011111111    1110                          0000111111               0000000000000000000                        
                                        00000000    011   1    1 0000000000000               0111111                   0000000000000000000                      
                                          00              0    1 0000000111111                  0111                     00000000000000000                      
                                                                00000001111111                      0                      001100000000000                      
                                                                 00000001111                                                   00110000000                      
                                                                    00011100                                                       0000000                      
                                                                        01 1                                                               0                    
                                                                                                                                                                
                                                                                                                                                                
                                                                                                                                                                
                                                                                                                                                                
                                                                                                                                                                
