                                                                                                                                                                
                                                                                                                                                                
                                                                                                                                                                
                                                                                                                                                                
                                                                                                                                                                
                                                                                                                                                                
                                                                                                                                                                
                                                                       001                                                                                      
                                                                   0011110 0                                                         0001111111000              
                                                                0111111001111111                                               001111111111111                  
                                                             011000000011001110001                                         01111111111111111 1                  
                                                           1100000000000000000111001111111                              01111011111111111111                    
                                       000111111111110    0       000  000000000000000000011111111                    0110000011111111111111                    
                               0001111111111111111111111          000100000000000 00000000000000000011             01110000000011111111111                      
                         0011111111100011111111111111111            00111111100000          00000000000          0110000000000111111111111                      
                     0111111000011000000001111111111111000            111111111110            00000        00011111000000000000111111111                        
                  0111111111111111111111110011111111111111         001111111011110           0111110      0011111110000000000000000011                          
               011110011111111011111111111100011011101111110      011111110011101110         0111110       0111101000000000000001110                            
              11111111110      0011100011110 011111101110011     011111111110111111110     00110111100    01111010000000000000111111                            
              01011111110      00111011111110 1111011011111110000111111100111111110110    01110110111100001001000000000000000011111111                          
              1110011111100000011110011111110 01111111110  011111111111111110   01111110010110110010000000000000000000   0000000111111                          
               00000011111111111111001111111 001111111010   111111111001110      0001001100100000000000000000000000000   000000000111111                        
                  0011111111111111001110110 0011111111101001111111111111110        0110001000000000000000              0000000000011111111                      
                  0   00111001111001111110 01111111111111110011111111111111110   0111111000000000000000                   0000000001101111                      
                          0111100011111000111111   1   1111111 1111111111111110011110000000000001000000000                   0000000111101                      
                             0011000000 1111100 0111  11111111 11111111111111000000000000000010000  000000                     00000000111                      
                                 00  1111010000 00111111111111111000000011100000000000010111000000000000000                       01110011 1                    
                                         010000000000000011000000000000000000000011111110             0000                          0111101                     
                                        001100000011111001110000001111110011111111000                                                  0 1 1                    
                                        100 0100111111  10  1111110000000000000000                                                                              
                                        00011011111111   0        000   0000000011                                                                              
                                        11  1 11111111              000000000111 1                                                                              
                                               111 1                  011111111111                                                                              
                                                 1                       0111111                                                                                
                                                                             00011                                                                              
                                                                                                                                                                
                                                                                                                                                                
                                                                                                                                                                
                                                                                                                                                                
                                                                                                                                                                
