                                                                                                                                                                
                                                                                                                                                                
                                                                                                                                                                
                                                                                                                                                                
                                                                                                                                                                
                                                                  0011                                                                                          
                                                              00111110                                                                                          
                                                           011111100011110                                                                                      
                                                         110000000011000111001                                                                                  
                                                      0110000000000000000001110111                                                                              
                                                     000  0  0000 00000000000000000111 1                                                                        
                                      000111111110 0         0000000000000 00000000000001111                                                                    
                                001111111111111111 1            011111111100000     000000001111                                                                
                           0011111111111111111111110              111111111110          0000000011 0                                               0            
                       00111111000011111111111111111110        001111111111110             000000011 0                                    00000000              
                    011110000110000011101111111111111110      011111110011101110          000000000001                              001110000000                
                 0111101111111111111111001111011101111110     1111111111111111110        01111110                            0011111000000000000                
               01111111111111111100000110001111111111111100 0010111100111111100110    0011111110                      001111110000000000000000                  
             011100110010  0000110011111110011111111110001111111111111110   011111000001111111100         111111111111100000000000000000000000                  
           01111111110       00110011111110 1111111110   01111111101110      001011111110111011111     0001111111111000000000000000001100000                    
           111111111110  000001110011111110 0111111111000111111111111110       11101101101101101111000011111101111111000000000001110000000                      
            111001111111101111111001111010 0111111111111111111111111111110   01111111111001011011111111111111101101000000000000000111000                        
             00000 0111111111111001111110 011111 11111111111 1111111111111111111111100000000000000000001001111111000000000000000000000                          
                 00011111111111101111110 011001  11  11111111111111111111111111110000000000000000000000000000000010000000000000000                              
                     0001111000011111000111110001111111111111111001011110000000000000000000000000           0000000000000011100000                              
                          0001111000001 00100000000111111110000000000000000000000011111000000   00000          0000000000001111100                              
                                 001     01100000111111    1000010111001111111 11000      000000001111          000000000001111110                              
                                       00001100011111111     01100000000000                 00011111 1           0000000000001111101                            
                                            111111111111  11 00000    0                       011111              010000000111110000                            
                                              0 111111 1         0000000011111                   001                1100001110001100                            
                                                0011  1        000010000111111                                       01000001110000000                          
                                                     000         0001111111111                                         111000000100000                          
                                                                  0000111111 1                                          01110000000000                          
                                                                      0 0011                                               0111000000                           
                                                                           00                                                 011100                            
                                                                                                                                 00011                          
                                                                                                                                                                
                                                                                                                                                                
                                                                                                                                                                
                                                                                                                                                                
