                                                                                                                                                                
                                                                                                                                                                
                                                                                                                                                                
                                                                                                                                                                
                                                                                                                                                                
                                                                                                                                                                
                                                                                                                                                                
                                                                                                                                                                
                                                                                                                                  0011                          
                      000111111111111111111111110000          00000111111111                                                  011111                            
                00011111111100000000001111111111111110    00100000000001111111                                             011110111                            
             001111001111111111111100001111111 111111110        0000000001111111                                         11100011111                            
            0 01111110 0  0001111111111101111111111111           00000000000111111                                     1110001111001                            
             110111110      01111000011101111111111110          00010000000000011111 1                               011000011000111                            
              01011111000000111100111111 0111111111111            0111100000  0000001111 1                          11000011001111                              
              00011111111111111001111111 01111111111111        0001111111110000   00000001111111                  1100000000110000                              
              0 011111111111110011111110 011111111111110     011111111111111100        000000000111             011000000010000100                              
                  011111111100111111110 0111111101100110    01111111111111111             0000000000          011000000000000100                                
                    0 111110111111110  011111111110  0111111111111111001110011            000000            011000000000000000                                  
                      0 111111111100001111111111010 0111111111111000111111111110         0110010      001111111000  0000000000                                  
                        01111000000111111   111111111111111111011111100001101110      000111111         01111000000 0000000000                                  
                          0111 1 11111000      1111101111111111111000    01111110  00011110011100     0110110000000 000000000000                                
                            0 111101000000111 11111111 111111111111        01101111111100110011110   01101000000000 000000000000                                
                                  01000000111111  11  111111111111110     01110011001100110110010010000000000000000  0000000000000                              
                                  0 10101111111     11111111111111111000011111111110000000000000000000000000000000   000000000000000                            
                                     111111111      10110111111111111111111111110000000000000000000000000      00000 0000000000000000                           
                                      111111        000000001111110011110011000000000000000000000                  0000000000000000000                          
                                        1  1  111  10101101110000000000000000000000000001100000   00                  0000000000000000                          
                                          0 1111111000000000001111110111100011111111110000   0000000                      00000000000000                        
                                                       0    00000001101111100000       0000000000000                             000000000                      
                                                        000000000000000000                0000010000                                                            
                                                         00000011111  1                          000                                                            
                                                          010011111111   0                                                                                      
                                                            11111111                                                                                            
                                                              011111                                                                                            
                                                                 001                                                                                            
                                                                                                                                                                
                                                                                                                                                                
                                                                                                                                                                
                                                                                                                                                                
