                                                                                                                                                                
                                                                                                                                                                
                                                                                                                                                                
                                                                                                                                                                
                                                                                                                                                                
                                                                                                                                                                
                                                                     0000111                                                                                    
                                                                 00111111100                                                                                    
                                                             0110000000011111111                                                                                
                                                          011000000000000000111111                                                           0                  
                                        00011111111110    0       000000000000001111                                                      1                     
                                  0011111111111111111111          0000000000000000001111                                                1 00                    
                            0111111111111111111111111111            0011110000000000000011 1                                          1100                      
                       00111111100000000000111111111111100          0 111111111110    00000111 0                                   0110000                      
                    01111100011111111111111001111111111111        0011111111111100        00000111 0                             011000000                      
                  111111111111111111111111110011101110111110     0111111111111110            000001111                        011000000000                      
               0111100111111000000111000111110011111111100110    11111111000110111            0000000111                   011100000000000                      
              11111111110       0011100111111100111111011001100011111100011111111110        00110000000001              01110000000000000                       
            01111111111110    00011110111111110 111111111   111111111111111000100110     00011111110                 0111000000000000000                        
               0010011111110000111111011111111  0111111010 0111111110111000   0111110 0001111011110         0110011111000000000000000000                        
              100000 0111111111111110011111110 01111111111111111111111110      011011111111011111110        011111111000 0000000000000                          
                00000111111111111110011111110 0111  1111111001111111111111      111011011001111111110    011111101100000000000000000                            
                    00011110001111011111110  01101  1   111111 111111111111   011111111111111111011111001111111110100000000000000000                            
                          0111111111111100011100001111111111111111111111111111111111111100000000001101111111111110000000 00000000000                            
                              0000000000010011000000011111    1110111111111111111100000000000000000000000000000000000000 0000000000000                          
                                   00      100100000111111      0000011100000000100000000000000000000000000000000000000 00000000000000                          
                                        0001 1011100111111    111001100001000100001001111100000000                000  00000000000000000                        
                                         00000000111111111    11 0000011111111 111100000000 0   000000               000000000000000000000                      
                                          0000000000111     1111 0 0000                   000000001111                 0000000000000000000                      
                                            0000 0      001 1111    000                     0111111111                   00000000000000000                      
                                                              00000000001111                  011111                        00000000000000                      
                                                               0000000001111                      01                            0000000000                      
                                                                 00100001110                                                         0000000 0                  
                                                                    010000                                                                                      
                                                                     01110                                                                                      
                                                                       01                                                                                       
                                                                                                                                                                
                                                                                                                                                                
                                                                                                                                                                
                                                                                                                                                                
