                                                                                                                                                                
                                                                                                                                                                
                                                                                                                                                                
                                                                                                                                                                
                                                                                                                                                                
                                                                                                                                                                
                                                                        001                                                                                     
                                                                     00111 0                                                                                    
                                                                  011111000111 0                                                                                
                                                               0110000001110011000                                                0000000000100000              
                                                             01000000000000000011100000000                                   00000000000001100                  
                                                 00000    00000 0000000 00000000000000000000000000                        00000000000001111000                  
                                        0011111111111110 0        0000000000000000000000000 0000000000                 0000000000000011100 0                    
                                  000111111111111111111111        000000111100000000    000000    000000            0000  0000000011111111 0                    
                            001111111100111111111111111000      0000 00011111110000          000                 0000       000011110000 0                      
                        001111110000001000010111111111111000000000000000111111000100       0   01000        0000100000    00011100111100                        
                      0000000111001111111011100111111111100011  0000 01111111000000000        0111110        0000000    00000000011010                          
                   011000001111111111111100111001110011001111110000 01111111110000000000  0  000000000      000000000000000000000000                            
                 111111001100100000111100001111001110001111001110   010111100110000000110  001100000000    0000000000000000000000000                            
               0111111111100      01111000111111001110111011100111111000111111100 00111110010000000000001000000000000000000000111110 0                          
               0111111111110000000001110011111110011111111110  01111000100011000   0000101100100000000000000000100000000000000011111                            
                00110011111110000111110011111111001111111111100011111100000111  00   01100000000000000000000000 000000 0000000000110000                         
                   00000111111111111110011000110011111111111111110111101111111100   011100000000000000000             000000000000000000                        
                      00011111111111100100111000111111111111111111111111111111111000010000000000000000000000            0000000000000000                        
                          000000111100111111001111111  11111111111111111111111110000000000000000000000000000              0000000000000000                      
                              0000001000000011111100011111111111111111000000000000000000000111000   00000000                00000000000000                      
                                    00000   110110000111111111110000100000000100000010001100            0000                   00000000000                      
                                        0 1 111011100011100000000000000000100000000011000                                        001100000                      
                                          000111101100000001000000000000000000000                                                   0111 0                      
                                          0   0000  11100000000011110000                                                              0011                      
                                          000000      11000        0000000      0000                                                                            
                                                         000         000010000000000                                                                            
                                                                       0000000000000                                                                            
                                                                              000000                                                                            
                                                                                   00                                                                           
                                                                                                                                                                
                                                                                                                                                                
                                                                                                                                                                
                                                                                                                                                                
                                                                                                                                                                
