                                                                                                                                                                
                                                                                                                                                                
                                                                                                                                                                
                                                                                                                                                                
                                                                                                                                                                
                                                                                                                                                                
                                                                                                                                                                
                                                                                                                                                                
                       000111111111111111111111000                 0000000000                                                                                   
                00011111111100000000001111111111111110     00111101111111111                                                     001                            
            00111110011111111111111000011111111111111100   0   000000000111111                                                 011                              
            1101111110 00 0001111111111001111111111111          0000000001111111                                             11000                              
            0100111110      01111000111001111111111110          00000000000011111                                          1100000                              
             00001111100000011110111111001111111111111            0111000000000111                                       010000000                              
              00011111111111111011111111 01111111111110         0 1111111000 000001111 0                                1100000000                              
             0  011111111111100111111110 11101111111110     0011111111111111100  000001111 0                          110000000000                              
                  011111111100111111110 011111111111110    0111111111111111100       00000111111                    01000000000000                              
                    11111100111111100  01111111110  011100111111111100111111             000000011                01100000000000                                
                      1111111111100001111111111010  0111111111110001111110111            00000000011            0110000000000000                                
                        0100000000111111   11111111111111111111111111011111111          0000000               011000000000000000                                
                          1   1111111000   1  1111101111111111111000   0111111      00001111110       00000111100 000000000000                                  
                             1110100000 011   1111111 11111111111       0111110000001111001110         11111110000  0000000000                                  
                                1100000001111111111  1111111111111       01101111111110110111110     0011100010000  0000000000                                  
                                  00010111111    111111111111111111    00111011101110111111011110  001111100000000  0000000000                                  
                                  1011111111      0111111111111111111111111111111111001101100110110110000000000000 0000000000000                                
                                  11111111        0000000011111111111111111110001000000000000000000000000000000000  00000000000000                              
                                    1111   111111000011000100000000000001100000000000000000000000000000000000000   0000000000000000                             
                                      1 1     1 0111100000100001100000000000000000000000010000                 000000000000000000000                            
                                        0            000000000111111111111111111111100000000   00                 000000000000000000                            
                                                      0  0000000000000000000       000   000000000                   000000000000000                            
                                                      0000000011111100                000000000000                      000000000000                            
                                                       1000011111 11 0                  00111111                              00000000 0                        
                                                        1001111111                           00000                                                              
                                                         1111111                                                                                                
                                                           011 1                                                                                                
                                                              0                                                                                                 
                                                                                                                                                                
                                                                                                                                                                
                                                                                                                                                                
                                                                                                                                                                
