                                                                                                                                                                
                                                                                                                                                                
                                                                                                                                                                
                                                                                                                                                                
                                                                                                                                                                
                                                                                                                                                                
                                                                                                                                                                
                                                                   0000000 0                                                                                    
                                                              00011111111111                                                       0110 00000                   
                                                           0000000000000011111 0                                               00011110                         
                                                      0000000000000000000001111111                                        00000 0110010                         
                                  00001111111111100000000 00  00   0000000000000011111 0                               000     0110000                          
                           00001111111111111111111111000    000000000000000000000000000110000                       00        01100000 0                        
                      001111111101111111111111111111111100      011000011000000   00000000110000                  00        0110011000                          
                   111111111111100111111111111111110000000 0    011001111111100000      0000000000              0         001100000000                          
               011110011111111111111110111110101111111000000    011111111111000000        000000            000          0110000000000                          
             011111111111000000001111100111110111111110000000001001111111111100000      00000000000000001100000        0110000000000                            
           001110111001  0 00000001110100111110011101110000001000111111111001100000     0000000   0  0001110  0      0000000000000 0                            
          0   0011100    0 001100111101100111100111111110  0111111111110111111110000  000000001100    000000      0000000000000000                              
          00 011111100000001111011111111001110011111000110001111111111100000001110000000000001111100000000000111111000000000000000                              
              00011111111111111011100110001110011111000111111111111110000   000111111000011011001110000000000010000000000000000000                              
                 0010111111111011101110001101111111111111111111111111000      000011111100000000000000000000100000000000000000000000                            
                   00 0001111001111111001101111111111111111111111111111100  00001110010000000000000000          00000000000000000000 0                          
                          000011111000000111111111111111111111111111111110001111111000000000000000000000            000000000000000000                          
                               00001111111001111111111111 1111111111111111111111000000000000000000000000                0000000000000000                        
                                000 01001100011111111111111111110011111100000000000001000000000000000000                  00000000000000                        
                                     0  00000011110011111111111100000000000000000110000  000000000000                        00000000000                        
                                    0       000001111111111111111010000111111111000             00000000                        00000000                        
                                 0  0        011000111111   111110000000110000                                                     00010                        
                                    0    0 00 00000       00001000  00000000                                                          001                       
                                    0 000 0  0                 000000000011100                                                                                  
                                    000 0  0                    000000011111                                                                                    
                                     000                           001111111                                                                                    
                                      00                              001111                                                                                    
                                                                                                                                                                
                                                                                                                                                                
                                                                                                                                                                
                                                                                                                                                                
                                                                                                                                                                
                                                                                                                                                                
