                                                                                                                                                                
                                                                                                                                                                
                                                                                                                                                                
                                                                                                                                                                
                                                                                                                                                                
                                                                       001                                                                                      
                                                                    001111                                                                                      
                                                                 01111100011                                                                                    
                                                               01100100011000110                                                                                
                                                             010000000000001000110000000                                                                        
                                                           0110000000000000000000000000000000000                                                                
                                                    00    000     000000000000 000000000000000000000                              000000000000000000 0          
                                          0001111111111000        000011110000000000   0000000000000000                     00000000000000000000 0              
                                     001111111111111111111        00   011111110000          000   00000                001000000000000000111110                
                                0001111111111111111111111000  0   0    011111100010            0000                 00000000000000000011111000 0                
                            00111111000000111111111111111100110  0   0111111100010010         0111110       00000111000   00000000111111111110                  
                         01111110111110000011101111111111101110      011111110001000100      00101110        01001000000  000001111110000000                    
                       111000011011111111111111000110011001110110    0111111011000100010    01100000100     000000000000000000000111111100                      
                    0111000111111111111110001111001110011111111110000100111000110000111110001000000000000 000000010010000000000000000001                        
                  01111100111010 000001100011111100111111111110001111001100111000  000010110010000000000111000000000000000000000001000                          
                 111111111110     0 001100111111110011111111100  01110001000110       01000000000000000000000000000000000000001111100                           
                11111111111100  0000011010111111110011111111010001111110011111110    011100000000000000000000000000000  00000001111111                          
                 011000011111110001111111011111110001111111110111001111111111111100001100000000000010000             00000000000111111                          
                   000000011111111111111001100110 0111111111111111111111111111111100000000000000000000000000           00000000001100000                        
                       0 000000111111110000111100011111  111110111111111100000100000000000001110000000000000            0000000010000000                        
                            00000000000001110000111100011111111111111110000000000000000011100       00000000              01000010000000                        
                                000000000000001101000001111011001000000000011000010011100              00000               0110011000000                        
                                       0000    1001000011110000000000000000000000000                                         01101000000                        
                                       0  000001101100000111111111101100000  0                                                 011100000                        
                                      0000     0   110000010000000000000000      00000                                           0111000                        
                                      0000000000    10000010        000000000000000000                                             01110                        
                                      00              100001         00000000000000000                                               001                        
                                                      010000            00  0000000000                                                                          
                                                        10                        0000                                                                          
                                                                                                                                                                
                                                                                                                                                                
                                                                                                                                                                
                                                                                                                                                                
                                                                                                                                                                
                                                                                                                                                                
