                                                                                                                                                                
                                                                                                                                                                
                                                                                                                                                                
                                                                                                                                                                
                                                                                                                                                                
                                                                                                                                                                
                                                                         00000                                                                                  
                                                                  000111111111                                                                                  
                                                              0010000000000111                                                                                  
                                                           01100000000000011111111                                                       1                      
                                       000011111111110 0  000   00000000000000011111                                                  0  0                      
                                 00011111111111111111111          00000000000000001111                                              0 10                        
                           01111111100111111111111111111            00111000000 0000001111 0                                       11000                        
                       01111111000000000000111111111111100            1111111100000 00000011 1                                   1100000                        
                   001111001111111111111111001111111111111         0011111111111100     0000011111                            0110000000                        
                 0111111111111111111111111110011101110111110     0111111111111110           00000111 1                      011000000000                        
               111111011100   0000111001111110011111111100110    01111111000110011            0000000111                  01100000000000                        
             111011111110       001110111111110011111101110110000101111101111111110          0000000000011             01100000000000000                        
             00111011111100 0000011110111111110 111111111   111111111110111001110110        01111110                011100000000000000                          
                010001111111111111110011111110 01111111010 0111111110111110   0111100    0111111110         00111111110000000000000000                          
              111001 011111111111111001111110  01111111111111111111111110      011111010011111111110        011111111000  0000000000                            
                 000011111111111111011111110 00111  1111111001111111111110      011011011001111011111     011011001100000 0000000000                            
                       00111101111111111110 011001  1  111111  111111111110   011111111011011011101111000111111110000000000000000000                            
                            11111110110000011000001111111111111111111111111111111111111100000001001111111111111011000000 00000000000                            
                               0000000001 001100000001111     1111111111111111111111000000000000000000000000000000000000 0000000000000                          
                                   00      100110000111111      000001110000000010000000000000000000000000000000000000  0000000000000000                        
                                         011 1011110111111    1110001000000000000000001000001000000                 000 00000000000000000                       
                                           000000011111111    11 0111011111111111111111000000000  0000                00000000000000000000                      
                                            00000000011       11 000000000000000          000000000011                   00000000000000000                      
                                              0011        0           00                    0000111111                     000000000000000                      
                                                               0000000000111                  01111110                         00000000000                      
                                                               0000000001111                     001                                00000000                    
                                                                  1000001111                                                                                    
                                                                   1100011                                                                                      
                                                                    0111                                                                                        
                                                                      01 1                                                                                      
                                                                        0                                                                                       
                                                                                                                                                                
                                                                                                                                                                
                                                                                                                                                                
