                                                                                                                                                                
                                                                                                                                                                
                                                                                                                                                                
                                                                                                                                                                
                                                                                                                                                                
                                                                                                                                                                
                                                                                                                                  01                            
                                                                                                                                11                              
                                                                     000111111                                                0100                              
                                                               00110000011111111                                              100000                            
                                         00000011000000     0110000000000001111111                                          100000                              
                                00001111111111111111111100          000000000000111111                                      000000                              
                          011111111110001111111111111111 1          00000000000000111111                                  10000000                              
                     0011111000001110000001011111111111110            0111000000 00000011111 0                          0 00000000                              
                   01111111111111111111111100111111101111110          01111111100000  000000111111 0                   11000000000                              
               011111001111110000111110111110011101111111111       00011111111111100       00000011111                110000000000                              
              111111111110      0011100111111 011111101111110     0111111111111110             000000011            01000000000000                              
               11011111110      00111011111111 011101111111110    11111111000110011            0000000000         0110000000000000                              
              00010011111100000111110011111111 01111111110001100011111100011111111110         0110000       00011111000  0000000                                
              001001 0111111111111110111111110 0111111111   0111111111110111000110111      0001111110       001111000000 0000000                                
                  00011111111111111001111111  011111111010001111111100111000   0111110    011110011100      001010000000 000000000                              
                      011111111111011111110 00111111111111111111111111111       01111111111110111011111    0110100000000 000000000                              
                         011111111111111000011111   11 11111111111111111110      011001101100110011011010001000000000000 00000000000                            
                            001110000000011110000111  1111111 11111111111110   0111111111011000000000000000000000000000   000000000000                          
                                 01111    0010000000011111  11111111111111111111111111001000000000000000000100000000000   000000000000                          
                                    0     1001100000111111    1000111111111111111100000000000000000000000              000000000000000                          
                                        00   1111101111111     00000011100000000010000000000001000000                     000000000000                          
                                             000111111111       00011000001000000000000111110000000 000000                   00000000000                        
                                                 0011111    1 1100000111111111  111111000  000   000000000                        000000                        
                                                   00 11    111110000000000000                0000000000                                                        
                                                              0010  0000000000                   0011111                                                        
                                                                000000001111                          000                                                       
                                                                 0000001111111                                                                                  
                                                                  0100001111                                                                                    
                                                                    111100                                                                                      
                                                                      11 1                                                                                      
                                                                        01                                                                                      
                                                                                                                                                                
                                                                                                                                                                
                                                                                                                                                                
