                                                                                                                                                                
                                                                                                                                                                
                                                                                                                                                                
                                                                000111                                                                                          
                                                           00111111100                                                                                          
                                                       01100000000011111                                                                                        
                     000011111111111111111111110    0100000000000000000111                                                                                      
               00111111111111000111111111111111100         00000000000000011                                                                                    
           0011111111100111100000111111111111111           000000000000000001011                                                                                
        111110011111111111111111110001111111111000          00111000000000000000111                                                                             
      1 011111110    0 011110001110011111111110111          0 111111100000000000000011                                                                          
      0110111111       011100111111 01111110111111        00111111111111110    00000000111                                                                      
        1000111110000011111011111110011111111101110     011111111111111100        0000000011                                                                    
         00011111111111111011111111 011111110111111    011111111000111110            000000001                                                                  
          0011111111111110111111110 01111111110  1111111111111101111110110           00000000001                                                                
              0111111110001111110  01111111111   11111011111111111011111110         011100000011                                                                
                0111111111111110 01111111111111011111111110111110   0111110     00011111111     0                                                               
                  0111100000000111111   11111111001111111111110      011111000001111011110                                                                      
                      000001 111010001 1   1111111 1111111111110      01101111111011111110        00                                                            
                        0 11 010000  1     111111  11111111111110   00111011101101111111110     000111110000000000000000000                                     
                            0100000000111  1111111111111111111111101111111111111111011011110  011111111111111111111111111111111111000000                        
                              000000000111101111111100011111111111111111111011000000011111111111111110111111100000000000000000000000000000000000                
                              000000011011110010000000000111100000000010000000000000000000000011111111111010000000000000000000000000000000                      
                              000011111100111 111101111111000010000000000000000000000000000001000111111110000000000000011111000000000000                        
                             111101111   00000000110000000011111111111111111111100000000       000000001101000000000111111111100000000                          
                               11011   1            000000000     000000        00    00000        00000000000000000001111110000                                
                              11     11              10000000000                 00000001111         0000000000110001100001111                                  
                                                     01011111111                   011111111          000000001011110001                                        
                                                      0111111111                     01111            0000000101111111                                          
                                                       0111111                          0              100000010111111                                          
                                                         111   1                                       010101001111111                                          
                                                           1                                            10110111111101                                          
                                                                                                        01010011011110                                          
                                                                                                         0101101100011                                          
                                                                                                          111110110000                                          
                                                                                                           11110001100                                          
                                                                                                            01110001                                            
                                                                                                              1110                                              
                                                                                                                1110                                            
                                                                                                                  0                                             
