                                                                                                                                                                
                                                                                                                                                                
                                                                                                                                                                
                                                                                                                                                                
                                                                                                                                                                
                                                                 001                                                                                            
                                                             001111000                                                                                          
                                                           011111000111101                                                                                      
                                                        010000000011000111001                                                                                   
                                                      0110000000000000000011000011 1                                                                            
                                                    0000 00  000  0000000000000000011111                                                                        
                                       00111111100           0001000000000000000000000000111 1                                                                  
                                 0111111111111111110            011111111100000     000000000111 0                                                              
                            001111111111111111111110            0 111111111110           00000000111                                                            
                        011111100011111111111111111000         001111111111100             000000001                                     0000000000             
                    01111100000000001101111011111111110       111111110111001100          0110000    0                         0000011111000000000              
                 0111100011111111111111011110011011111110    01111111111111111110       001111110                       000111111110000000000000                
               0111111111111111110100110001111111111011110  0111111101111111101110    0111111110        000000 0000001110000000000000000000000                  
             011100110110000000100111111100111011101110011011111111111110   0111110000111111111110      00111111111000000000000000000000000000                  
           0111110111       00111011111111 01110111110  010111111101110      0011011111101111111110   01111111111111100000000011111111111000                    
          0110111111100  00000111011111110 01111111111000111111111111110      011101101111111101111101101111111110100000000000000111000000                      
           011101111111100011111101111111000111111111111111111111111111110   01111111110000000000000100111111111100000000000001111111100                        
            00000001111111111111001100110 01111111111111111111111111111111111111111100000000000000000010000000100100000000000000000011                          
                000111111111111001111110 011111 11   111111111111111111111111110100000000000000000       0000000000000000000000110                              
                     0001100010001111000111000011111111111111111001011110000000000000010100000000             00000000000011111000                              
                          000111000000 10100000000011111000000000000000000000010011111000000  00000011          000000000011111111                              
                                000     011000000011111  10000001011110111111111100        00000001111           00000000000111111                              
                                     00010110000011111     1111110000000000                  001111111            010000001111100111                            
                                          0110011111111   11000000    0     00                   011               01000011111111000                            
                                            1111111111 1       0 0000000011111                                      0100000111001110                            
                                              011111 1          00001100111111                                        11011011100000                            
                                                 001             0000111111111                                         0111100011000                            
                                                                    0001111110                                           01110000000                            
                                                                          01                                               011100000                            
                                                                              0                                               011110                            
                                                                                                                                 000                            
                                                                                                                                                                
                                                                                                                                                                
                                                                                                                                                                
                                                                                                                                                                
