                                                                                                                                                                
                                                                                                                                                                
                                                                                                                                                                
                                                                    00                                                                                          
                                                           000111111                                                                                            
                    000000000111111111110000         00110000000111111                                                                                          
             00111111111111100111111111111111100  0010000000000000111111                                                                                        
        0001111111111001110000001111111111111110          0000000000001111                                                                                      
      011111011111111111111111111111111111111100         000000000000000011111                                                                                  
      101111110      011111111111011111111111100          0011100000000000000111                                                                                
     0100111110      001110010111 01110111110111          0 11111110000000000000001111                                                                          
     1000011111000000111100111111001111110111111       000111111111111100    0000000001111                                                                      
        00011111111111110011111110 11101111101110     111111111110111100         00000000001                                                                    
        0 01111111111110011111110 011111111110110    011111111000111110            00000000011                                                                  
            01111111100011111100 01111111111  01111111111111111011100110           00000000000                         0000000000                               
              0111111011111110 0011111111111  011111111111101110011101110        01111110                      00111111111111111111111100                       
                01111111110000111111 11111111111111111100111110   0111110     0011111110        00      00011111000000001111111111111111   0                    
                   0000000111111001  11 11111001111111111110      00111110000011111011100        111111111100000000000111111111111111111                        
                      1111 0100000 111  1111111 1111111111110       0110111111111110011110    0111111111111100000000001111111111111111                          
                        0   010000000011111111  11111111111111    001110011011101101100111000011111110110010000000000111111111111111                            
                            0 00000111111   11111111111111111110011111111111000000000001101111111111110110000000000011111111111111                              
                             0 001111111     101100000111111111111111011000000000000000000000000000000000000000000000111111111                                  
                              0 11111111    1 0000000000010000000000100000000000000000000000000000000000000000000111111111                                      
                                1 1111    11 1111111111000011000000000000010010000000000              000  00000011111111                                       
                                  0           000000000001111111111111111100000000    000000            0000000000111111                                        
                                           1      0 0000000000000000            000000000000              0000000011111111                                      
                                                  01000000011111 1                 0011111 0               000000011111111 0                                    
                                                    1100111111  11                      0000                 1000011111111                                      
                                                     011111111    1                                           010011111111                                      
                                                        011111                                                 01111111111                                      
                                                           001                                                   111111111                                      
                                                                                                                  111111 1                                      
                                                                                                                   11111                                        
                                                                                                                    0 11                                        
                                                                                                                       1                                        
                                                                                                                      11                                        
                                                                                                                        1                                       
                                                                                                                                                                
                                                                                                                                                                
                                                                                                                                                                
