                                                                                                                                                                
                                                                                                                                                                
                                                                                                                                                                
                                                                                                                                                                
                                                                                                                                                                
                                                                                                                                                                
                                                                                                                                    0                           
                                                                            0000                                                  01                            
                                                                  000111111111                                                    00                            
                                                              011100000000111111                                                1000                            
                                        000011111111110   00010000000000000011111111                                          010000                            
                               000011111111111111111111100         0000000000000111111                                        100000                            
                          011111111100001111111111111111 1          00000000000000001111 0                                  11000000                            
                      011111000001110000000011111111111100            0111100000000000001111 0                              00000000                            
                   011111111111111111111111001111111111111 0          11111111110000  000000111110                       01000000000                            
               011111001111110000111110011110011101111111110       01111111111111100       000001111 1                  110000000000                            
              11111111111       00111001111110011111111110011     1111111111111110            0000000111              11000000000000                            
              011011111110      00111011111111 011111101111110   011111111001100111            00000000000          01100000000000                              
                010011111100000111110011111111 01111111110 01111111111100011111111110         0110000            01110000000000000                              
              111000 0111111111111110111111110 0111111111   1111001111111110000100110      0011111110       011111111000 00000000                               
                 0000111111111111110011111110 01111111101101111111110111000    1111110 00011111011100        01111010000 000000000                              
                   0 0011111111111011111110 00111111111111110111111111111       01101111111101110111110    0110110000000 000000000                              
                         01111111111111100 011101   1  11111111111111111110     0111011001101110110111100011011000000000 00000000000                            
                            001110000000011110000011111111111 11111111111110  011111111100100100110011001000000000000000  000000000000                          
                                 001111 1 001100000001111    1111111111111111111111111011000000000000000000000000000000   000000000000                          
                                    0      001100001111111     0001011111111111111000000000000000000000000           000  000000000000                          
                                        001  1011111111111      000000000000000000000000000001101000                    0000000000000000                        
                                              000111111111    1 00111000010001100001011111100000000                        000000000000                         
                                               000011111      111000011111111   11110000  000   00000001                      0000000000                        
                                                  000   100 1111 0   0000000                 00000000111                           000000                       
                                                               000 000000000                   001111100                                                        
                                                                000000001111                       00111                                                        
                                                                 000000011  1                                                                                   
                                                                  01000011                                                                                      
                                                                   0111100                                                                                      
                                                                     011 0                                                                                      
                                                                        1                                                                                       
                                                                                                                                                                
                                                                                                                                                                
                                                                                                                                                                
