                                                                                                                                                                
                                                                                                                                                                
                                                                                                                                                                
                                                               00011                                                                                            
                                                          000111111000                                                                                          
                                    00                011100000000111111                                                                                        
                    0001111111111111111111111100   00100000000000000001111                                                                                      
              0011111111100000001111111111111111 0         00000000000000111                                                                                    
          00111111111101111100000111111111111111          0000000000000000000001                                                                                
       01111101101111011111111111100111111111110            01111000000 000000001111                                                                            
       101111110      011110000111 0111011111111 0          1 111111100000000000000001 1                                                                        
      0100111110      0111101111110011111100111110       00011111111111110     00000000011                                                                      
       0100011111000001111011111110 01111111110111     01111111111101110           00000000011                                                                  
         00011111111111110011111110 011111101111110   011111111100111111             000000000                                                                  
          001111111111110011111110 01111111110  01111111111101011111101110           00000001110                                                                
              011111110001111110  011111111110  01111111111111111001111111         01111000   00                                                                
                011011111111110 011111111111111111111111100111000   1111110    00011111111                                                                      
                  011110000000011111    1111111001111111111111      001111100001111101110                                                                       
                      01001  01000000 11   111111111111111111110      011011111111111111110       011100     00000000000000                                     
                        0 11 010000 01    111111  111111111111110   01111011101101101101110    01011111111111111111111111111111111000                           
                            101000000001111111111111111111111111111111111111110101111101111100111111101111111000000000000010000000000110000                     
                             01000000000000111011111000111111111111111111100000000000000000111111111110110100000000000001111111000000000000000                  
                               00000011110111100000000000011100000000010000000000000000000000000011111011000000000000011111111000000000000                      
                              1 01111111  011111110111111000001000000000000000000000000000   00000000100100000000001111111111111100000                          
                               1111111  11000000010000000001111111  111111111000000000             0000000000000000001111111100000                              
                                 111111111          0 000000000                 00000000001110       0000000000010011100011111                                  
                                 1 0                01000000000000                0000001111          000000000101110011                                        
                                  1                  01001111111  1                 011110             000000000111111                                          
                                                        11111111                       011              10001010011111                                          
                                                        011111                                          01000101111111                                          
                                                          01 1                                           1010010111111                                          
                                                            01                                           0101011111110                                          
                                                                                                          111111110111                                          
                                                                                                          011110110011                                          
                                                                                                           01110011001                                          
                                                                                                            01110011                                            
                                                                                                             011100                                             
                                                                                                                11                                              
                                                                                                                0                                               
                                                                                                                  0                                             
