                                                                                                                                                                
                                                                                                                                                                
                                                                                                                                                                
                                                                                                                                           00000000             
                                                                                                                                    0111111111                  
                                                                                                                               00111111111111111                
                                                                                                                            011110001111111111                  
                                                                                                                          0110000011111111111                   
                                                                             0011                                       01100000001111111111                    
                                                                       0011111111111                                  0110000000001111100000                    
                                                                   0011110111111111111 1 0                          0110000000000000111111                      
                                                                0110000000000000111111111111111111111111           110000000000000000000                        
                                                   0000000  00000      00  000000000000000000000000000000      001110000  000000000000                          
                                         00111111111111111            0000000000000000          0000000     01111111000000  0000000000                          
                                 000111111111111111111111111 0          00111100100000            00000        11100000000 0000000000000                        
                            01111111111000111111111111011110              11111111111            010000       110000000000  00000000000000                      
                         0111111001111000000000111111111111100           01111111001110          010010000    000000000000   000000000000000                    
                       01111101111101111111111100111011101101110       011111110011001110      00110000101000000000000000000000000000000000000                  
                    011100011111111101111111111000011001100111110      1110111100011110011     0110100000000000000         00000000000000000000                 
                  01111110011001  000011100000110 0111111011100110    0111111000100001011100000000000000000000                   000000000000000                
                  11001111110       00111011111110 0111011001110110000111111011110   001100010000000000000000                         0000000000                
                   111001111100 000000111011111111 01111111011   0111100110001100       0110000000000000000000                            000000                
                     00000111111001111110011111110 011111111000  0111111111111110      00000000000000100 00000                                001               
                       10011111111111111011100010  01111111110111100111111111111110   0000000000001000 000000000                                                
                           001100000111000111110 00111111111111110011111111111101110000000000001100   00000000                                                  
                               001100000111110000111011 111  1111111 111100000000000000000011100                                                                
                                   000100000000111100 001111110000010000000000000000001111100                                                                   
                                        01    0010000 01110011000000000000000100011111000                                                                       
                                            00010000000011111100110000001111110000000                                                                           
                                            000 0000000001111  11  1111100000 0000000000                                                                        
                                            100 00000001110               0   0000000000                                                                        
                                                0000101111                 0000000000000                                                                        
                                               10101010111                   00111111110                                                                        
                                                11111110                         0011111                                                                        
                                                111110                                                                                                          
                                                 110                                                                                                            
                                                                                                                                                                
                                                                                                                                                                
                                                                                                                                                                
                                                                                                                                                                
