                                                                                                                                                                
                                                                                                                                                                
                                                                                                                                                                
                                                                                                                                                                
                                                                                                                                                                
                                                                                                                                                                
                                                                                                                                                                
                                                                         0001                                                       0000111111 0                
                                                                     011111101                                                 0011111111111                    
                                                                 01111000011111111                                         00111111111111111                    
                                                              0110000000000001111111                                     11111111111111111                      
                                              000000000    0000  0000000000000000100000111 1                          011100111111111111                        
                                     001111111111111111110          00000000 00000000000000111111111                01100000011111111111                        
                              0011111111111111111111111111          000011000000000 000000000000000001            01100000000111111111                          
                         011111111100000001111111111111111              111111110000         00000000000        0110000000001111111111                          
                     0011110000111111100001101111111101111010          011111111111             0000         01111000000000001111111                            
                   01111111111111111111111111011111111111111 0       011111111111110           010000       1111100000000000000000                              
                011111001100 0000001110000001000111111101111110     011101110001100110         111110       0101000000 00000000000                              
                1011111111       001110011111100111111111100111     11111111110111101110     0011011000    01010000000 00000111111                              
               111111111110   00 00111011111111 01111111011000110001111111000110001101100  00110110011100 0000000000000 000000111111                            
                0110001111110000111110011111111 011111111110  01111011111111110   011101101111001000000000000000000000   0000001111111                          
                  0000 11111111111111001111011 0011111111010 0011111111101110        01001100000000000000000000000000    000000000111001                        
                     001111111111111001111110 00111111111111111101111111111110      0111000000000000000000           0000000000000001111                        
                        0011100111101111111000111111  11111111011111111111111110   011000000000000000000                000000000000000000                      
                            011111001110000111110001 11   111111  1111111111111100110000000000000100000000                 000000000001000                      
                                0000000011  111000 01111  111111111111011111110000000010000000100000 00000                     00000000011                      
                                    0 111   00010000001111111111111000000000000000000000101110000000000000                        00110000                      
                                        001   101100000000011100000000000000001000111111100       00000000 0                         00111                      
                                            000000111000110011100001111111011111111110                                                   00                     
                                             100000011111111011111100000000000000                                                                               
                                              1011     011         000    00000000                                                                              
                                                                     0000000000111                                                                              
                                                               0       01110111111                                                                              
                                                                         011111111                                                                              
                                                                            001111                                                                              
                                                                                  00                                                                            
                                                                                                                                                                
                                                                                                                                                                
                                                                                                                                                                
                                                                                                                                                                
