                                                                                                                                                                
                                                                01                                                                                              
                                                              0110                                                                                              
                                                             110000010                                                                                          
                                                            10010010001100011000                                                                                
                                                          01000001000100010000000000011111                                                                      
                                                         01000000000000000 0000000000000000111 1                                                                
                                  1                     11000 00  0   00 0000000       00000000111 0                                                            
                                 1 1                 0001     000000000001001110           000000011 1                                                          
                                1111 11          01111100     00000011111111110             0000000011 1                                                        
                                1111111111100101110                 111111001100           01111000 0000                                                        
                                111010101001111111111100            011111001001100       011111110                                                             
                                0 00000011111111111111100           1111110010100110    0111001110                                                              
                                 010001111111111111011110000       01111100100010010000001001111100       0110                                                  
                                  0011111111111111110111110111      011110001   00000000000000000110    00011110                                                
                                 00111111111111110110110010001000   00011000       000000000000000000000111111111100                                            
                                11100111111111101011001011001000100010000000      0000000000000000000000000111111111110                                         
                              0110111100000000000000011001000010 0000000000000   00000000000000000000000000000111110001110                                      
                          00011001111100000000001100000000000000  00000000000000000011100 00000  00000   0000000010000000111                                    
                        1111110111111000000000000000000000000000000 00000000000011100         0000000000   00000000000000001 1                                  
                         0110011111000000010000000000000 000000000000000000011100                00000       000000000001111111                                 
                         0111111100000111000000000000000  0000000000000000100                       00        0 000000111111111                                 
                         011111100001111100 000000000000 00000010000011100    000000                            00011111111111111                               
                         110111100000000     0000  00000 00000000011  11 10  0000000                           00001111111111111 1                              
                        11111110000000       00000 000000     0001111111 1110 000000                           000111111111111111                               
                        11111101100000000000000000000000000 00001111111111   1000000                           101111111111111111                               
                       0111110000000000000000000100000    01110001111111       0   00                         0111111 10   1  111110                            
                         00000000000000000000000             01111111111      1                               011111               1                            
                           00000   000                           0011111 1                                    1111111               1                           
                                                                                                              1111 1                                            
                                                                                                             111                                                
                                                                                                            0 1 10                                              
                                                                                                              1                                                 
                                                                                                           111                                                  
                                                                                                          1                                                     
                                                                                                         1                                                      
                                                                                                                                                                
                                                                                                                                                                
                                                                                                                                                                
                                                                                                                                                                
