                                                                                                                                                                
                                                                                                                                                                
                                                                                                                                                                
                                                                                                                                                                
                                                                                                                                                                
                                                                    0011                                                                                        
                                                                  011110                                                                                        
                                                                111110001110                                                                                    
                                                             011001000110001100                                                                                 
                                                            1100000010000110011100011111                                                                        
                                                          11000000000000000000000000000001111111                                                                
                                                        000      00000000000  0000000000000000001111                                                            
                                           00011111110           00011111000000000        000000000001                                                          
                                     0011111111111111111            01111111111110           00000000000                         0000000000000000               
                                001111111111111111111111             0111111111110            000000                     001111111111111111111111111110000      
                           00111111000011111111111111111000         0111111111111110         0111111        00000 000011111000000001111111110000000000          
                        011111101100000000001111011111101111       1110111100110001100     001111110         011111111100000000000111111111100000000            
                     01111001111111111111110011110011101111110     1111111111111110011     011111111110    011111111111100000000001111111111000000              
                   01111111111111111110000110001111111011001110   01011110011100011111100001110110111100 0011111111110100000000011111111111110                  
                011110011101100000011000111111 0111001100110011111111111111100    0011011101101101101111111111111110110000000000011111111110                    
               01111110110       00111011111110 01111111110   011111111011110       0110010000000000000000000000000000000000000001111111                        
              0111111111100   00001111011111110 011111111010 011111111111111100    011111000000000000000000000000000000000000111111111                          
                0000011111110000111111011111110 0111111111011100011111111111111000011000000000000000000             00  00000011111111                          
                101000 01111111111111001100110 011111 11111111011111111111111111111000000000000000000 000000         00000000001111111                          
                  000100111111111111000011110 011111  11  1111111 11111111111100000000000011100000 000000000           000000001111111                          
                      0  001110000000011110001111000111111111111111110000000000000001011110      00000000000            000000111111111                         
                              0011111000000 1110000000001111000000000000001000011111 10              0001111             010001111111111                        
                                    0011     01000000011111    0000001101110111000                                        01011111101111                        
                                        0000110 000001111111    011110000000000   00                                        111111110011                        
                                        00000000100111111111        00000   00000111                                         11111011101                        
                                        100000000 1111111111          00000000011111                                          0111101111                        
                                         000      01111111              000111111111                                            111100                          
                                                     01                      0011111                                              1111                          
                                                                                  0011                                              01                          
                                                                                                                                                                
                                                                                                                                                                
                                                                                                                                                                
                                                                                                                                                                
                                                                                                                                                                
                                                                                                                                                                
