                                                                                                                                                                
                                                                                                                                                                
                                                                                                                                                                
                                                                                                                                                                
                                                                      0                                                                                         
                                                                  0011                                                                                          
                                                               0111110                                                                                          
                                                            01111110011100                                                                                      
                                                          01000000011100111001                                                                                  
                                                        010000000000000000011100011111                                                                          
                                                      011  00 0000 0000000000000000001011111                                                                    
                                          0000111000           00000000000  00000000000000000111                                                                
                                   0011111111111111110          0001111111100000       0000000000011                                                            
                               00111111111111111111110              11111111110            00000000001                                                          
                          011111100011111111111111111000          01111111011100            0000000000                         000111111111111111111            
                      0111111000000000000111111110111111 0      01111111001110110          01111110                     00111111111111110000000000              
                   0111100000011111111111001111011101111100     0111111111111111110      001111110        000     000111110000000011111111111010                
                 1111111111111111111111011000111111011101110    11111100111001100110    01111011100       011111111110000000000001111111111000                  
               0110001111110000001100011111100111011101110011011111111111110  0111111000111011011111     1111111111111000000000111111111111111                  
             11111100110       00111011111111 01111111110   11110111001110      001001101101101101111000111111101100100000000011111111111110                    
            110011111110     0 001110111111110 11111110010 011111111111110       111001001101001001111111111111101100100000000011111111111                      
            011110111111100000111111001111111 001111111001111011111111111111   0111111001000000000000000000001001011010000000001100001                          
             0010000011111111111111001111011  01111111111111011111111111111110111100100000000000000000000000000000000000000111101111                            
                0001 01111111111111010111110 01111  11  111111  111111111111111100000000000001000000            000000000001111110                              
                    0011110000001000111110001110001111  11111111111001011110000000000000111100000  00000          0000000000111111                              
                         001111100000000010110000 011111111111111100000000000000110111110   000000000011           00000000001111111                            
                              000000001   10100000000111101110000011011100111111 1100          000111111            0100000011111111                            
                                    0 11   01100000000001011111111110000000000                    0011 1             010100111111100                            
                                     00000000 0000001111 111 11110000   00    0000                                    01010111101111                            
                                    01000000011010011111         0  00000000111111                                     010111111000111                          
                                    10000000  1 01111111         00000110011111111                                      011111011100                            
                                                11111111           000001111111111                                        0111100111                            
                                                   1                  0000111111                                            1111000                             
                                                  0                           001                                            01111                              
                                                                                                                                01 1                            
                                                                                                                                                                
                                                                                                                                                                
                                                                                                                                                                
                                                                                                                                                                
                                                                                                                                                                
