                                                                                                                                                                
                                                                                                                                                                
                                                                                                                                                                
                                                                                                                                                                
                             0000000000                0000011111111                                                                                            
                001111111111111111111111111110     0111000000000111111                                                                                          
           0111111100000000000111111111111111100  00   000000000001111 1                                                                                        
      0111111111111110111110000011111111111111 1         000000000001111                                                                                        
    111111101110110001111111111100111111111110          000100000000001111                                                                                      
    01011111110      011110000111011111111110110          011110000000000111 1                                                                                  
    10100111110      011100111111001111110111110          11111111000000000011 1                                                                                
     00000111110000011111011111111 0111111110111      01111111111111110   00000111                                             0000000                          
      0001111111111111110011111110 1110110111111    011111111111111100       000011110                                   001111111                              
      0   01111111111110011111110 01111111110011100011111111100110111           00001111                             0111100000000                              
            0110011110001111111  01111111110  011111111110001111110110            00000011                       001110000001000                                
              0111111111111110 0111111111110001111111101111110001101110          0000 000111                  011100000111110000                                
                0 11100000000011111  111111111111111111111000   011111      0 001111000                    011100000001111111110                                
                    011001011110001 11  111111111111111111      0111110000001111111110                  0111000000000011111100                                  
                      0 1 1100000 1 11  111111  111111111110      1101111111101101111         011100111110000000000011100000                                    
                         01000000000111 11111111111111111111   011110011011001110011110     00011111111000 00000000000111100                                    
                          00000000111000011111111111111111111111111111111110111011011110   0111111001000000000000000000001                                      
                        0 010010111111 0010000000000011111111111111110011000000001011111111100111110000000000000000000                                          
                        111111111111  11011110011001100000000000010000000000000000000000000000010010000000 00000000000                                          
                        1111111111  111 00000110000000011100010000000000000000000000001000100000000000000 000000111000                                          
                         1110 11 1 111         0000000000111111111111111110000000000            00000000  00000000000000                                        
                                               0000000000000000           00 0     000              00   000000000000000                                        
                            1                  010000011111100              000000000000              000000000000000000 0                                      
                                                1001111111  1                001111111                  000000000000000000                                      
                                                  11111111 1 1                 0011110                    0000000000000000                                      
                                                  111101                           001                      00000000000000                                      
                                                   01110                                                      000000000000                                      
                                                     01                                                           00000000                                      
                                                                                                                      000000                                    
                                                                                                                             0                                  
                                                                                                                                                                
                                                                                                                                                                
                                                                                                                                                                
                                                                                                                                                                
                                                                                                                                                                
                                                                                                                                                                
