                                                                                                                                                                
                                                                                                                                                                
                                                                                                                                                                
                                                                                                                                                                
                                                                      00                                                                                        
                                                                  0011 1                                                                                        
                                                              0011111000                                                                                        
                                                            0100011001111000                                                                                    
                                                         01100000000100001110001                                                                                
                                                       01100000000000000000011100001 1                                                                          
                                               000    00       00000000 0000000000000111                                                                        
                                      0011111111111110          000111000000000000000000000111                                                                  
                                 001111111111111111111            011111111111100     000000000111                                                              
                            0011111111111111111111111100           0111111111110           000000001                                                            
                        0011111100000001011111111101111110       011111111111110            0000000001                                      00001100            
                     01111100011111000111100111111111111110     011101110001101110          010000000000                            00011110000000              
                   01111001111111111111111100011011101100111    0111111111111111110        01111110                           00111111000000000000              
                 111111111111100001100000111000111011111111110001111110011100010011     0111011110                     0001111110000000000000000                
               0110100111001  000011100111111100111111111  0111101111011110   011111000011111111100       001111011111111000000000000000000000                  
             011111110110     0 001110111111110 1111111010  0111111111111       01101111101111011110    000111111111100000000000000001111100                    
            011101111111100 000001111001111111  011111110111111111111111110     011001101111111101110000111111101111111000000000001111000000                    
             000010011111111001111111001110010 01111111111110011111111111110   11111111100000011011111111111111011001000000000000111111100                      
              0010000 01111111111111000111111 0111   11 111111  111111111111111111111000000000000000000001011111111001000000000000000001                        
                 000000111111111111001111110 011001 11  1111111111111111111111110110000000000000000000000000000000100000000000011100                            
                      00011110000001111100 011110 011111 11111111100000111000000000000000000100000          000000000000000111000000                            
                            001111100000001011000000000100010000000000000000000110011111000000    00000         000000000000111111                              
                                   000      0 0000000111111100000011111001111111 1000      00000000111           0000000000011111100                            
                                    000000000110000011111    101110000000000                 001111111            000000000000111111                            
                                    1000000000110111111111  11000000                           0111111             0100000001111100000                          
                                    0000000000011111111111    1    0000000011111                   011               10000001000011100                          
                                    1000          111111        0000011001111111                                      0100000011000000                          
                                    0              01            000000111111111                                        11100000010000                          
                                                      0            00000111111                                            011100000000 0                        
                                                                           011                                              0111100000                          
                                                                              0                                                0011110                          
                                                                                                                                   00011                        
                                                                                                                                                                
                                                                                                                                                                
                                                                                                                                                                
                                                                                                                                                                
