                                                                                                                                                                
                                                                                                                                                                
                                                                                                                                                                
                                                                                                                                                                
                                                                                                                                                                
                                                                                                                                                                
                                                                                                                                        00                      
                                                                                                                                 0000000                        
                                                                     0000111                                                 000000011 1                        
                                                                 0000111111111 0                                          000  0011111                          
                                                              00000000000011111100                                      00  0011100001                          
                                      000011111111111000    00000000000000000111110000                                00   01110011111                          
                              0000011111111111111111111110       000000000000000000100000000                         0   00100011110                            
                         001111111110000111111111111111111        000000000000000000000100000000  00               00  0010001100000                            
                     0011111111111111100001111111111110000      000000001111100000000 0000000000000    0          0  000000000011111                            
                  0011110001111110111110011101111111111100000 0000000001111111000000        000000000           00 000000000001000                              
                1111000000001000001111110011101111101110000000000000011111111000000            000000        000001000000000000000                              
              011111100000  0  0 0111111101110011111111110001100000011111111100000000     000  000000        0011100000000000000                                
               0111111111000 000001111111011110011100001111111000001111111111110000000  0000000000000      00111000000000000000000                              
               00110111111110100111110110011110011110011110001111111111100101110000001100 0001000000000000001100000000000000000000                              
                 0101011111111111111011000111100111111111100 01111100100001111000010111000000110000000000000000000000000000000000                               
                    001111111111111101001111000111111111111001111111000000000000000110011100110110000000000000000000000000000000000                             
                      001111111111000011111001111111111111111111111111000010000000 01110000000000000000000000000000000000000000000000                           
                          00110000011111000011111111111 111111111111111001111100 00111100000000000000000000            000000000000000                          
                              011111000011111100001111  11111111111111111111111000110000000000000000000                   00000000000000                        
                                 00 1  111000100000011111111111111110011111110000000000000000000000                           0000000000                        
                                    0011111100111000000110000001100000000000000000000000000000000                                  0000000                      
                                         0011111111011111111000000000001111011100000000000000000000000                                                          
                                             00000110001111110000010011100000000000000000        00000                                                          
                                               00000 00000111100000000000                                                                                       
                                                   0      0 1110  00000000                                                                                      
                                                            00010  01000000  000                                                                                
                                                                    011111100000                                                                                
                                                                      0111100000                                                                                
                                                                        000000                                                                                  
                                                                              00                                                                                
                                                                                                                                                                
                                                                                                                                                                
                                                                                                                                                                
                                                                                                                                                                
