                                                                                                                                                                
                                                                                                                                                                
                                                                                                                                                                
                                                                                                                                                                
                                                                                                                                                                
                                                                                                                                                                
                                                                                                                                      000000                    
                                                                             000                                                00111111                        
                                                                      00011111                                               01111111111                        
                                                                  00111111111111                                          01111111111111                        
                                                              0111000000000111111111                                    11111111111111                          
                                          00000011111100    0000 00000000000000011111111                              1100011111111111                          
                                 0000111111111111111111110          000000000000000000001111 1                      110000001111111111                          
                           0011111111100111111111111111111          000010000000 000000000000000011111            0 1000000011111101                            
                       01111110000110000001111111111111111              111111100000      00000000000011         1100000000011111111                            
                    0111111111111111111111110011111110111111           0111111111110           00000000        0110000000000111100                              
                 1111100111111111111111111111011110111111111        0111111111011110            00000     00111111000 0000000000                                
               11111111110     0 01111000011100011111101111101      11110111001110110          011010       0101000000 000000000                                
               11111111110       0011101111111 0111011111111110    01111111110011101110      001101100     01000000000 00000011110                              
               11110011111000000011110011111110 0111111101100111001111111000110011100110    011111111110   00000000000 0000000111111                            
                 00010011111111111111011111111 001111111110   11111011111111110  0111111000001101100001000000000000000   0000000000001                          
                   00001111111111111001111110 0011111111101000111111111011100     00010011001000000000000000000000000   0000000000000000                        
                     00011111111110011111110 01111111111111111101111111111110       0110000000000000000000000       00000000000000000000                        
                          011100100111111000111111   11111111111111111111111110   01111000000000000000000              00000000000000000                        
                             0011100000001111100001 11  1111111  11111111111111000110000000000000000000                    000000000000000                      
                                  011  1111001000 01111 11111111111111111111110000000000000000001100  0000                     00000000000                      
                                    0       001100000001101110111100000000110000000001000001111000 0000000                         0000000                      
                                         00   0111000001111000000000000000000000001000111110   00000000000                              0001                    
                                              000011111111 11000001111111011111111  1100            00000000                                                    
                                               00000111111   10111000000000000000                                                                               
                                                0  0    01        00    0000000000                                                                              
                                                            0       00000000011111                                                                              
                                                                     0110011111111                                                                              
                                                                       011111111                                                                                
                                                                          011111                                                                                
                                                                              001                                                                               
                                                                                                                                                                
                                                                                                                                                                
                                                                                                                                                                
                                                                                                                                                                
