                                                                                                                                                                
                                                                                                                                                                
                                                                                                                                                                
                                                                                                                                                                
                                                                                                                                                                
                                                                                                                                                                
                                                                                                                                  00111                         
                                                                                                                              01111111                          
                                                                       0000111                                             01111111111                          
                                                                  00011111111111                                         0111111111111                          
                                                              0111000000001111111111                                   011001111111111                          
                                       00011111111111110    0000  00000000000000111111                                1100001111111111                          
                              0011111111111111111111111111          0000000000000000001111                          0 10000110111111                            
                         011111111100000011111111111111111          000010000000 0000000000011111111               11000000011100000                            
                     011111110001111100000101111111111111000            1111101000000   0000000000000111          1100000000001111                              
                  011111111111111111111111110011111111111111           1111111111110          0000000000        01100000000011100                               
               01111110110011 0000011100001100001101111111111       011111111101110             00000        00111000 0000000000                                
              0 1011111110       01110011111100011111101100011     011101111001101110          010000       1 111000000000000000                                
               111101111100  00 00111011111111 0111011111111110   01111111110011001110        0111110        101000000 000000000                                
               0110000111111000111111011111111 011111111110 011111111111100011111100110     00110011000    01100000000 0000000000010                            
                  001 111111111111110011111110 01111111111   01111011111111110   1111110  00011011001110   00000000000  000000000000                            
                    001111111111111001111110  0111111111010001111111110111100    0011001111110001000000000000000000000  00000000000000                          
                        0111111111011111110 0111111 111111111011111111111110        1100010000000000000000000000000000   000000000000000                        
                            1111111111100001111111  11  1111111 11111111111110    0111100000000000000000100           000000000000000000                        
                              0000000001  111000 01 1   111111  111111111111110001110000000000000000000                  0000000000000000                       
                                  01 1111 0001000000011 1111111111111111111111111100000000000000100000   0                   00000000000                        
                                      0     0011000000111110001110000001111000000000100000000100000  00000                         0000000                      
                                          00  111110011111  100000000000000000000000001111 10000   0000000                                                      
                                               00011111111    0001111110011111111 1111100        000000000                                                      
                                                 0000111       0000000000011110000                    000000                                                    
                                                          111111  0    000000000                                                                                
                                                                   0000000001111                                                                                
                                                                    110011111111                                                                                
                                                                     01111111111                                                                                
                                                                       0111111                                                                                  
                                                                           011                                                                                  
                                                                                                                                                                
                                                                                                                                                                
                                                                                                                                                                
                                                                                                                                                                
