                                                                                                                                                                
                                                                                                                                                                
                                                                                                                                                                
                                                                                                                                                                
                                                                                                                                                                
                                                                                                                                                                
                                                                                                                                                                
                                                                                                                                                                
                                                                         0000                                                     00111                         
                                     00000000                   000111111111                                                  01111111                          
                     000111111111111111111111111111110     0011100000001111111                                            011111111111                          
                0001111111100001000000111111111111111100  000  00000000001111111                                        01111111111111                          
             01111100111111111111111110111111111111111 0         00000000000011111                                    1110111111111111                          
            0 01111110     001111111111101111111111110          0000000000000000000011 1                            1100000111111111                            
             110111110      011110000011 011111111111110          0111100000  000000000011111111                  111000000011111111                            
              0101111100000011110011111100111111111111 0          11111111100000    00000000000011              011000000011111111                              
               00111111111111110011111110011101111111110      01111111111111110          00000000011           1100000000000011111                              
                 11111111111110011111110 011111100111111     01111111111111110             0000000          01100000000000010000                                
                   11111111100111111110 001111111110001110001111111111001100111           0110000      001111110000 0000000000                                  
                    0 1111101111111100 001111111111   011111111111000111111111110        0111111        01111010000000000000000                                 
                      0 1 1111111100001111111111111001111110111111111110001101110      0111001100      011110000000 000000000000                                
                         01111000011111111  11111111111111111111111000    0111111000000110110011110   0110100000000000000000000001                              
                           011  11111000001 1   11111111111111111111        011001111110001000001000000000000000000  000000000000000                            
                               11110100000001111111111  11111111111110      01110011001000100000000000000000000000   00000000000000000                          
                                0 10110001111111    11 1111111111111110  001111110000000000000000000000000       000000000000000000000                          
                                    0 1011111111     11111111111111111111111100110000000000000000000                000000000000000000                          
                                      1 11111111      0000000011111100010000000000000000000000000   00                 00000000000000000                        
                                        1 1111        0001000000000000000000000000000011000000  000000                      000000000000                        
                                          01    11111 111000110001111000111001111111100000   000000000                           000000000                      
                                              0   1110  000000000001111111110000           00000000000                                                          
                                                          0  000000000000000                      0000                                                          
                                                           00000001111  11 0                                                                                    
                                                            010001111111                                                                                        
                                                              01111111                                                                                          
                                                                 01111                                                                                          
                                                                     00                                                                                         
                                                                                                                                                                
                                                                                                                                                                
                                                                                                                                                                
                                                                                                                                                                
