                                                                                                                                                                
                                                                                                                                                                
                                                                                                                                                                
                                                                 00001                                                                                          
                                                          0001111111                                                                                            
                       00000000111111100000          00110000000011111                                                                                          
               001111111111111111111111111111100  0010000000000000011111                                                                                        
          00111111100000100000001111111111111110          00000000000001111                                                                                     
       11111011111111111111111111111111111111110          00000000000000000001                                                                                  
      101111111001  0010111111111001111111111100          00111100000  00000001111                                                                              
     0100111110      001110000011001110111111111            11111111000000000000000011                                                                          
     00100111110000000111001111110 01111101111110       00011111111111110     000000000011                                                                      
       000011111111111111011111110 01111111110111     01111111111111110           0000000000                                                                    
        0011111111111110011111111 0111111101101110   011111111000111111             0000000111                                                                  
            01111111110011111110  01111111110  01111111111101011111101100         001000000000                                                                  
              01111110111111110 0011111111110 011111011111111111001111111        011111110                          0000000000000                               
                01111111111000011111  11111111111111111101111110  0111111     01111111110                   001111111111111111111111110                         
                   0000000011111001   11 11111011111111111110      01111110000111111111100        1111111111000000000001111111111111111  1                      
                     01  11 010000 011   1111111 1111111111110       111011111111111011111     011111111111100000000001111111111111111111    0                  
                            0100000000111111111 111111111111110   0011110111011011011101111000111111101110100000000001111111111111111111     11                 
                            11100000111111 1111111111111111111111111111111111000000000001001111111111101100000000000111111111111111111                          
                              11011111111    0011100010111111111111111011000000000000000000000000011011010010000000001111111111111                              
                                11111111     1000000000001100000000001000000000000000000000000000000000000000000000011111111111                                 
                                0 11111      1011111111100001100010000000011011000000000             000000000000111111111                                      
                                  0        1 0000000000000111111111111111000000000    00000000         00000000001111111                                        
                                       1          00 00000000000000              00000000000             000000000111111                                        
                                                   0100000001111   0                01111110              00000001111111                                        
                                                    011011111111111                     0001               0100011111111                                        
                                                      01111111    1                                         01010111111111                                      
                                                        011111                                               0101111111111                                      
                                                            01                                                 111111111                                        
                                                                                                               011111111                                        
                                                                                                                011111 1                                        
                                                                                                                 01111                                          
                                                                                                                  1 11                                          
                                                                                                                     1                                          
                                                                                                                                                                
                                                                                                                      1                                         
                                                                                                                                                                
                                                                                                                                                                
