                                                                                                                                                                
                                                                                                                                                                
                                                                                                                                                                
                                                                                                                                                                
                                                                                                                                                                
                                                                                                                                                                
                                                                            0                                                                                   
                                                                         01  1                                                0011111111111111111000            
                                                                      01111111111             1 11                       01111110011111111111111111    0        
                                                                   0111011111111111111111111111011001111             0011100000000001111111111111111    11 0    
                                                                011000000000000000000000000000000000000         001111000 00000000011111111111111111            
                                                              0100000000 00  00 000 0         0000000       0111111111000  00000000111111111111111              
                                                    11100000000      0000000000000000           000000        110100000000  000000001111111111                  
                                              0011111111            0000011100010000            110110      01101000000000  0000000000011                       
                                        00111111111111111110             011111101110          0110100000   00000000000000  000000100000 0                      
                                   0011111111111111111111110             011111101111100      011000000000000000000000000   000000111111                        
                             000111111000111111111111101111100          011111100110001110   0000000000000000000      0000  000000001111 0                      
                          01111111111110000000001111111101110111       0111001100011110011000000000000000000              000000000000111                       
                        011100001111000000000010001100111111011100     0111110001100 00110000000000000000000                00000000000111                      
                      011111111111110111111111110000110011001100010    010111010110      0000000000000000000                   0000000001111                    
                    011100011111111100001000000110 001111110110001100011001100110        000000000000 00000000                   00000011111                    
                  01111111001100     00011001111010 001100110010   00111001100011000    00000000100000000000                       000001111                    
                  011011111110       000110011111110 001101110000  01101110111000000000000000110                                     0100111                    
                   011100111110000000001110011111110 00111111100000000111100000000000000001110                                         1111                     
                      00000111111100111111001100010  01111111110111000110000000000000001110                                             0 11 0                  
                        00001111111111111000000110 0011111110111000000000000000000111110                                                   1                    
                        0    00000000000000000110 00000000100000000000000000001110000000                                                  01                    
                                  000110000000000011100 0011000110011000011110000000000000                                                                      
                                       000001   10100000001111111111  1111000    000000000                                                                      
                                                 0100000000010000000          000000000000                                                                      
                                                  1000000111100                  00000000011                                                                    
                                                   00000111111                                                                                                  
                                                   11111111111                                                                                                  
                                                    0111111111                                                                                                  
                                                     1111111                                                                                                    
                                                      1111                                                                                                      
                                                      0                                                                                                         
                                                                                                                                                                
                                                                                                                                                                
                                                                                                                                                                
