                                                                                                                                                                
                                                                                                                                                                
                                                                                                                                                                
                                                                                                                                                                
                                                                      0                                                                                         
                                                                    0 10                                                                                        
                                                                  0110011001001101111111111111                                                                  
                                                                01110010010001000000000000000000000111                                                          
                                                               10000000000000000000000000000000000000000                                                        
                                                             11000000 00  0  00000            0000000                                                           
                                       1                    1000  0  0000000000000            0110100       00                                                  
                                      01 1            0001110     0000001100110110           0111111          11111111111111111110000                           
                                      1111111111011111    00        00 0111111011100         010010000     0001111111110000000000011111110                      
                                      11111011111111111110              111111001001100     01100001010    011001000100000 0000000000011111110                  
                                      0100111111111111111100            0111100010000010  00000000000000000000000000000000 000000001111111111111                
                                       111111111111111011010           11100110000010000000000000000000000000000000000000  000000111111111111111 1              
                                   00111111111111111110111110011       01111000110  0000000000000000000000000    0000000   00000011111111111111111 0            
                                0111100011111111111011011001101110      101110000      000000000000000000000         0     000000111111111111111111             
                              01110111110000000000001000101100100010   010110010      000000001000000000000           00  00001111111111111111111  110          
                          011110011111000000000010000011001100100000100100000000000  00000010       00000000            000000011111111           1  1          
                          1100011110000000000111111000000100110010   0000000000000000000110                              00000011111                 1          
                         110011110000000001100000001100000000010000  0000000000000000010                                  0000111111                            
                       01101111101111110000000000110010 0001001000000000000000000111100                                    000111111                            
                      01111100000110 0   000110011111000 0001000000000000000000110000000                                   000111111                            
                     0111111100000        0011000000000  0000000000000000000000000 00000                                    01111111                            
                      1100011100000   00 000000 0000000 0000000000000010111100   000000000                                   111111                             
                      1111000001111000000000000 000000 0000 01111111111100    000000000000                                   111111                             
                         0000000000000000000000000000 00    0000101100            00000000 0                                 011 1                              
                              1  0000000011111100001 101000000000111 1                                                         1                                
                               0                        10000001111111                                                                                          
                                                          100001111111                                                        10                                
                                                          111011111111                                                                                          
                                                           01111111111                                                                                          
                                                              011111 1                                                                                          
                                                                 0011                                                                                           
                                                                                                                                                                
                                                                                                                                                                
                                                                                                                                                                
                                                                                                                                                                
                                                                                                                                                                
