                                                                                                                                                                
                                                                                                                                                                
                                                                                                                                                                
                                                                                                                                                                
                                                                     00                                                                                         
                                                                 00111                                                                                          
                                                              01111100                                                                                          
                                                            11001100011100                                                                                      
                                                         0110000000110001110001                                                                                 
                                                       0110000000000000000011000001111                                                                          
                                                      000  0  0000 000  00000000000000011111                                                                    
                                        000111111100           0001000000000000 0000000000001111                                                                
                                   01111111111111111 1            01111111111110       0000000000011                                                            
                              001111111111111111111110              11111111110            00000000011                                                          
                          0111111000111111111111111111010        011111111111110            00000000001                                  0000000000000          
                      0111110001000000001001111111111111 0      011101110011101110         01110000                            000111111111110000000            
                   01111000011111111111111001110011001110110    0111111111111111110      001111110                      00111111111110000000000000              
                 011111111111111111100000110001111111110111100 011111100111000100110    0111101110        00111001011111100000000011111111000000                
               011100111111000000111001111111001110111011000111111111111111   0111111010111011011110     0011111111110000000000000011111100000                  
             011111101110       00110011111111 0111111110   01111111011110      011011111001101111110  001111110111111100000000111111111111100                  
            0 10111111110    0 001111011111111 0111111111000111111111111110     0111011001111011011111111111111101001000000000011111111000                      
            0011110111111100000111110011111010 011111111011100111111111111110  01111110110000000000000000101111111100100000000001111111111                      
             00100000011111111111111001110110 01111 11111111111 1111111111111111110010000000000000000000100000000011000000000011000001                          
                0000001111111111111001011110 01111  11  111111  111111111111111000100000000000010000         00000000000000111001110                            
                    00011110000011000111100011100001111  1111111110000011110000000000001111000000               000000000000111110                              
                          00111111000000000010000 011111111110000000000000001001111111100 000   00000111         00000000001111111                              
                                000000     01000000000000011100000111111011111111100         00000011111          010000000001111111                            
                                    000011 001000000011111101111111000000000                    011111             01000010111111011                            
                                    000000000 0000011111  1 000000000        000 0                 0011             0100001111111100                            
                                    0000000001101111111111      0   000000001111 1                                   01001011110011100                          
                                  00000000    0 11111111         00000110011111111                                     110111111000000                          
                                  0             111111            00000011111111                                        0111100011000                           
                                                  1  1               0  00011111                                          0111000011 0                          
                                                    1                        001                                            01110000                            
                                                                                                                              001110                            
                                                                                                                                  011                           
                                                                                                                                                                
                                                                                                                                                                
                                                                                                                                                                
                                                                                                                                                                
