                                                                                                                                                                
                                                                                                                                                                
                                                                                                                                                                
                                                                                                                                                                
                                                                                                                                                                
                                                                                                                                                                
                                                                                                                                                                
                                                                                                                                     011                        
                                                                     000011111                                                    011100                        
                                                               000111111111111                                                  011000                          
                                                           011000000000001111111                                              0 100000                          
                                    000111111111111110    000   000000000000111111                                           110000000                          
                             001111111111111111111111110          000000000000001111                                       01100000000                          
                        01111111100000111111111111111110          0001110000000000000111 1                                110000000000                          
                    0111110000111110000010111111111111100           011111111000000000001111 1 0                        11000000000000                          
                 01111111111111111111111110111111111111111         011111111111110      000000111111                  0 100000000000                            
              011111011101100001111000001100011011101111110      011111111111111            0000000011 1            0110000000000000                            
            0 1111111110       0111001111110011111111110111     01111111100110111             0000000000          011000000000000000                            
             11110111110    0 0011100111111100111111011101100 001111111111111101110         0010000            0111000000000000000                              
             0011001111110000111111011111111 0111111111   1111111111110011001110111        01111110       0011111111000 0000000000                              
                001 111111111111110011111110 01111111110  0111101110011111   0111110    01111001110        01111101000000000000000                              
                  001111111111111001111111  0111111111111111111111111110      01111110001110110011110     1100100000000 00000000000                             
                      0111101111001111111 011111  11111110011111111111110       110011011001110100111000010011001000000 000000000000                            
                          1111111111100001110001 11  1111111 1111111111111    01111011101101100100010011000000000000000  000000000000000                        
                            000000000011111000 01111111111111111111111111110011111111011000000000000000000000000000000   000000000000000                        
                                 0  111 0011000000011111111111111111111111111111100000000000000000000000            0000000000000000000000                      
                                    0   1 011000011111    00100000001110000000001000000000000001000                    0000000000000000000                      
                                          000 1111111111   000000000000000000000000001111100000000  0000                   00000000000000                       
                                               1111111      0110001101111111111111110000 0000  000000000                       0000000000000                    
                                                  1     1    00000000000000000              000000000000                                                        
                                                        1      0   000000000                   0011111                                                          
                                                        0      0000000011111                        0000                                                        
                                                                1000011111                                                                                      
                                                                 11011111111                                                                                    
                                                                  0111111                                                                                       
                                                                    0111                                                                                        
                                                                       0                                                                                        
                                                                                                                                                                
                                                                                                                                                                
                                                                                                                                                                
