                                                                                                                                                                
                                                                                                                                                                
                                                                                                                                                                
                                                                                                                                                                
                                                                                                                                                                
                                                                                                                                           1                    
                                                                                                                                         1                      
                                                                          000000 0                                                    0 00                      
                                                                    001111111111                                                      1000                      
                                                                00110000000111111111                                                100000                      
                                                              01000000000000001111111                                             11000000                      
                                               00000111100  000      0000000000000111111 0                                      0 10000000                      
                                        00111111111111111110         01010000000000000011111 0                                 11000000000                      
                                   0011111111111111111111110            01111000000000000000111110                           0100000000000                      
                              001111110000111111111111111110            01111111111110       00011111111                   011000000000000                      
                          001111111110000000000111101110110111        001111111101110            000000111 1 0           011000000000000                        
                        011110011110111111111110011111111111111      01111111111111110            000000000000         01100000000000000                        
                      011111111111111111111011110011101100110011     111111110001100110          0100000       0000011110000  0000000000                        
                    1110000111110000001110011111100111001111111110  01011100011011110110       001111110        0 1111010000  0000000000                        
                  01111110111       00111001111111 01111111110 01111111111111110000101110    011110011100      00111100100000 0000000000                        
                 0111111111110   00 001110011111110 1111111010  011111110011100    01111100001110110011110    011111000000000 00000000000000                    
                  01111001111110000111111001111010 01111111101001111111111111        0100110110011001001101000100000000000000 0000000000000000                  
                    00000001111111111111001110011 001111111111110011111111111110    0111001100100000000000000000000000000000  000000000000000000                
                        000111111111111001011111 01111  111 111111  11111111111100011111110000000000000000000000000000000000  000000000000000000                
                         0  001111000000011110001110000111  11111111111111111111111110000000000000000000000                 00000000000000000000                
                                000111110000011111000000000110001111100000011100000000000000000000100000                       0000000000000000000              
                                       001     000110000000111110000000000000000000000001001111100000 00000000                       00000000000                
                                           000    111100001111   10001101110001111111111100     00000000000000                                                  
                                                     01110111111   00000000000000000               000110000                                                    
                                                        11111111   1 00     0000                      00111111                                                  
                                                          0  111    00000000000000                                                                              
                                                                     0000000011111                                                                              
                                                                1      01011111111                                                                              
                                                                        01111111                                                                                
                                                                          111101                                                                                
                                                                           011 0                                                                                
                                                                             01                                                                                 
                                                                                                                                                                
                                                                                                                                                                
                                                                                                                                                                
