                                                                                                                                                                
                                                                                                                                                                
                                                                                                                                                                
                                                                                                                                                                
                                                                                                                                                                
                                                                                                                                      0                         
                                                                                                                                0011                            
                                                                                                                              111110                            
                                                                       000001111                                            11100111                            
                                                                 000011111111111                                          0100011110                            
                                              00000          011100000000011111111                                        1000000000                            
                                  000011111111111111111100  000   00000000000011111111                                  100001100010                            
                           0011111111111111111111111111111          00000000000000111111 0                            0 0000000110                              
                       01111111000000000001111111111111110          000011000000000000011111 1                       0100000001000                              
                    0111111111111111111111100111111101111000           01111111000000000000001111111                11000000000000                              
                01111001111111101111111111110011111111110111          0 111111111110        000000000111            10000000000000                              
              1 1111111110 0    0111100000111 011111100111110      0111111111111110            00000000000       010000000000000                                
               11011111110      00111011111110 111111111101110    011111111000111110            00000         01111000 000000000                                
              00010011111100000011111011111111 0111111001101110 001111111101011100110         0110010       01111100000000000000                                
               0000100111111111111110011111110 01111111110  01111111111100111111110011      001111110        0100000000 00000000                                
                  000111111111111110011111110 011111111010  01111011111111110  01111110    011111011100     11000000000 0000000000                              
                    00011111111111011111111  01111111111111111111111111111      0011111101111101100111100 0000000000000  00000000000                            
                         01111111111111110 011111   11111111011111111111110       0110011011001100100000000000000000000  0000000000000                          
                            0111110110000111110001 1   1111111 11111111111110   00111101100000000000000000000000000000   0000000000000                          
                                001001 1  0110000001111111111 111111111111111000111111100000000000000000000           000000000000000000                        
                                     11   000100000001111111111111111111111111111100000000000000000000                    000000000000                          
                                        1   10110000111111    000000001111000000000100000000000110000    0                    0000000000                        
                                            00011111111111     00000010000000000000001001111100000 0000000                                                      
                                                 01111111   11  01011100111111111111 11000   0000000000000                                                      
                                                   0011     11  0000000000011000000              000000000                                                      
                                                               110    00000000                       00000                                                      
                                                                 0000000011111                                                                                  
                                                                  0000011111  1                                                                                 
                                                                   01000111111                                                                                  
                                                                     0111110                                                                                    
                                                                       001 1                                                                                    
                                                                           0                                                                                    
                                                                                                                                                                
                                                                                                                                                                
                                                                                                                                                                
