                                                                                                                                                                
                                                                                                                                                                
                                                                                                                                                                
                                                                                                                                                                
                                                                                                                                                                
                                                                                                                                                                
                                                                                                                                                                
                                                                                                                                                                
                                                                       00001                                                       00111                        
                                                                000111111111                                                  0111111111                        
                         0001111111111111111111111100      001110000000111111111                                           0111111111111                        
                   00111111111100000001111111111111111    000  0000000000011111111                                      01111111111111                          
              0111111111111111111100000111111111111111 0         0000000000001111111 1                                1110111111111111                          
            1 1111111100100011111111111101111111111111          00000000000000000000011111 0                       0110000011111111111                          
            0101111110      0111100011110011111111111100          001110000000000000000000011111                  110000000111111111                            
             0100111100   0 01110011111100111111111111 1          0 111111110000     000000000000011            11000000001111111111                            
              010011111110011111011111110 01111111111110      00111111111111110           0000000000          01100000000000111111                              
               00111111111111110111111110 111111111111110    01111111111111111             000000         0011100000000000000000                                
                  0111111111100111111110 01111111011001110  01111111110001100110          0110110       011111010000000000000000                                
                    111111110111111110  011111111110  011111111111100011111111111        01111110       011110100000 00000000000                                
                      1 1111111111100001111111111010000111101111111111100001101110     011100111000    0110100000000 00000011000                                
                        0 1111110000011111   11111111111111111110111000    0111111000001100110011110  01000000000000 000000000110011                            
                           010001 111110001  1  111110111111111111110        01100111011001001100100000000000000000   00000000000000                            
                              1111 01100000111  1111111  11111111111110     00111011100100000000000000000000000000    0000000000000000                          
                                1   010000001111111111  11111111111111100 0111111100000000000000000000             000000000000000000000                        
                                  0 11100001111111    111111111111111111111111000000000000000000000                   000000000000000000                        
                                      0 111111111      01000000111110000000000000000000000010000000000                   000000000000000                        
                                        0 11111        000100000000000000000000000001111100000 0000000                        0000000000                        
                                          011     111111111111110011110011110011111100  00000000000000                             0000111                      
                                              0  11111 000000000000011111111100               00000000                                                          
                                                           0  00000000000000                                                                                    
                                                            000000011111  1                                                                                     
                                                             0110011111111                                                                                      
                                                               011111110                                                                                        
                                                                  0011 1                                                                                        
                                                                       00                                                                                       
                                                                                                                                                                
                                                                                                                                                                
                                                                                                                                                                
                                                                                                                                                                
