                                                                                                                                                                
                                                              01                                                                                                
                                                            0110 0                                                                                              
                                                           110100011000011                                                                                      
                                                          1001000100010000111001                                                                                
                                                        010000000000000000000000000111 1                                                                        
                                                       01000 000 000  000 000000000000000111                                                                    
                                                      01 00  0  000000000000000     000000000111                                                                
                                 1111 1          001111     0001111111111111110           00000111                                                              
                                111111111  0101110  00            011111111110             00 000111 0                                                          
                                111111111111111110                 111111001110            0100000011                                                           
                                11001000111111111111100            011110001001100       011111110  00 1                                                        
                                  0001111111111111011110          0110110001110011     00111111100     0                                                        
                                 010111111111111111011111011      011110001000000100000111111110                                                                
                                 011111111111111011011011001100    001110000   0000000000001011110      0110                                                    
                               0110011111111111101000101001100100001010000       00000000000000110    00011110                                                  
                             0110011100000000000000010011000000000000000000     00000000000000000000001111111110                                                
                            0110111110000000000110000000000000   000000000000  000000000000000000000000111111111110                                             
                          1110011111000000000000000000000000000  0000000000000000000110000000000000000000111111100111                                           
                        0111011111000000010000000000000 0000000000000000000000111000       00  00000  00000111110000111                                         
                        0111111110000011000000000000000  0000000000000000111000              0000000 0  0000001000000011                                        
                        0111111000001111000000000000000 000000100000000000                     00000      00000000000101 0                                      
                        0111111011001000    00000 00000 000100000111   00   000000               000       000000001111111                                      
                       01111110100000     0 00000 0000000  000001111  11  00000000                         000011111111111 1                                    
                       011111111000000  00 000000000000000  0001111111      000000                         00011111111111111                                    
                      011111000000000000000000000000100  011100011111111   1 00000                         001111111111111111                                   
                        000000000000000000001000            011111111111    11 000                        0111111111111111111110                                
                         00000000000000                         00011111 1                                111111 10    1  11111                                 
                                                                                                          1111                                                  
                                                                                                         11111                                                  
                                                                                                        0111                                                    
                                                                                                        111111                                                  
                                                                                                        11 1                                                    
                                                                                                      0   1                                                     
                                                                                                        1                                                       
                                                                                                      1                                                         
                                                                                                    01                                                          
                                                                                                                                                                
                                                                                                                                                                
                                                                                                                                                                
