                                                                                                                                                                
                                                                                                                                                                
                                                                                                                                                                
                                                                                                                                                                
                                                                                                                                                                
                                                                                                                                                                
                                                                                                                                                                
                                                                       0011                                                                                     
                                                                   0011111100                                                      0000000100000                
                                                                001000000111111000                                            000000000011 0                    
                                                              01000000000000111100000                                     000000000001111000                    
                                             000000000    0 0000000000000000000011000000000000                          0000000000011100 0                      
                                      00111111111111111100       0000000000 000000000000000  0000000                 000  00000001111111 0                      
                              0000111111111111111111111111        0000011100000000000000000000  00000000           000      000111111001                        
                          00111111111100011111111111111000      00000000111111000000       00000                 000      000110000000                          
                      0011111000001111100011011111111111100000000000000011111100000           00000          0000000    00000000111111                          
                    000000001111111111111011101111111111000010 000000011111110000000        0  011110       0000000  000000000000000                            
                 0111000000111110011111010011101111111101111110000000111111110000000100  000  00000000      0000 0000000000000000000                            
               011111110110 00   01111001001110011110001111011100  011111110111000000010 00001100000000    0000000000000000000100001                            
               1111111111100   00001110000111110011110111111001110111000111101100000011100000100000000000001000000000000000000111111                            
               011110111111100000111110001111110011111111110  011111001000111100  001100111111000000000000000000000000 000000000111000                          
                  000001111111111111100011111110011111111111000111111000000110  0  0 011000000000000000000000000000000 00000000000000000                        
                     00111111111111100111001100011111111111111111111110011111100    0011000000000000000000            000000000000000000                        
                        000000001110011111100011111111111111111111111111111111110000110000000000000000000000            000000000000000000                      
                            000111111111000011111101 111  11111111111111111111110000000000000000000000000000               000000000000000                      
                                000000000111111100001111111101111111100000011000000000000000000000   0000000                  000000000000                      
                                    001   1100011000111011111111001100000000000000000000100100                                   000000000                      
                                        01111110111000001100000000000000111000000000111000          0                               0011 0                      
                                           0001111111000000000000000000000000000000                                                    000 0                    
                                            000000000 00000000011110000                                                                                         
                                            000011     00011       0000000                                                                                      
                                                           0        0001000  0000000                                                                            
                                                              0        00100000000                                                                              
                                                              0 0          0000000                                                                              
                                                                               00000                                                                            
                                                                                                                                                                
                                                                                                                                                                
                                                                                                                                                                
                                                                                                                                                                
                                                                                                                                                                
