                                                                                                                                                                
                                                                                                                                                                
                                                                                                                                                                
                                                                                                                                                                
                                                                                                                                                                
                                                                                                                                                                
                                                                                                                                                                
                                                                         0000000                                                    11                          
                                                                 0001111111111                                                    11                            
                                                             0011000000000111111                                                  00                            
                                       00001111111111100  00000 00000000000011111111                                            1000                            
                               000011111111111111111111100         0000000000000111111                                        0 0000                            
                          011111111100001111111111111111 0          00100000000000001111 0                                   0100000                            
                      011111000001110000000111111111111100            0111100000000000001111 0                              11000000                            
                   011111111111111111111111001111111111111 0         011111111111100   00000111110                        0100000000                            
               011111001111111001111110011110011101110111110      011111111111111000       000001111 1                  0 1000000000                            
              111111111110      01111001111110011111111100010     1111111111111110            0000000111               1100000000000                            
             011111111111       00111011111111 011111101111110   111111111001100110            00000000001           111000000000000                            
               0110011111100000011111011111111 01111111110 01111111111100111111111110        01110000             0110000000000000                              
              110000 1111111111111110011111110 01111111110  1111011111111110001101110     0001111110        011111111000  00000000                              
                 0000111111111111110011111110 01111111111101111111111111000    1111110000011110011100        01111010000 000000000                              
                   0 0111111111111011111110 001111 1111111100111111111111       0110111111110111011111     1110110000000  00000000                              
                         01111111111111100 011101   1  11111111111111111110     0111011011101101110111000011011001000000 00000000000                            
                            011111000000001110000011111111111 11111111111110 0011111111111100100110010011000000000000000  00000000000                           
                                 001111   001100000001111     111111111111111111111110011000000000000000000000000000000   000000000000                          
                                    0      001110001111111   1 000001111110111111100000000000000000000000000     000000   000000000000 0                        
                                         01  1011111111111     1000000000000000000000000000001001000                   00000000000000000                        
                                             000001111111     110011100001000110001101111110000000                       000000000000000                        
                                               000001111      11 000001111111 111110000   000  000000011                     00000000000                        
                                                 000    000  111 0   000000                  00000001111                         000000000                      
                                                               0000000000000                   011111100                                                        
                                                                0000000011111                     0011                                                          
                                                                 100000011                                                                                      
                                                                  11000011                                                                                      
                                                                   01110                                                                                        
                                                                     011                                                                                        
                                                                        1                                                                                       
                                                                                                                                                                
                                                                                                                                                                
                                                                                                                                                                
