                                                                                                                                                                
                                                                                                                                                                
                                                                00000                                                                                           
                                                         00011111111                                                                                            
                                                    0011000000000000                                                                                            
                       00000111111111111111100   001000000000000111111                                                                                          
                001111111111111111111111111111 0        000000000001111111                                                                                      
           00111111000000000001111111111111111           0000 000000000111                                                                                      
        01111100111110111111111101111011111110            0111000000000001111                                                                                   
     0111110011111110101111111111001111111110111          0111111100  0000001111                                                                                
    11111110110      0001100000011 0110111111111        0011111111111100 000000011                                                                              
    11001111110      0011100111111001111111110110     011111111111111100     0001111 0                                                                          
     010001111100000001111011111111 0110110111111    0111111111011111          0000011 1                                                                        
       0100111111111111110011111110 0111111110001100111111111101110110            0000111                                                                       
       000111111111111110011110110 0111111110   11111111110011111111110           00000011                                     000000                           
            011000111110001111110 00111111101001111111100111110 0111110         011000000111                             00011000000                            
              00110000011111110 001111 111111110111111111110     111110    000011111110   00                        00111000000000                              
                  0111000000000010011  1  111111111111111110      01111000011110011110                         0011110000000000000                              
                     0000000010000  0111  111111 111111111111    00110110111101101110         00         00111100000000000000000                                
                        0 11100000 011111 11111111111111111110001111111101101101111111       00111111111110000000000000000000000                                
                          1100000000111110011011110001111111111111111111111111111011110   0111111111111000 0000000000000000000                                  
                          10000000000011110100000000000111000000011000001000000001111111111111011001000000 00000000000000000                                    
                        0 000000101110001 1111110110110000000000000000000000000000000001011111111101100000 000000000001000                                      
                         11111111111        0001000000001111111100010001000000000000000000000010010010000 0000000000000                                         
                         11111111 11             0     0000000000000000000000000000        0000000000000 0000000000000                                          
                         111 1                   1000000000                0    00000          00000000 000000011000                                            
                                                  0001011111 0              000000111111          00   0000000000000                                            
                         1                       01010111111 1               011111110             0000000000000000000                                          
                                                  10111111                     01110                 00000000000000000                                          
                                                    1110                         01                   0000000000000000                                          
                                                    1111                                               01000000000000000                                        
                                                       1                                                 11000000000000                                         
                                                                                                          01100000000000                                        
                                                                                                            0010000000                                          
                                                                                                               0110000                                          
                                                                                                                  0011                                          
                                                                                                                      00                                        
                                                                                                                                                                
                                                                                                                                                                
                                                                                                                                                                
