                                                                0                                                                                               
                                                             011                                                                                                
                                                           1101100                                                                                              
                                                         11001000110000011                                                                                      
                                                       0100000010000000000011                                                                                   
                                                      110000000000000000000000001111 0                                                                          
                                    11               10 00  0   00   000  000000000011 1                                                                        
                                  0  1         0001010     0000100000000000000   000000111 0                                                                    
                                  11111111011110             00001111111111110        000011 1                                                                  
                                 11111011111111111 0             01111110111             00011 1                                                                
                                  0001111111111111110            0111111011110            000011 0                                                              
                                 1011111111111110111100         011011000100110         0011000011                                                              
                                01111111111111111011111011      0111110000110011     00011111110 0                                                              
                              011111111111111101101101100110     1011001100010110   011111111000                                                                
                            0110001111111010010100011100100010 0010110100   000011001111111110                                                                  
                           111011110000000000000001001100000000010010000      00000000011111110       0                                                         
                          1100111110000000001110000010010000  00000000000     00000000000000110   0001110                                                       
                       11110111111000001110000000000001001000 0000000000000 000000000000000000100011111111                                                      
                      0111111111000000000000000000000 000000000000000000000000000000000000000001111111111110                                                    
                       111111110001111100000000000000 00000000000000000000001111100000000000000001111111111110                                                  
                      0111111100001111   00000 000000 000000000000000011110000          0   000  0111111111001 0                                                
                      11111111000000      0000  00000000000110000000000                  0000000   0011011000001 0                                              
                     01111111100000    0 000000 0000 0  0000001111100     0000            000000    00111000000001                                              
                     11111101110000000000000000000000000  00011111   10 000000              11       000000000000011 0                                          
                    01111110000000000000000011001110   1110000111111 1 1000000                       0000000111111100110                                        
                       0 00000000 0000000000             00111111111   1100000                       0001111111111110000110                                     
                       0000000   00                          0011111  11 00000                      00011111111111111000000110                                  
                                                                     00   10 0                     0111111111111111111100000001                                 
                                                                                                   1111111 1                                                    
                                                                                                  01111111                                                      
                                                                                                  111111                                                        
                                                                                                 0111111                                                        
                                                                                                 11111 1                                                        
                                                                                                  1111                                                          
                                                                                                0 1111                                                          
                                                                                                0 11                                                            
                                                                                                0 11                                                            
                                                                                                01                                                              
                                                                                                                                                                
                                                                                                                                                                
