                                                                                                                                                                
                                                                                                                                                                
                                                                                                                                                                
                                                                                                                                                                
                                                                                                                                                                
                                                                                                                                                                
                                                                                                                                                                
                                                                                                                                                                
                             000000000000000                                                                                      0001                          
                    001111111111111111111111111111100        000000111111111                                                   01111                            
               011111111111100011000000111111111111111    00000000000001111111                                              01110001                            
            0 111110110111111111111111111111111111111110        0000000001111111                                          1110001111                            
            0 01111110      01111111111101111111111110           00000000000111111                                      0110001100                              
             110111110      011100110111011111111111110           011000000000011111 0                                01100011000011                            
              01011111100001111101111111 0111111011111            1111100000 00000011111 0                            100001000011                              
              00111111111111110011111111 01111111111110       00011111111100000  0000000111111                     110000000011000                              
                  1111111111100111111110 01111110111111     0111111111111111100       000000011111               011000000010000 0                              
                   0111111100011111110  0111111111000110   011111111111111110            00000000111            1100000000000000                                
                      11111111111110  001111111111   1111111111111111011100110            000000000           111000000000000000                                
                      0 1111111100000111111111111100011111011111100111111111110          0110000         001111000 00000000000                                  
                         0100000111111111   11111111111111111001111110000111111      0001111110       0 1111101000  0000000000                                  
                             111 010000 0 11  11111111111111111111       1111110  0 011110011000      0011100100000 0000000000                                  
                                10100000001111111111  1111111111110       01101111111110111011111    01111100000000 000000000000                                
                                11110000111111    11  11111111111111    0001110110011001100100110100010010000000000 0000000000000                               
                                  0 0111111111     111111111111111110000111111111100100000000000000000000000000000  000000000000000                             
                                     111111111     10110001111111111111111111110001000000000000000000100000000000   0000000000000000                            
                                    0 11111     11 000000000111110001100011000000000000000000000000              0000000000000000000                            
                                      01       111111111011100000100000000000000000000011000000                    0000000000000000000                          
                                          1   111  0000000000011111111110001111111111000000   000000                   000000000000000                          
                                                       0   00000000000111100000      000000000000000                       0000000000000                        
                                                       00000000000000000                 000000000                                                              
                                                        00000011111 11 0                    00001110                                                            
                                                         01001111111   0                                                                                        
                                                           1111111                                                                                              
                                                             01111                                                                                              
                                                                01                                                                                              
                                                                                                                                                                
                                                                                                                                                                
                                                                                                                                                                
                                                                                                                                                                
