                                                                                                                                                                
                                                                                                                                                                
                                                                                                                                                                
                                                                                                                                                                
                                                                                                                                                                
                                                                                                                                                                
                                                                          00                                                                                    
                                                                      001111                                                                                    
                                                                   01111100011                                                        0000000000                
                                                                010000000111111000                                              00000000001100                  
                                                             011000000000000110010000000                                    000000000000111000                  
                                               0000000    00000 00000000000000000000000000000000                         00000000000011111 0                    
                                       0011111111111111000       00000000000000000000000000  0000000                  0000 00000000111101000                    
                                00001111111111111111111111        00000011100000000000 0000000   0000000            000   00000001111111 0                      
                           0011111111100111111111111111000      00000000111111100000         000                 0000      0001110000000                        
                       001111110000000100001011111111111100000000000000011111100010            00000        000000000    000110011111101                        
                     00000001111101111111011100111111111000011 00000 0111111100000000       0  011110        000000    000000000000001                          
                  0110000001111101111111100111001110011011111110000 0111111110000000100  00  000000000      0000 0000000000000000000                            
                01111110110000  000111100001110011110001111011100  001111110011000000010   001100000000    000000000000 000000000000                            
               111111111110     0000111000111110011110111011001110111000111101100000111100000000000000000000000000000000000000111111                            
               0111101111110000000111110011111110011111111110 001111001100011000   00100111001000000000000000000000000 0000000011111 0                          
                 0000001111111011111110011111110011111111111000111111000000110  00   01100000000000000000000000000000000000000000000000                         
                    0000111111111111100111001100111111111111111111111100111111100   001100000000000000000             000000000000000000                        
                        001110011111001101110001111111111111111111111111111111110000110000000000000000000000            000000000000000000                      
                           00000111001111100011111111 111 11111111111111111111110000000000000000000000000000               000000000000000                      
                               000000000001111110000111111110111111110000000100000000000000011000    0000000                 0000000000000                      
                                    00001   1001100001110111011000010000000001000000000011000             00                    0000000000                      
                                        0111111011100001110000000000000011100000000011100                                          0111000                      
                                           001111111100000000000000000000000000000                                                   001 0                      
                                           0 000000 0 100000000111100000                                                                0                       
                                            000000    000010       0000000       000                                                                            
                                                          01        0000000  0000000                                                                            
                                                                       0000000000000                                                                            
                                                              0             00000000                                                                            
                                                                                 000                                                                            
                                                                                                                                                                
                                                                                                                                                                
                                                                                                                                                                
                                                                                                                                                                
                                                                                                                                                                
