                                                                                                                                                                
                                                                                                                                                                
                                                                                                                                                                
                                                             000000000                                                                                          
                             0000000000               00000111111111                                                                                            
                 00111111111111111111111111110    00110000000000011111                                                                                          
           0011111111100000000111111111111111100        0000000000111111                                                                                        
       001111111111110111100000011111111111111 1         00000000000011111                                                                                      
    011111101111111111011111111100111111111110          000100000000000111                                                                                      
    11011111110      011110000111011111111110111          0111110000 00001111                                                                                   
    11101111110      001110111111001111110111111         01111111100000000001111                                                                                
    000000111110000001111001111111 0111111110111     0011111111111111100   0000011                                                 000                          
      0100111111111111110011111111 01111101111110    1111111111111110         000011 1                                      00011111                            
      0   11111111111110011111111  1111111110 01100011111111100110111            0001111                                0111000000                              
            11101111110001111110  0111111110  011111111110001111110110            00000011                          0111100000000                               
              01100110111111110 011111111111001111111100111110001101110         00000 000111                     011100000000000                                
                0111111111000001111   11111111111111111111000   011111      00011111100   00                 0111100000110000000                                
                    010000001111000  1  1111111111111111110      011111000011111111110                    01110000000000011111                                  
                      0 1 1100000 0111  111111  111111111110      1101111111101101110         00000 00011110000000000111100000                                  
                         010000000011111111111111111111111110  011110011011011110111110     0 011111111100000000000000000000                                    
                          0000000000001001101111101111111111111111111111111011001101110    011111001000000 0000000000111101                                     
                         10000101111110000100000000001111000111111011001100000001101111111110110110010000000000000000000                                        
                         01010111111   01 1111001101100000000000010000000000000000000000000100111110000000 00000000000                                          
                         11111111   1110  000110000000011110011000000000000000000000000000000000000000000 000000000000                                          
                         111 11   1111         00000 0000011111111111111110000000000         00000000000  000000111000                                          
                        0  1      11           00000000000000             00       00             000    00000000000000                                         
                          1                    010000011111100             0000000000111             0000000000000000000                                        
                                                1010111111  11               011111111                000000000000000000                                        
                                                  011111111                    0111100                  000000000000000000                                      
                                                  111101    1                     01                     00000000000000000                                      
                                                   111                                                     000000000000000                                      
                                                     1                                                        00000000000                                       
                                                                                                                 000000000                                      
                                                                                                                      000000                                    
                                                                                                                                                                
                                                                                                                                                                
                                                                                                                                                                
                                                                                                                                                                
                                                                                                                                                                
                                                                                                                                                                
