                                                                                                                                                                
                                                                                                                                                                
                                                                                                                                                                
                                                                                                                                                                
                                                                                                                                                                
                                                                                                                                                                
                                                                      00                                                                                        
                                                                  001111                                                                                        
                                                              001111100011                                                                                      
                                                           0010000000111001100                                                                                  
                                                         011000000000000000011100111                                                0011111111 111 0            
                                        000000001100  00000  0 0000 000000000000000000011111                                  0011111111111111     1            
                               00011111111111111111110          00000000000  000000000000000001111                        01111111111111111111                  
                        001111111111111111111111111111            01111000000000     000000000000000                  0111100011111111111111                    
                    0111111100000000001111111111111110              111111111110          000000000000             0111000000011111111111111                    
                 011111011111111111111110011111110111111          0111111101110             00000               01110000000000111111111111                      
              0111001111111111111111111110011101111111111       01111111111111110          0111110        111111111000000000001111111111                        
            111111101100111000011100000111 011111101110101     01111111100111001100      001111110        011111110100000000011111111111                        
           111011111110      00111011111110 011101111111110    111111100111111100110    011111111100    0110110010000000000000001000                            
            1110011111100000001111011111111 01111111011000111111111111111100 0111111000001101100111100001111101101100000000000011111                            
              00000111111111111110011111110 01111111110   1111101110011100    001110111011001001001101100000000000000000000011111111                            
                00011111111111110011111110 001111111101000111111111111110        110001000000000000000000000000000000000000011111111                            
                 000111111111110001111110 011111111111111100111111111111110    0111110000000000000000000         000  000000001111111                           
                      0111101000111111000011111  111 1111111 1111111111111100001110000000000000000000               000000000011111111                          
                          011110000000011110000111   1111111  111111111111111110000000000000011000  0000              000000001111111101                        
                              00000011 1010000 01111  11111111110000011110000000000000001111000  0000000                0000000111111111                        
                                        0011000000001100110000000000000000000000000111110    00000000000                  00100011111001                        
                                      0   11110001111111000000001001110001111111 1100             000000                     01110011110                        
                                            0111111111    0111110000000011111000                                               011100111                        
                                             001111111  11 0000000    0000000000                                                 011100                         
                                              0   01             000000000011111                                                   01111                        
                                                      0 1          01111111111 1                                                     0                          
                                                                      01111111                                                                                  
                                                                         00111                                                                                  
                                                                                                                                                                
                                                                                                                                                                
                                                                                                                                                                
                                                                                                                                                                
                                                                                                                                                                
                                                                                                                                                                
