                                                                                                                                                                
                                                                                                                                                                
                                                                                                                                                                
                                                                                                                                                                
                                                                                                                                                                
                                                                          0                                                                                     
                                                                      0011                                                                                      
                                                                   01111000                                                                                     
                                                                0110011001110011                                                                                
                                                              0110000001100011001111                                                                            
                                                            01100000000000000001000000011111                                     0001111111111     1            
                                                          0000  0  000  000 000000000000000000001111                        00111111111111111111                
                                          0001111111111000          00110000000000 000 000000000000001                   011110011111111111111                  
                                     011111111111111111111             0111111100100         00000000000             0111100000011111111111111                  
                               00111111111111111111111111100            11111111110            00000              0111000000000011111111111111                  
                           01111111000000001111111111111110010        00111111111110           111010       011111111000000000011111111111                      
                       011111000111111000011100111111111111111       011111110011001100       0111110        11111110000000000011111111111                      
                     0111101111111111111111111000011011101111110     0111111111111111110     1111011100    0110100100000000000001111111                         
                   0111001111111100001100000011000111111111101110   0111111000110001001100000110110111100 01011011000000 00000000000                            
                 1111110011000     001110011111100111101110110001111111111111111   0111011100100100000000000000000000000000001111111                            
               0110011111110     0 00111011111111 01111111111   011110111001110       0100000000000000000000000000000000000000111111                            
                111110111111000000011111011111111 01111111100000011111111111110      01110000000000000000000     00000  00000001111111                          
                 0010000111111111111111001111011000111111111011110011111111111111   01100000000000000000             000000000001111111                         
                    00000111111111111100011011100011111 11111111011111111111111111000000000000000100000000             00000000111111110                        
                       0011111000011110111111100111111  11  1111111 1111111111110000000100000111000 000000               000000011111111                        
                            001111000001110000111100001111111111111111000000001000000000011110000000000000                 000001111100111                      
                                000011000000 1101100 01111111101100000000000000001001111100          0000000                 01111001110                        
                                      00       00110 001111100011000000101110011111110                                         011100011                        
                                        0000001110110 000111111111111110000000000                                                0111100                        
                                        100000000  0110000000000000100000     00000000                                             01111                        
                                        10000000      10010         000000000000000111                                                0                         
                                        11              10 1         00000010000111111                                                                          
                                                        0 11            000011111111                                                                            
                                                                                0111                                                                            
                                                           1                         0                                                                          
                                                                                                                                                                
                                                                                                                                                                
                                                                                                                                                                
                                                                                                                                                                
                                                                                                                                                                
