                                                                                                                                                                
                                                              0000 1                                                                                            
                                                         001111111                                                                                              
                                                      0100001000001111                                                                                          
                                                    11000000000011000111                                                                                        
                                                 0110 0000 000000000011111                                                                                      
                                       0001100    00     00000000000000000111                                                                                   
                                  00111111111111          000111110000   0000111 0                                                                              
                               0111111111111111110            1111111100000 000111 0                                                                            
                            01111111111111110111100           1111111111110     0011 0                                                                          
                         01110011111111111111111110110      0111111101110          011 0                                                                        
                       1110011100000000011100110110111     011111100110010           011                                                                        
                     11101111100000000010000110110010010   0111110011110110          0001                                                                       
                 0111101111110000000011111000011101100110001111100110011011        0010000 0                                                                    
                01110111111000001111000000110001011010  011001101110  01111    000111111001                                                                     
                01111111110111110000000001111100101100  0111111011     0111100011111111110 0                                                                    
               0111111111011111   0001000111000 0111000000011011010     010111111111110                                                                         
                1111111001000      000000000000 01000000000000000000   0110011101111111                                                                         
              11111111100000       00000000000 0000000000000000000000000000000011111111       110                                                               
             01111100000000000000000000 0000000000000000000000000000000000000000001111100000011111                                                              
              0000000000000000000000000000000   00100100000000000000000000000000000001111111111111100                                                           
               00000000000000000000000000000010 011111111010101111111111111010000000001111111111111111111000                   000                              
                        0 00000000000011    1110 001111000000000                00000000011111111111000000001111111000011111111111                              
                                  0             0     0000 0                    0000000  011111101010000000000000000000000000000                                
                                                11000  000000 0 0000000          0001110   01111110000000000000000000000000000                                  
                                                  1000 0000 000000000000         111 1      001110000000000000000000000000                                      
                                                  1101       000000000           0 1        00000000000000010000000000                                          
                                                   101        010000               1        000000001100110000000000                                            
                                                  01 0         01100                        0000001101110000                                                    
                                                  1                                         1000010111111000                                                    
                                                  1                                         11101010111000                                                      
                                                                                            01101001000000                                                      
                                                                                            01010100100000                                                      
                                                                                             1110010000000                                                      
                                                                                              111000000000                                                      
                                                                                               11000000000                                                      
                                                                                                11000000 0                                                      
                                                                                                 0110000                                                        
                                                                                                   01000                                                        
                                                                                                     000                                                        
