                                                                                                                                                                
                                                                                                                                                                
                                                                                                                                                                
                                                                                                                                                                
                                                                         0                                                                                      
                                                                     001                                                                                        
                                                                  01111100                                                                                      
                                                                11001100111000                                                                                  
                                                              11000000111001110011                                                                              
                                                            1100000000000000001100000111                                                                        
                                                          010  00 000  000 000000000000000011111 1                                                              
                                                  0000 0  0        000100000000000 00000000000000111 1                                       0000000000         
                                           011111111111110            0011111110110        0000000000011                             000111110000000            
                                      01111111111111111111              11111111110            0000000001                      0011111100000000000              
                                  0011111111111111111111110000        00111111011110           000000                    00111110000000000000000                
                              011111000000111111111111101111111      011111110011001100       0111111               0001111000000000000000000000                
                           01111111110000000111001111111111111100    0111111111011111110    001101110         11111111100000000000001111111000                  
                        111110001110111111111111000110111011100110   01111100011000101110 0001111111111     01111111111100000000000111110000                    
                      0 111111111111111111000001100011101111111011101111111111110  0111111111100111111100 0011111101100000000000001111111111                    
                      11111111111000000111001111111001111111110  01111011101110       11001001001011001111111111111001000000000000000000                        
                   111111001110       00110011111111 01111111000 011111111111110     0111000000000000000000000000000000000000000001100                          
                  1111111111110    0 001111011111110 01111111101111011111111111110  01100000000000000000000000000000000000000011111000                          
                 11111101111111000000111111011110010 01111111111110111111111111111111100000000000000000            000  00000001111111                          
                  011100000111111111111111001110110 01111  11 1111111 11111111111000000100000010000000  0000         00000000000111111                          
                     00001 01111111111111001011110 011001 11  11111111110000001100000000011111000  000000000          000000000000111111                        
                         00011111000000000011110 011100 01111111011000000000000001001111110      000000000              1000000011111100                        
                               000111110110000000010000 0111111001100000110111011111100             00011111             010000111000111                        
                                       00000     01000000011111101110111100000000                         00              01000011110000                        
                                       0000000001011000000001111 111111000         000                                      01111000110000                      
                                      1000000000000 0000001111 0    0  000000000000111                                        0111100011 0                      
                                      1000000000   11000011111       00000001000011111                                          01111000                        
                                      0100           101111111        0000000111111111                                             01111                        
                                                      111111            00     0011111                                                0011                      
                                                      0  1                         001                                                                          
                                                        0                                                                                                       
                                                          0                                                                                                     
                                                                                                                                                                
                                                                                                                                                                
                                                                                                                                                                
                                                                                                                                                                
