                                                                                                                                                                
                                                                                                                                                                
                                                                                                                                                                
                                                                                                                                                                
                                                                                                                                                                
                                                                                                                                                                
                                                                       01                                                                                       
                                                                    011110                                                                                      
                                                                 01111100111                                                                                    
                                                              011000000110001100                                                                                
                                                            0100000001000010001110011111                                        00011111111111111100            
                                                          010 000000000000000000000000000111111111                         0011111111111111111111               
                                          000111111110            00000000000  00000000000000000001111                  011110011111111111111111                
                                  0001111111111111111111          00011110000000000      000000000000001             011100000001111111111111111                
                            0011111111111111111111111111            0 111111111110           0000000             00111000000000011111111111111                  
                       00111111100000000111111111111111000           011111111111            0110010      0011111111000000000001111111111111                    
                    011111000111111101111100111111101110111        0111111111111110          0111110        011111110100000000011111111111                      
                 0011111111111111111111111100111011111111110      0111011100011001110      00110111000    01101101100000000000000111111                         
               11111101110110000001100000010 0111111011100111     11111111111111110111     111111111110  01111101100000000000000111111                          
             011011111110       0011001111110 01110111111111100001101111000110000111111000001001001011110100000000000000000001111111                            
               11111111100  00 00111001111111 011111111110  011111111111111100   00111011101000000000000000000000000000  0000001111111                          
              1001000111110000111111011111110 011111111010  0111111111011110        110001000000000000000000        00   0000000111111                          
                0001001111111111111001110010 001111111110100111111111111111100    0111110000000000000000               00000000011111111                        
                   001111111111111000111111 00111111111111110011111111111111110000111000000000000000000000               000000011111111                        
                        01111000100111111000111111  11  1111111 11111111111111111100000000000010000 000000                 000000111111111                      
                            0111110000000111110000111   1111111111111111111110000000000000111000000000000000                 0000011111111                      
                                0000001   010000 011111111111111110000000000000000000011100         00000000                   01111111111                      
                                    0     010000000000000011000000000000100001111111110                                          011111111                      
                                       0000 000000111111100111000011111110011111000                                                1111111                      
                                      100001100001111111  101111111000000000000000                                                  0  1                        
                                      100000 11111111111             000 000000111                                                    0  1                      
                                      10    0 11111111                 00000011111 1                                                    11                      
                                              1 1111                     011111111                                                                              
                                                1  1                         00111                                                                              
                                                  0                                                                                                             
                                                                                                                                                                
                                                                                                                                                                
                                                                                                                                                                
                                                                                                                                                                
                                                                                                                                                                
