                                                                                                                                                                
                                                                                                                                                                
                                                                                                                                                                
                                                                                                                                                                
                                                                                                                                                                
                                                                         000                                                                                    
                                                                   0011111                                                                                      
                                                               0011111100001                                                                                    
                                                            01100000000111111111                                                                                
                                                         0110000000000000000111111                                                                              
                                         0001111111100  00       00000 00000000011111                                                         0                 
                                   011111111111111111110         00010000000000000000011                                                    01 0                
                             0011111111111111111111111 0            011111110000000000000111 1                                           01100                  
                        0011111110000000111111111111111000          0 111111111110     000000111 0                                    011000                    
                     0111110001111110011111011111111111111        011111111111110          000001111                               011000000                    
                  011111111111111111111111100011101101111110     0111111100111111            000000011                          011100000000                    
                 11100111111110000111000011110011111111101110   0111111110011001110          00000000111                     011000000000000                    
              011111101110      001110011111110011111101100110001111110001111111111         01111000  000                01110000000000000                      
            0111011111110       001110011111110 111111111   0111111111111110 0111110     00111111100                 001110000000000000000                      
             0011101111111000000111110011111110 0111111010 011111111011100    01111100001111101110          111101111100000000000000000000                      
              0 000000111111111111110011111110 01111111101111011111111111       01101111110111011111      001111111110000000000000000000                        
              0010000011111111111111000111110 0111  11111111011111111111110    0111011011011111111110   0111111001100000 0000000000000                          
                 0 0001111111111111011111110 00111  11  111111 111111111111000111111111111111111011111011111111101100000 00000000000                            
                        000111100011111110 011100 1111111111111111111111111111111111101100000000000000100111111110010000000000000000                            
                             01111100000000011000000001111  11111001011111011100110000000000000000000000000000000000000 000000000000                            
                                  0001     001100000111111     000000100000000000000000000010010000        000000000000000000000000000                          
                                       0001  01 1000111111    110001110001100111011111111000000000               000  000000000000000000                        
                                        0 0000001111111111    11 0000001111111110000     00  000000111              00000000000000000000                        
                                        000000000011111111    11 00                        00000011111               000000000000000000000                      
                                         0000000      011   1111 0 0000000000                011111111                  000000000000000000                      
                                           000                0 100000001111 1                 01111                      0000000000000000                      
                                                               000000000111111                     0                         0000000000000                      
                                                                 00000000111                                                    0000100000                      
                                                                   0001110                                                            00000000                  
                                                                       011                                                                                      
                                                                                                                                                                
                                                                                                                                                                
                                                                                                                                                                
                                                                                                                                                                
                                                                                                                                                                
