                                                                                                                                                                
                                                                                                                                                                
                                                                                                                                                                
                                                                                                                                                                
                                                                         0                                                                                      
                                                                     00111                                                                                      
                                                                  01111100                                                                                      
                                                               011001100111100                                                                                  
                                                             0110000000100011110011                                                                             
                                                            110000000000000000010000001111                                                                      
                                                          010  0  00000000 000000000000000001111                                                    0           
                                                00011100           000100000000000000000000000000011                                        00000000            
                                          0111111111111111             0111111101100       0000000000001                               00110000000              
                                     00111111111111111111100            11111110110            00000000001                       00111000000000000              
                                 00111111111111111111111111000        011111110111110          0000000                      00111100000000000000                
                              01111100000000001111111110111011       011101110001001100       01111110                 0011110000000000000000000                
                           01111011111100000111101111111100111110     111111111011110110    001100110         01111111110000000000000000000000                  
                        1111101111111111111111111000101110111001100  01111100011000111110 0001111111100     0001111111100000000000000110000000                  
                       111011111111111011100000111000111011101100111110111111110   011111111110011001110   011111101100000000000000111111000                    
                     011011111111100000011000111111100111111111   0111011100110       1100101101001101111011111101100100000000000000000001                      
                   011111100110       001110011111110 011111100000111111111111100    0111000000000000000000000011000000000000000001000                          
                  0 11111111110    000001110011111110 0111111100111011111111111110  01100000000000000000000100000000000000000001100000                          
                 01011010111111100000011111001111011 011111111111101111111111111111111000000000000000000         000000000000001111111                          
                   10010000011111111111111100111111 01111  1111111111111110111110000000100000000000000              00  00000000111110                          
                     000001 011111111111110010111100110001111111111111110000000000000000011111000    0000000          000000000000000000                        
                          00011111000000000011100 11110 01111111011000000000000001001111110     00000000000            0000000000000000000                      
                                0001111101000000101100000011111001100000110110011111000            0000000              010000001000000000                      
                                        00001   11010000000000100111111100000000                       000                0100000010000000                      
                                        00000000000 0000000111111111000000        0000                                      11100000000000                      
                                        0000000000011000011111111   0  000000000000111                                        011100000000                      
                                        0000000     110111111111     00000001000011111                                          0111100000                      
                                        00 0          11111111        0000000111111110                                             0011100                      
                                                      0 1111             0     0011110                                                  000                     
                                                        01                         001                                                                          
                                                                                                                                                                
                                                                                                                                                                
                                                                                                                                                                
                                                                                                                                                                
                                                                                                                                                                
                                                                                                                                                                
