                                                                                                                                                                
                                                                                                                                                                
                                                                11                                                                                              
                                                              1100                                                                                              
                                                              0010010001000 11                                                                                  
                                                            100000100100001000000000111111                                                                      
                                                          0100000000000000 000000000000000000111                                                                
                                   1                     11000 00 00   0  000  0       0000000000111                                                            
                                   1                    01 00  0 000000000000010           00000000011 0                                                        
                                01 1 11            001111     00011111101111111              00000000011                                                        
                                111111111      01110  00            011111100110            01111000                                                            
                                11111111110001111110                 11111101101100        011111100                                                            
                                  00000000111111111111100            011110001000110     111001110        00                                                    
                                 0100001111111111111011110          01100100000110010000000001001110        1110                                                
                                  0101111111111111110111110011      0111100010  00000000000000000000    01001111110                                             
                                   111111111111011011010011011100    00111000      0000000000000000000000111111111111100                                        
                                 11000111111111011010001010010001000010000000      0000000000000000000000000010111110011110                                     
                               111011110000000000000001001100000000000000000000   00000000000000000000000000000000100000001110                                  
                            001100111100000000001100000000000000   00000000000000000011000  0000  00000    000000000000000000110                                
                      111 011100111111000000000100000000000000000  0 00000000000011100         000000000     0000000000000011111 0                              
                        0 111001111100000011000000000000 0000000 00000000000011100                000000       0000000001111111111                              
                          110111110000010000000000000000  000000000000000001000    0                  00          0001011111111111 0                            
                         0111111000001111100000000000000  000000000000000000   00000                            0000011111111111111                             
                         1111111111011010    00000 00000 0000100000111  10   0000000                            00001111111111111111                            
                        01111110000000     0 00000 00000 00 0000001111   1 10 000000                            000011111111111111111                           
                        11111111100000   00 00000000000000    0001111111     000000000                           1111111 11  11 111 10                          
                       0111100000000000000000000000000100 01000001111111            00                           1111111         1                              
                         0100000000000000000000000          011100111111 1                                      011111               1                          
                           000000  00000                      0011111111                                        01111110                                        
                                                                    000000                                      1111 1                                          
                                                                                                               011                                              
                                                                                                                1 10                                            
                                                                                                                1                                               
                                                                                                             110                                                
                                                                                                            1                                                   
                                                                                                                                                                
                                                                                                                                                                
                                                                                                                                                                
                                                                                                                                                                
                                                                                                                                                                
