                                                                                                                                                                
                                                                                                                                                                
                                                                                                                                                                
                                                                                                                                                                
                                                                                                                                                                
                                                                        00                                                                                      
                                                                     00111                                                                                      
                                                                  0111110001                                                                                    
                                                                0100010011100100                                                                                
                                                              110000000100011001100000                                                                          
                                                            010000000000000000000000000000000000                                       000000000000             
                                                    00    000   0 00000000 0000000000000000000000000                           0000000000000000100              
                                          00011111111110 0        0000110000000000000  000000000000000                     000000000000000001110                
                                     001111111111111111111        00  0011111100000          00    00000               00000000000000000111111 0                
                                0011111111111111111111101000  0 0000   011111100010            000                 000000 00000000001111111110                  
                           0011111100010001111111111111111001000 0   0011111110001000      0  0111100       00000110000    00000011111111111                    
                        001111100011110100011101111111111001110    0 011111110001000100      00111110        00000000000  0000011100111000                      
                      0110000111111111111111110010110011011111110    0111111111000100010    01100000100     0000000000000000000001111111                        
                    111000111111111111110000111000111001111101111000010011100010000011110000000000000000  0000000000000000000000000000                          
                 0111111011100   000011100011111100111011101100011111001100111100  00100111000000000000011100000000000000000000000000                           
                0111111111100    0 001110011111110001111111110  011110011000110       0100000000000000000000001000000000000000111111                            
                11111111111100 00000111100111111100011111111010001111110011111100    01110000000000000000000    000000  00000001111111                          
                 000000011111110011111110010011110001111111111111001111111111111100001100000000000010000             00000000000011110                          
                    0000 01111111111111001100011 011111111111111111111111111111111000000000000000100000000000          00000000011000000                        
                       0000000001111110010111100011111  1111111111111111100110100000000000001110000000000000             000000010000000                        
                            00000000000011100001111000011111111111111100000000000000000001110       00000000              0100000100000000                      
                                 000000000000110110000111111110110000000000010000100111100              0000 0              01100000000000                      
                                       00 1    10110000111100000000000000000000000000                                         01100000000                       
                                        0  00001101100000111111011000000000 000                                                 01100000                        
                                       000         11000000000000000000000        0000                                            011100                        
                                      0000000000    0 00000         00000000  00000000                                              0111                        
                                      00              000001         00000000000000000                                                 0                        
                                                        1000            00 00000000000                                                                          
                                                           0                     00000                                                                          
                                                                                                                                                                
                                                                                                                                                                
                                                                                                                                                                
                                                                                                                                                                
                                                                                                                                                                
                                                                                                                                                                
