                                                                                                                                                                
                                                                                                                                                                
                                                                                                                                            0000                
                                                                                                                                     0011111                    
                                                                                                                                  0111111111                    
                                                                                                                               0111000111111                    
                                                                                                                             0110001111111                      
                                                                                                                           01100001111111111                    
                                                                                 0                                       01100000000111111                      
                                                                        00111111                                        11000000001110000                       
                                                                   0011111111111111111                                0 1000000000000110                        
                                                               00110000000000011111111111100                         110000000000000000                         
                                              000111111110    000      00000000000000000111111111111111111         0110000000000000000                          
                                      0001111111111111111111          000000000000  000000000000000000000000     01110000  00000000000                          
                               0011111111111111111111111111100          001111000000000          0000000     0111111000000  0000000000                          
                           011111111100000001111111111111111              111111111110            00000        01100000000 000000000000000                      
                        011110000011111100000001111101101111110          0111111101110            010010       010100000000 0000000000000000                    
                      0111101111111111111111111001111111111011 0       11111111101100110         011011000    010000000000  000000000000000000                  
                   0111110011111100000111000001100011011101111100     01111111000110001110     011100001110000000000000000 0000000000000000000                  
                  11011111111       0011100111111 0111011111001110    111111000110111100110  00011011000000000000000       000000000000000000000                
                  0 1111111110    0 00111011111110 0111011001100110001111111001110  0111101101000000000000000000                  00000000000000                
                   0010001111100000011110011111110 01111111010   1111001110011000     00110010000000000000000                              0000000              
                       10011111111111111001111011  011111111000 0111111111111110       01100000000000000000000                                                  
                       0 00111111111111001110111 001111111110111100111111111111110    010000000000000000000000                                                  
                             001100011001111110 001111  1111111101111111111111111100000000000000001000  00000000                                                
                                00111100000000011110001111  1111111111111001000000000000000000111000000000000000                                                
                                     00000001 011000  01101110000011010000000000000000000011100                                                                 
                                              010000000111011001000000000000000000101111100                                                                     
                                              0100000000011110011100001111111011111000                                                                          
                                                1000000011001 11 111111000000000000                                                                             
                                                100000111110            0     00000000                                                                          
                                                 000011111               0000000000000                                                                          
                                                 111110110                011000011111                                                                          
                                                  111010                     0111111 0                                                                          
                                                  1010                          0011                                                                            
                                                   1                                                                                                            
                                                   1                                                                                                            
                                                                                                                                                                
                                                                                                                                                                
                                                                                                                                                                
