                                                                                                                                                                
                                                                                                                                                                
                                                                                                                                                                
                                                                                                                                                                
                             000000000                    000001111111                                                                                          
               0011111111111111111111111111110     0011100000011111111                                                                                          
          00111111100000000000111111111111111100  000  000000000011111                                                                                          
      0111110111111111111110000011111111111111 1         000000000011111                                                                                        
    1 0111110100110001011111111100111111111111          000000000000011111                                                                                      
     1111111110      011110000111011111111111110          011100000000000111                                                                                    
    10100111110   0  011100111111001111110111111          11111111000000000011 1                                                                                
     00000111111000011111011111110 1111111110110      011111111111111100  00000111                                             000000000                        
       001111111111111110011111110 1110110111111     1111111111101111000     000001111 0                               0011111111111                            
          01111111111100011111110 01111111100011000011111111100111111           00000111 1                         011111110111111                              
            0111011110011111110  01111111110  011111111110001111110110            0000000011                   0111111111111111111                              
                1111111111110000111111111110011111011111111111011111110         00000 000000                01110000011111111111                                
                  0100000000011111   111111111111111110111000   0111110        01111110                  01110000000011111111111                                
                    01110 011110001 11  111111111111111111      01111100 0 01111011110              00011100000000011111111111                                  
                      0 1 0100000 011   111111 1111111111110      11011111111111101110        01111111110000000000000011111100                                  
                         01000000000011111111111111111111111    011110110111011110111110     0011111000000000000000111111111                                    
                           00000011111110111111111111111111111111111111110110110011011110 00011111100100000 000000000000                                        
                          101001111111   10000000000011111111111111111001000000000000100111110110011000000 0000000000000                                        
                          1011101111      0000011000000000000000010000000000000000000000000000000000000000 0000001110000                                        
                           1111111    11100111100001100011000000000000000000000000000000000000000000000000 0000000111110                                        
                           1111       11       00000000011111111111111111110000000000               000   0000000000111001                                      
                            1 11               000000000000000000         000      0000000             000 000000000000000                                      
                              0                 100000011111100             000000000000                 0000000000000000000                                    
                                                0100011111  11 0               011110000                   00000000000000000                                    
                                                 01111111111   0                  011111                     000000000000000                                    
                                                   11110                                                        00000000000000                                  
                                                     011 1                                                         000000000                                    
                                                        0                                                              0011000                                  
                                                                                                                           001                                  
                                                                                                                                                                
                                                                                                                                                                
                                                                                                                                                                
                                                                                                                                                                
                                                                                                                                                                
                                                                                                                                                                
                                                                                                                                                                
