                                                                                                                                                                
                                                                                                                                                                
                                                                                                                                                                
                                                                                                                                                                
                                                                      00                                                                                        
                                                                  0111                                                                                          
                                                              0111110000                                                                                        
                                                            1100110001111001                                                                                    
                                                         01100000001100001100011                                                                                
                                                       01100000000000000000011000011 1                                                                          
                                                00    000      00000000 000000000000011111                                                                      
                                       001111111111100          000111000000000000000000000111 1                                                                
                                  01111111111111111111            011111111111100     000000000011                                                              
                             001111111111111111111111100           1111111111110           000000001                                                            
                         0111111000000111111111111111111 0       011111111111110            0000000011                                      00000000            
                      0111100011110000011101111111111111110     011101110011101110          011000000000                            00011111000000 0            
                   01111001111111111111111100111011101100010    0111111111111111110       011111110                          001111111000000000000              
                 1111111111111110111000001110001111111111111000011111100111000101110    0111011110        0           00111111100000000000000000                
               0110000111011  0000110011111111 0111111111  0111111111011110   0111110000111111111100      011111111111110000000000000000000000                  
             011111100110       001110111111110 1111111010  0111111111111       01101111100111111110    01111111111111000000000000000111111000                  
            01110111111100   000011110011111110 111111110101111111111111110     011101101111111101111001111111101101111000000000001111000000                    
             000110011111110001111111011111010 01111111111110011111111111111   11111111100000000011011111111111101101000000000001111111110                      
              0110000011111111111111000111111 0111   11 111111  11111111111111111111100000000000000000000000111111100100000000000000001                         
                 000100111111111111001111110 011001 11  1111111111111111111111110010000000000000000000000000000000100000000000011000                            
                     000011100000000111100 011110 011111 11111111100000111000000000000000100000000           0000000000000011110000                             
                            00111110000000101000000000111011100000000000000000011001111100000    0000000        000000000000111111                              
                                   000      0100000000111110000000111111011111111100        0000000111           0000000000011111111                            
                                    000000010 10000011111   101111000000000                   01111111            010000000000111111                            
                                    0000000000 00011111111111 000000          00                001111             0100000001111100000                          
                                    00000000000 1111111111    0    0000000011111                    00               10000011100011100                          
                                    0000        1 111111        0000011101111111                                      0100000111000000                          
                                     0            1  1 1         000000111111111                                        11101000110000                          
                                                    01             00000011111                                           0111100000000                          
                                                                            01                                              0111000000                          
                                                                                                                               0111100                          
                                                                                                                                   001                          
                                                                                                                                                                
                                                                                                                                                                
                                                                                                                                                                
                                                                                                                                                                
