                                                                                                                                                                
                                                                                                                                                                
                                                                                                                                                                
                                                                                                                                                                
                              000000                       00000000000                                                                                          
               0001111111111111111111111111110      001111001111111111                                                                                          
          00111111100000000000111111111111111100  0000 000000000011111                                                                                          
      0111110111111111111110000011111111111111 0         000000000011111                                                                                        
    1 0111110110110001111111111100111111111111           00000000000011111                                                                                      
     1101111110      011110000111011111111111110          011100000000000111                                                                                    
    10100111110   0  011100111111 01111110111111          11111111000 00000011                                                                                  
    00000011111100001111101111111001111111111110      010111111111111100  00000011 1                                                                            
       00111111111111111011111111001110111111111     0111111111101111000      00000011 1                                000111111111                            
          01111111111100111111110 011111111100110  011111111100011111            000000011                        001111111111111111                            
            0111011110001111110  0111111111   011111111110101111110110            0 00000011                   011111111111111111111                            
                1111111111110000111111111110001111011111111111011111110         000000000000               01111000001111111111111                              
                  0100000000011111   1111111111111111100111010  0111110      0 011111110                01110000000000111111111111                              
                    011111111110001 11  1111111111111111110      1111110   00111001111        0011001111100000000000111111111111                                
                      0 110100000 011   111111  111111111110      0110111111110111111100       0111111110000000000000111111110                                  
                          0100000000111111111111111111111111    001110111011001111011111     1111110010000000000000011111111                                    
                          1100001011111  101111111111111111110011111111110110011011001111000100111110000000 0000000000000                                       
                          1 0101111111    10000000000111111111111111110011000000000000000110010011010000000 000000000000                                        
                            011111111   111000001000000000000000010000000000000000000000000000000000000000 0000001111110                                        
                             1111111  111100111000111000010000000000000000000000010000000      0000000000  0000000111111                                        
                            0  11        00 0  00000000111111111111111111111000000000                 00   000000000111111                                      
                              0 1              00 0000000000000000         000     0000000              00000000000000111001                                    
                                                1000000011111100              0000000000                  000000000000001110                                    
                                                 11011111111  10                00111110                     000000000000000                                    
                                                  1111111110                        0000                       000000000110000                                  
                                                    111110                                                        000000001111                                  
                                                      0111                                                           0111000                                    
                                                                                                                       0011100                                  
                                                                                                                           01                                   
                                                                                                                                                                
                                                                                                                                                                
                                                                                                                                                                
                                                                                                                                                                
                                                                                                                                                                
                                                                                                                                                                
                                                                                                                                                                
