                                                                                                                                                                
                                                                                                                                                                
                                                                                                                                                                
                                                                                                                                                                
                                                                                                                                                                
                                                                      00                                                                                        
                                                                 0011111                                                                                        
                                                             0111111000001                                                                                      
                                                          01100000000111111111                                                                                  
                                                       0110000000000000001111111                                                                                
                                               0      000   0 00000 0000000000000111 0                                                                          
                                     001111111111110           0000000000000000000001111 0                                                                      
                                01111111111111111111            0011111011000000000000001111 0                                                 00               
                          0011111111111111111111111100            11111111111100      0000001111                                           00110                
                      0111111000000001011111111111111110        00111111111110            00000111 0                                   0010000                  
                   0111100001111111111100111111111111111      01111111110111111            000000011 0                             00110000000                  
                 11110111111111111111111000110111011100110    0111111111011001110         001000000011                         01110000000000                   
               111001111111000011000011111001111111111111100 011111100011111110110       011111110    00                  001110000000000000                    
            0111110110       00111011111111 01111111110 011111111111111110 0111110    01111011110                    00111100000000000000000                    
           11011111110     0 00111011111111 01111111010  0111111110111000    011011010111011111100        11111111111100000000000000000000                      
           01111011111100000011111011111110 0111111110100111111111111110       11001111001111111110    00011111111100000000000000000000000                      
            000100011111111111111001110011 0011111111111100111111111111110   00111011011111011011110000111111001101100000000000000000000                        
                0000111111111111001111111 001111  11 1111111 1111111111111000111111111100000010111111111111011011000000000000000000000                          
                  0000111000111101111110 0111001 11  1111111 111111111111111111111100000000000000000000000111110110000000000000000                              
                        0011111110100000111000000011111111111111011011110000000000000000000000000000000000000000000000000000000000                              
                            00000000001 1011000000111111    1000000000000000000000000101000000000           0000000000000000111100                              
                                  00      01100000111111     10110111000011111111111100000      0000           00  00000000001100000                            
                                         0000 1101111111      010000000011000000         00000000111 1           0000000000000000000                            
                                              0111111111    11000000 0                     011111111              00000000000000000000                          
                                                 01111  1     0 00 00000000100               0111100                010000000000000000                          
                                                      00      10 0000000111111                  0111                  1100000000000000                          
                                                               0000100001111 1                                         001000000000000                          
                                                                 00011011111                                              011000000000                          
                                                                   0001111                                                   011100000                          
                                                                        01 1                                                    00011000                        
                                                                          0                                                            000                      
                                                                                                                                                                
                                                                                                                                                                
                                                                                                                                                                
                                                                                                                                                                
