                                                                                                                                                                
                                                                                                                                                                
                                                                                                                                                                
                                                                                                                                                                
                                                                    000000                                                                                      
                                                             00011111111                                                                                        
                          0000000011111111100000        001100000000000111                                                                                      
                  00111111111111111111111111111110    0000000000000000111111                                                                                    
              01111111100001100000011111111111111110         00000000000001111                                                                                  
          1111101111111111111111111101111111111111           0000000000000001111                                                                                
        11111111110    00111111111110011111111111100          00111100000000000011                                                                              
        0100111110       011100100110011111111111111          0 11111110000000000111 1                                                                          
        00100111110000000111001111111 01111111111110      0010111111111111100  0000011 1                                                                        
          010011111111111111011111111 01110111111111     0111111111111111000      00000111                                                                      
           00111111111111110011111110 0111111111001110 0011111111100111111           0000111                                                                    
              001111111110001111110  01111111110  0111111111110001111110110            0001111                                                                  
                  1101110011111110 01111111111100011111011111111111011111110           000001110                                                                
                    111111111000001111   1111111111111111110111000   011111         011110000011 0                                                              
                      0000000101111001   1  1111111111111111111      0111110    011111111110   001                                       001 0                  
                        0  111110000 01 1   111111  111111111111       1111111111111011110                                         00111100                     
                            01000000 01 1   111111  1111111111111    0011101101111111111100        0                     00000011100000000                      
                            100000000001111111111111111111111111111011111111101101101101111       01111000000000111111110000000000000000                        
                            0000000010001110011000110000111111111111111111111101111111011110  0011111111111110000000000000000000000000                          
                           10010101111110111111000000000011111000100001000000000000000111111111111111111111110 000000000000000000000                            
                           01010111111   000011 1111111111000000000000000000000000000000000000111111110110100000000000000000000000                              
                           11110111   11 0        000000000111111111111111111110000000000000010001111101100000000000000000000000                                
                           111      11              00000 000   00000000000000000000000        0000000001000000000000000000000                                  
                          01                        1000000000                 00 0 000000         00000000000000000000000                                      
                            1                       010101111111 0               000001111 1         0000000000001110000                                        
                                                      011111111111                11111111            000000000000011110                                        
                                                      10111111                     01110               00000000000111100                                        
                                                      0 11111   1                     01                100000000000000000                                      
                                                         1     1                                         11000000000000000                                      
                                                                                                          0100000000000000                                      
                                                                                                           010000000000000                                      
                                                                                                             0100000000000                                      
                                                                                                               01100000000                                      
                                                                                                                 001100000                                      
                                                                                                                    000000                                      
                                                                                                                        00                                      
