                                                                                                                                                                
                                                                                                                                                                
                                                                                                                                                                
                                                                                                                                                                
                                                                                                                                                                
                                                                      01                                                                                        
                                                                   01111                                                                                        
                                                                011111100111 0                                                                                  
                                                              01000000011000110000                                                                              
                                                            011000000000001000111000000000                                                                      
                                                           110 0000000 000000000000000000000000000                                                              
                                                   000    00      0000000000000000000000000000000000                                      000000000000          
                                           001111111111100        000001111001000000      00000000000000                         0000000000000000000            
                                      01111111111111111111             011111110110           000  00000                   00010000000000000000000              
                                 0011111111111111111111111000          0111111001100           00000                   0011000000000000000000000                
                             0011111000001111111111111101100110      01111111000100110        0111110        00000000000000000000000011111000000                
                          01111100111000000011001111111111011110     0111111110010001010    001100110        011111000000 00000001111111110000                  
                       011110011011111111111111000111011101110111    01111100110000100110 0001100000100     00000000000000000000001111110000                    
                      11100111111111111110000011100111011111111111000110111111110  0111111111000100000100000001011101000000000000011111111                      
                    0110001111110000001110001111110011111111110 0111100110001100    00010010010000000001111111111100000000000000000000                          
                  111111101110     0 01110011111111 01110111010  01111101111111       111000000000000000000000000000000000000011100000                          
                 1111111111110    000011110111111110011111111010011111110111111110   1110000000000000000000000000000000000000001111111                          
                 0111110111111100000111111011111110 011111111111110111111111111111000100000000000000000             000000000001111111                          
                  00000000011111111111111001100111 011111 11111111111 11111111111000000000000000000000000000          00000000000111000                         
                      000 00111111111111000011111 011111  11  11111111110000001100000000000111000   00000000           00000000010000000                        
                         0000000000000100011110001110000111111111100001000000000000001111100      0000000000            0100000110000000                        
                               00000000000000001011000 011111110010000000001100001111110              000000              01000011000000 0                      
                                       00001    1010000011110000000000000000000000                                         0110110110000                        
                                       0 0000001101100000011111111111110000                                                  01110000000                        
                                      1000000 000 0 000000110      000000000   0000000                                         011100000                        
                                      0000000000    1000000110      000000000000000000                                           0111000                        
                                      00            10000000          0000000010000000                                             00111                        
                                                      100000            00     0011100                                                 000                      
                                                      0100                         000                                                                          
                                                        11                                                                                                      
                                                                                                                                                                
                                                                                                                                                                
                                                                                                                                                                
                                                                                                                                                                
                                                                                                                                                                
