                                                                                                                                                                
                                                                                                                                                                
                                                                                                                                                                
                                                                                                                                                                
                                                                                                                                                                
                                                                                                                                                                
                                                                                                                                                                
                                                                          000                                                       000000 0                    
                                                                     0011111                                                   00000000111                      
                                                                 0001111111111 0                                           0000000001111 0                      
                                                              0000000000001111110000                                     0000000011100                          
                                         000000011100000    000000000000000000001100000000                            000  0 001110000 0                        
                                  000011111111111111111110       0000000000000000000000000 0000000                   00     0111011111                          
                           0001111111111111111111111111111        0000011000000000000000000000    0000             00     00110010000                           
                       00111111111111100001111111111111000      000000001111100000000   000000000    000         00     001000000111                            
                    001110001111001111100111011111111111000000000000000011111100000           000000           000    00000000000001                            
                 0011000000111111111111100111011111111110000100000000111111111000000           000000       0000000000000000000000                              
               011111000000010 0001111101001100111111101110111000000111111111000000000    000  000000        0 0000000 00000000000                              
              0111111111100    0 01111011001110011100001111111100  01111111111100000000 0000000000000      00001000000000000001100                              
               11111111111000000011111010011111011110011111001110111110110001110000001100 0001000000000000011100000000000000000001 0                            
                01100011111111011111100001111100111111111110 0111110000000111100 00111111001110000000000000000000000000000000000000 00                          
                   00001111111111111000011111100111111111110001111110000000000000000011001101100000000000000001000000  00000000000 000 0                        
                     0011111111111100011111100111111111111111111111111000011100000  0111001000000000000010000        00000000000000   00                        
                         0001100000011111100011111111111111111111111111111111110  00101000000000000000000               0000000000000                           
                             00111110000001111100001111 1111111111111111111111100000000000000000000000000000               000000000000                         
                                 00010111 100110000111111110111111111001000110000000000000000000000    0000                   000000000000                      
                                      1 11110011100000011111111101100000000000000000000000011000                                  000000                        
                                        0011111111101001100010000000000111111110000000010000    000000                                000000                    
                                            0111001110000110000000000000000000000000000                                                                         
                                             010000010000011000000000000                                                                                        
                                              0100       00111    00000000                                                                                      
                                                            011    00110000  00000                                                                              
                                                              000     011100000000                                                                              
                                                                        0110000000                                                                              
                                                                            000000                                                                              
                                                                                                                                                                
                                                                                                                                                                
                                                                                                                                                                
                                                                                                                                                                
                                                                                                                                                                
