                                                                                                                                                                
                                                                                                                                                                
                                                                                                                                                                
                                                                                                                                                                
                                                                                                                                                                
                                                                    0001                                                                                        
                                                               0001111                                                                                          
                                                            00111111000111                                                                                      
                                                         011000000001110011111                                                                                  
                                                       0110000000000000000001111 1                                                                              
                                                     0000  0  0000 00000000000000011 1                                                                          
                                     001111111111100          0001000000000 000000000111 1                                                                      
                                01111111111111111111            0011111111000000 00000000011 1                                                    0             
                           011111111111111111111111100            11111111111100       000000111 0                                           00000              
                       011111100000011111111111011111110        01111111111110             0000011 0                                    00000000                
                   0111110001111111111100111111111111110      01111111100111111            000000001 1                              00110000000                 
                 01111011111111111111111001110111011100110    0111111111111111110         011100000000                         011110000000000                  
               011111111111001111000001110011111111111111000 010111100011111100110     00011111110                       001111000000000000000                  
            011111011000   0 01110011111110011111110110 011111111111111110  0111100   0111101110          0        0011111000000000000000000                    
           01111111110       00111011111111 01111111110  011111111011100     011011111111011111110       011111111111000000000000000000000                      
           01111111111000000011111011111110 0111111111100111111111111110       11001101101111111110    11111111111111000000000000010000000                      
            011000011111111111111001111011 0011111111111110111111111111110   01111111011111011011110001111111011101100000000000000000000                        
               00100111111111111000111111 011111  11 1111111 1111111111111000111111111100000000010011111111111011000000000000000000000                          
                  0001111001111101111110 0110001 11  11111111111111111111111111110000000000000000000000000010110110000000000000000                              
                       00111111110110000111010000111111111111111001011110000000000000000000000000000000000000000000000000000000000                              
                            00000000001 001000000001111    10000000000000000000000101111100000000            000000000000001111100                              
                                  0       01100001111111     0001011100111111111111000  00    00000000          000000000000111100                              
                                        0 00111001111111      0100000000000000            00000011111            0000000000000110000                            
                                              1111111111    1 0000 0                        01111111              0000000000000000000                           
                                                011111   1    0  0000000001111                011110                000000000000000000                          
                                                    011       00 0000000111111                    00                 01000000000000000                          
                                                                00011001111111                                         011000000000000                          
                                                                 00001111111                                             0111000000000                          
                                                                    00111100                                                0111000000                          
                                                                         011                                                   0011100                          
                                                                                                                                    0000                        
                                                                                                                                                                
                                                                                                                                                                
                                                                                                                                                                
                                                                                                                                                                
