                                                                                                                                                                
                                                                0000                                                                                            
                                                          00111111                                                                                              
                                                      00100011100000                                                                                            
                                                   011000000000001111111                                                                                        
                                                0010  0000 000000000111111                                                                                      
                                     001111100           0000000000000001111                                                                                    
                                0111111111111111 0        001111100000  000111 0                                                                                
                             01111111111111111110            0111111100000000011 1                                                                              
                         001111111111111111111111000         01111111111100   0001 1                                                                            
                       011110011111111111111110111111      01111111101110        001 1                                                                          
                    0111111111000000000001101111111110     11101110011110          001 0                                                                        
                000111011111100000000111000110110010011   0111111011110110           00110                                                                      
               011111111110000001111000001000110110110100011111001101111110         00001                                                                       
               01111111111111110000000000011000111110  011101101111  01111     00011111001 0                                                                    
              0111111111111110000001000111111001011000 01111110110    0111100011111111110 0                                                                     
              11111110001000     0001000000000 0111100000011111110     01011111111111000                                                                        
             1111111110000       000000000000 001000000001000000010   0110111111111110                                                                          
           01111111111100000000 000000 000000 00000000000100000000000010010111111111110       00                                                                
             1011100000111110000000000000000 00000000000000000000000000000000001111111   0001 111                                                               
              0000000000000000000000000000 00  00101100000000000000000000000000000111111111111111110                           001                              
                     000001111110000110010011  11111111100110111111111111111100000001111111111111111111111000000000000000011111110                              
                                0000000   10 0  011110100000000               00000000011111111111110000000000000000000000000000                                
                                              0 0     000 0                    0    0   01111111010100000000000000000000000000                                  
                                               000    00000   000000           0000011    0111110100000000000000000000000000                                    
                                              11000   0000000000000000         011111 1    00111100000000000000000000000                                        
                                                00         000000000            111         00000000000000000000000000                                          
                                               110          10000100            0           0000000011000010000000                                              
                                              0  0            11 0                          000000010011000000                                                  
                                              1               11                            0000001011001000                                                    
                                            01                                              0100000100100000                                                    
                                                                                             101010010000000                                                    
                                                                                             110001000000000                                                    
                                                                                              10100000000000                                                    
                                                                                               1000000000000                                                    
                                                                                                110000000000                                                    
                                                                                                 011000000                                                      
                                                                                                   0100000                                                      
                                                                                                     00000                                                      
                                                                                                        0000                                                    
