                                                                                                                                                                
                                                                                                                                                                
                                                                                                                                                                
                                                               00011                                                                                            
                                                          0011111100                                                                                            
                               000000000             0011000000001111111                                                                                        
                  000111111111111111111111111100  001000000000000000001111                                                                                      
             00111111110000000001111111111111111          000000000000001111                                                                                    
        0011111111111111111100000111111111111111          0000000000000000000001                                                                                
      011111001001000011111111111000111111111110            0111100000  000000001111                                                                            
     0100111111       01111000001001111111111011            11111111100000 0000000000111                                                                        
      0100111110   0 0011101111111 01111110111111       000111111111111110     00000000011                                                                      
       000011111100001111001111111 011111111101110     11111111111111110           00000000011                                                                  
         0011111111111110011111111 0111111111101110   011111111000111111             0000000001                                                                 
           0111111111110011111110  01111111110  11111111111100011111111100          010000000011                                                                
              011111110101111110 0011111111110  11111011111111110001101110        011111110                                                                     
                01111111111110 011111111111111111111111110111100   0111110     01111111110                                                                      
                  001100000001111111   11 11111011111111111110      001111100001111111110         0000         000000000000000                                  
                     00111 11110000 1 1   1111111 1111111111110       110011011111110011110     0011111111111111111111111111111111100                           
                          111010000 011   111111  11111111111110   0111111110011011011011110  01111110111111100000000001111111111111111100                      
                            1010000000011111111111111111111111111111111111111100001011011111111111111101101110000000000111111111111110001111                    
                               10000011111001101111000111111111111111110110000000000000000000001111111011000000000000011111111111111110000                      
                              0 01111111   0010000000000101100000000001000000000000000000000011000000110110100000000111111111111111100                          
                                 1111111    011111111111100001100010000000011010000000000        000000000000000000001111111111111                              
                                 111111   1000000000000000011111111 111111000000000     00000        00000000000110111101111111                                 
                                  0  1   1 0       00 000000000000               000000000111          00000000011111111                                        
                                                    01000000011111                 001111111            00000000111111                                          
                                                     01101111111  11                  0111 1             1000001011111                                          
                                                       1111111 1   1                      0              01000101111111                                         
                                                         11111                                            10100111111111                                        
                                                           01                                              1010111111111                                        
                                                              0                                            0111111111111                                        
                                                                                                            1111011011                                          
                                                                                                             111101101                                          
                                                                                                             011110111                                          
                                                                                                              011111                                            
                                                                                                               0 1                                              
                                                                                                                0  1                                            
                                                                                                                  1                                             
                                                                                                                                                                
