                                                                                                                                                                
                                                                                                                                                                
                                                                                                                                                                
                                                                                                                                                                
                                                               000111111                                                                                        
                                                          00001111110000                                                                                        
                        000000001111111111111100      01110000000000111111                                                                                      
                 001111111111110111111111111111110  0000  000000000000001111                                                                                    
             0111111110000111000001111111111111111          000000000000001111                                                                                  
         01111001111111111111111111011111111111110          000100000000000000101                                                                               
        1111111110 0  00011110111110011111111111111           0111111000  0000000111                                                                            
       0110111111       011100111111 0111111111111           0111111111100000000000011                                                                          
        01000111110000001111011111110011111111111110     0011111111111111110     0000011 1                                                                      
          010011111111111110011111110 11111111111111    011111111111111110          00001111                                                                    
          00011111111111110011111110 0111111111000111000111111111001110011            0000111                                                                   
              011111111110011111110 01111111111   0111111111110011111111110           00000011 1                                                                
                01110111011111110 00111111111110011111111110111111000110111         001100000111 0                                                              
                   0111111110000011111   1111111111111111111111000   011111     000011111110 0001                                                               
                      0000000101111001  11  1111111111111111111       0111110000111101111000     0                                                              
                        0 111 100000 01     111111  1111111111110      1110111111111111110                                                  000                 
                            0100000 011 1   1111111111111111111110  01111101101101111111110       01100                  000000000000011111010                  
                            100000000011111111111111111111111111111111111111111111101101110    0101111111111111111111111100000000000000000                      
                            000000000000111100100000000001111111111111111110010000011111111101111111101111110000000000000000000000000000                        
                          110010101111100111111100001100010000000000001000000000000000000001111111111111111010000000000000000000000000                          
                           01010111111  000000011 1100000100001100010000000000000000000001000001111111111010000000000000000000000000                            
                           11110111   1 00          000000000111111111111111111000000000    00000000110110000000000000000000000000                              
                           111     111 0            0000000                    00 0    00        0000000000000000000000000000000                                
                          01                         10000011000                0000000011 0        0000000000000000000000                                      
                                                      101111111111                11111111           0000000000001110000                                        
                                                      11111111                     01110              0000000000101111 0                                        
                                                        1111                         011              010000001001111100                                        
                                                        111  11                                        01000010110010010                                        
                                                         1 1                                            1101001001111000                                        
                                                                                                         110100110000100                                        
                                                                                                          1101100110000000                                      
                                                                                                           0110000000000                                        
                                                                                                             01100000000                                        
                                                                                                               0110000                                          
                                                                                                                 0011000                                        
                                                                                                                    0010                                        
