                                                                                                                                                                
                                                                                                                                                                
                                                                                                                                                                
                                                                                                                                                                
                                                                                                                                                                
                                                                                                                                                                
                                                                                                                                                                
                                                                        0001                                                            000000                  
                                                                    00111111                                                    0000000001 0                    
                                                                 00100111111111000                                          000000000011100                     
                                                              0100000000000011110000                                     000000000011111 0                      
                                           00000000000      000000000000000000001100000000 0                           000 0000001110001 0                      
                                    0001111111111111111100       00000000000000000000000000000000000                 00   00 00111111110                        
                             00011111111111111111111111111        0000011100000000000000000000   00000             00      00111000000                          
                        0011111111111100011111111111111000      00000000111111000000      000000     0           000     0011000001110                          
                     01111000011001111100011011111111011100000000000000011111100000           00000           00000    0000000000010                            
                  000000000111111111111110111011111111110000100000000011111111000000        0  010000       00000   0000000000000000                            
                0111100000001000001111101001100111111110110111000000011111111000000010    000  000000        000000000000000000000                              
              0111111111100    0 01111011001110011110001111111100  011111110111000000000 00000000000000    00000000000000000001100                              
               111111111110000000011110101111110011100110110011101111000110011100000011100000100000000000001010000000000000000111110                            
               001100011111111001111110001111110011111111110  011110001000111100  0111011111110000000000000000000000000000000000000000                          
                  000001111111111111100011111100111111111110001111111000000100 00  0001001000000000000000000000000000  00000000000000000                        
                     0011111111111110011101110011111111111111111111111000011100000 001110000000000000000100          0000000000000000000                        
                         0000000110011111110011111111111111111111111111111111110  0010000000000000000000                0000000000000 0000                      
                            0011111110100001111100011111 11111111 111111111111110000000000000000000000000000               000000000000000                      
                                 000000111111110000111111110011111111000000110000000000000000000000   000000                  000000000000                      
                                    0 11 1110001100011011111111100100000000000000000000000011000                                  000000 0                      
                                        011111111110000010000000000000011111001000000001000      00000                               00010                      
                                            001101111100000000000000000000000000000000                                                    0                     
                                            010000001100000000000100000                                                                                         
                                              11 1      00111     0000000                                                                                       
                                                           011      0010000   0000                                                                              
                                                             010      001100000000                                                                              
                                                               00        000000000                                                                              
                                                                              0000                                                                              
                                                                                                                                                                
                                                                                                                                                                
                                                                                                                                                                
                                                                                                                                                                
                                                                                                                                                                
