                                                                                                                                                                
                                                                                                                                                                
                                                                                                                                                                
                                                                                                                                                                
                                                                                                                                                                
                                                                   0                                                                                            
                                                               0000000                                                                                          
                                                            000111011110                                                                                        
                                                         0000100001100011001                                                                                    
                                                       000000000000000000111001111                                                                              
                                                    01100000 000 0000000000000000110111100                                                                      
                                       0000001100000000     0000000000000000000000000000110000                                                                  
                                00011111111111111110        000011100011000000     000000000000000                            00000000000111111000              
                           00011111111111111111111100 00        1111111111110000        000000001000                    0000000000000001110000 0                
                      001111111001111111111111111100000000      11111111111100 0         00000000                   000000000000000111110100                    
                   011111111111000011111111111011111110000    01111111111111100         0010011000 0           000000    0000000011110000000                    
                0111100111111111111111011111101111111100 000 01101111111110111100      00100010         01101100000       0000111111111111 0                    
              0111111111110000000111110001111110111011110   011111111111111111110     000000111100    00010000000000    000111000000000000                      
           011110011101000 000000011101000111100111111110000111111111111000001111100000000110111110   0000000000000000000000000011111100                        
          00001111110    0 0001101111111000111011111100011011111101111100   0001111100100110110111000100010011111001000000000000000011                          
          00000011110000000011110111111100011101111110 0111111111111110       011101100110000000000000000000001011000000000000000000 0                          
           000001111101111111111011101110001111111111111111111111111111100   00111111100000000000000000000000000000000000000111000                              
           000 0 00111111111111011100110001111111111111111111111111111111100011111110000000000000000          00000000000000111111                              
               0 00000000111110011111100011111  111 11111111111111111111111111111000000000000000000000000        0000000000001111111                            
                     000000000011110001111000111111111111111111111111111100000000000001110000000000000000          00000000011111111                            
                          00000000001 1111100011111111111111111000000000000000000011100   0000000000000              000000001111110                            
                                00    010000000000000011111111110001100001111111100           00000000                 000000110011100                          
                                    00 100000000111111011111111110000001111000                      0000                01000001100010                          
                                     0 100000001111   111111 11100000000                                                  110100110000                          
                                      00001011111110   0       000000000000010 0                                           01100001100                          
                                        0000111111               0000000111111 1                                             111000011                          
                                          000011 0                  0011111111                                                0111000                           
                                           00000                        001111                                                  011111                          
                                              0                              0                                                     0                            
                                                                                                                                                                
                                                                                                                                                                
                                                                                                                                                                
                                                                                                                                                                
                                                                                                                                                                
                                                                                                                                                                
