                                                                                                                                                                
                                                                                                                                                                
                                                                                                                                                                
                                                                                                                                                                
                                                                                                                                                                
                                                                                                                                                                
                                                                         0                                                                                      
                                                                     00111                                                                                      
                                                                  0111110011                                                                                    
                                                               01100000111100110                                                  000111111111 110 0            
                                                            011000000010000110011111                                         0011111111111111111                
                                                          011000000000000000001000000011111111 1                         00111111111111111111111                
                                        00011111111110    0       0000000 0000 000000000000000001111                   11110001111111111111111                  
                                000011111111111111111111          00011000000000000   0000000000000001              011100000001111111111111                    
                          001111111110111111111111111111            00111111111110           00000000            011100000000001111111111111                    
                      001111111100000000111111111111111000           011111111111             000000      00111111110000000000011111111111                      
                   011111011111111111111110011111110111111         001111111111111           0111110        1111111000000000000011111111                        
                01110001111111111111111111100111011111111110      0111011100111001100       01111110      0110110110000000000000001010                          
              01111110110  0  00011100001110 0111111011100110     11111111110111111110     011101111110   01111010000000000000111110                            
             011011111110      00111001111110 01110111111111100001101111001110001101110000011101101011100010000000000000000000111111                            
              0111011111100000001111011111111 01111111111  011111111111111111    11111111101001100100000000000000000000  0000001111111                          
              1000000111111111111110011111110 01111111111   011111111001110        011001100000000000000000000      000  00000000111111                         
                  00011111111111111011100110 0111111111011011111111111111110       011100000000000000000               00000000001111111                        
                  0  0011110111111001111110 0111111111111111001111111111111111   0111001000000000000000000                0000000111111111                      
                         011100000011111000111111  111 1111111  111111111111111111100000000000001000 00000                  00000011111111                      
                            0011100000001111110001111  111111111111111111111100000000000000111000  00000000                   001001111111                      
                                 001   1 0100000 011111 111111111100000000100000000000011110     00000000000                     011100111                      
                                    0    11100000000000001110000000000000000011001111110                                           0111111                      
                                       00001000000111111001110000011111110111111100                                                  11111                      
                                       1000 0000011111   10  111111000000000000000                                                     1 1                      
                                      100001101111111111           000   000000011                                                      0                       
                                      000   1 11111111               0000000011111                                                                              
                                              1111 1                   00111111111                                                                              
                                                 1                         0111111                                                                              
                                                                                0000                                                                            
                                                                                                                                                                
                                                                                                                                                                
                                                                                                                                                                
                                                                                                                                                                
                                                                                                                                                                
