                                                                                                                                                                
                                                                                                                                                                
                                                                000000                                                                                          
                                                        000111111111                                                                                            
                                                    0111000000000001                                                                                            
                           0011111111111111100  0001000000000000111111                                                                                          
                  0001111111111111111111111111 0         00000000001111111                                                                                      
             001111111100000001111111111111111 0         00000000000000111                                                                                      
          0111110000001111000000001111111111110           0111100000000001111                                                                                   
       00111111111111111111111111101111111111011          0 111111000 0000001111                                                                                
     01111110111111100000110000011001110111111111       0011111111111100  00000011                                                                              
    1100111111100      001100111111001111101110110    011111111110111000     0001111 1                                                                          
    011000111110      0011100111111100110111111110    1111111100111110          000011 1                                                                        
      0100011111100000111110111111110011111111001100011111111111110011            000111                                                                        
        0100111111111111110011111110 011111110  01111111111011111111110           00000011                                       00000                          
        0  011111111111110011111110 011111110100111111110011110 0110110        0011000000111                              0001100000                            
              01100000110011111110 0111111111111101111111110     011110    000111111110   00                         00111000000000                             
                 011110000111100000011  11 11111111111111111      01111110011110111100                          001110000000000000                              
                    0000000000010000 0111  11111  111111111110   00110110111111111110                     0011110000000000000000                                
                        0   0110 00 00111111111111111111111111001111111101101101111110        1111111011111000000000000000000000                                
                           01100000 01111110110001100001111111111111111111111111101111    011111111111100000000000000000000000                                  
                            100000000011111011000000000000000000001000000000001011111111111111111011000000 00000000000000000                                    
                          1100000000100001 1111111110110000000000000000000000000000000111111111110110000000000000000000000                                      
                           00101111111        00000000000111111111111011000000000000000010101111110100000 00000000000000                                        
                         1111111111111            0     00    000000000000000000000      000000000000000 0000000000000                                          
                         111111 10                000000000                0    00000         000000000 000000000000                                            
                         111                      1010101111 0              0000011111           000   0000000000000                                            
                         1                        1011111111  1              111111110             00000000000000000 0                                          
                                                  0 0111111                   011110                000000000000000000                                          
                                                   111111                        0                   01000000000000000                                          
                                                    0 11                                              010000000000000000                                        
                                                       1                                                01000000000000                                          
                                                                                                          010000000000                                          
                                                                                                            0110000000                                          
                                                                                                              01100000                                          
                                                                                                                 01100                                          
                                                                                                                    00                                          
                                                                                                                                                                
                                                                                                                                                                
                                                                                                                                                                
