                                                                                                                                                                
                                                                                                                                                                
                                                                                                                                                                
                                                                                                                                                                
                                                                                                                                                                
                                                                                                                                                                
                                                                                                                                      00                        
                                                                                                                                 0000001                        
                                                                      00001111 0                                             0 0001111                          
                                                                 0000111111111 0                                          0  001111111                          
                                                              00000000000011111100                                      0  001110111                            
                                    00001111111111111100    00000000000000000111110000                                00  0111111111                            
                             00001111111111111111111111110      000 00000000000000111000000                          0  011000111100                            
                        0011111111000000011111111111111011        0000000000000000000011100000000                   0 00000001100000                            
                     1111111111111111100001111111111110000      00010000111110000000000000000100000               0000000000001111                              
                 00111110011111111111110111101111111111000000 0000000001111110000000        0000000000           00000000000010000                              
               011110000 0001000001111110011101111111110000000000000011111111000000            0000000         01110000000000000                                
              011011100000     00011110110111001111111110000110000011111111110000000      000  00000        01111000000000000000                                
               01111111110000000011110111011110011100001111111000001111111111110000000  0000000000000   000001110000000000000000                                
               0011011111111111011111011001111001111001111000111111111110010111000000100000001000000000 0000110000000000000000000                               
                 0001011111111011111011000111001111111111100011111111100001110000000011000001110000000100000000000000000000000000                               
                    0011111111111110110011110001111111111110111111110000000000000001100111111101100000000000000000000000000000000000                            
                       00111111111010111110011111111111111111111111111000000000000 011001100000000000000000000000000000000000000000000                          
                          00110000111110000111111111111 1111111111111110011110000001110000000000000000000000          0000000000000000                          
                              00111100001111100000111111111111111111111111111100001100000000000000000000                 000000000000000                        
                                  0 1 1111000100000011111111111111110011111110000000000000000000000                          00000000000                        
                                     00011110011100000111110000110000000000000000000100000000000000  00                           00000000                      
                                         0001111111011111111100000000000011001110100000000000000000000                                                          
                                              0000100111111111000010111000000000000000000      0000000                                                          
                                                000   00001111100000000000                          00                                                          
                                                          0111110000000000                                                                                      
                                                             000000000001110   0                                                                                
                                                                   0111111100000                                                                                
                                                                     011111000                                                                                  
                                                                       01110                                                                                    
                                                                          0  0 0                                                                                
                                                                                                                                                                
                                                                                                                                                                
                                                                                                                                                                
                                                                                                                                                                
