                                                                                                                                                                
                                                                                                                                                                
                                                                                                                                                                
                                                                                                                                                                
                                                                                                                                                                
                                                                      0011                                                                                      
                                                                  00111110                                                                                      
                                                                01111100011111                                                                                  
                                                             011000000011100011001                                                                              
                                                           011000000000000000000111111                                                                          
                                                          110 000 000  000000000000000011111                                                                    
                                                000000            000000000000  0000000000001111                                                                
                                         001111111111111            0011111111100000     00000001111 0                                            0             
                                     011111111111111111110            01111111111100          00000111 0                                      001110            
                                 011111111111111111111111000         00111111111110             00000011 0                                000110000             
                             0111110000001101111111110111111        11111111011100110          01000000000 0                         0011100000000              
                          0111101110000000111001111111111111100     111111111011111110        01111110     0                  00011100000000000000              
                       01111001111111111111111001110111011100110   01111110011011110110     111101110         0000     0011111100000000000000000                
                     0111011111111110110000011100011101110111011101111111111110  0111110000011111111100       0111111111100000000000000000000000                
                    11000111111000000111001111110 01111111110  01111011101110     0001011111101110111110    1111111111111100000000000000000000                  
                  1111110110       001110011111110 11111111010 01111111111111       01100101101101101111100111111110110000000000000000000000                    
                0 10111111100    0 001110011111110001111111101111011111111111110   1111111110000000000000111111111100100000000000000000000                      
                000110011111110000111111001110010 01111111111111011111111111111100111101100000000000000000000000100100100000000000000000                        
                  000000001111111111111100111111 01111   1  111111  1111111111111110000000000000000000000  00000000000000000000011000000                        
                  00000010011111111111100011110 011100011111111111111100000111000000000000000100000000             000000000000011111000                        
                         0001111000000000011000111000000001111     10000000000000001101111100000    00000000         0000000000000111000                        
                                00111110000001110010000001111111     0010111011111111100        0000000111            00000000000000000000                      
                                       0001      001110001111111      0000000000                  01111111              010000000000000000                      
                                               00100001111111111      1                             001111                000000000000000000                    
                                                  000001111111    1111 1000000000111                    00                 00100000000000000                    
                                                             00011    11000000111111                                          01100000000000                    
                                                                     000000000111111                                             00100000000                    
                                                                       00000111101                                                  00000000                    
                                                                             01110                                                        0000                  
                                                                               01                                                                               
                                                                                                                                                                
                                                                                                                                                                
                                                                                                                                                                
                                                                                                                                                                
                                                                                                                                                                
