                                                                                                                                                                
                                                                                                                                                                
                                                                                                                                                                
                                                                                                                                                                
                                                                                                                                                                
                                                                                                                                                                
                                                                  000111                                                                                        
                                                              0011111100                                                                                        
                                                           0100000000111111111                                                                                  
                                                        011000000000000001111111                                                                                
                                               00     0000  000000000000000001111111                                                                            
                                    0001111111111110           00000000000000000000011 1                                                                        
                               001111111111111111111 0           0111110000000000000000011 1                                                0111                
                          0111111011111111111111111100            11111111111110     000000111 0                                         01110                  
                      0111111000000000011111111101111110        001111111111110          000001111                                   001100000                  
                   0111100001111111111110111111111111111       0111111111111111             00000111                              0111000000                    
                011111111111111111111111100111111001100010    0111111110011101110          00000000111                        00110000000000                    
              0111001111100000111100111111001111111111111100 011111100011111111110        01111110   001                  011110000000000000                    
            0111110011       00111001111111 01111111110 01111111111111111000111110     01111111100                   001111000000000000000                      
            11011111110    0 001110111111110 1111111010   111111110011100    11111100001111111110         11100000111100000000000000000000                      
            1111011111110000111111011111110 011111111010011111111111111        11011111101110111110     00111111111100000000000000000000                        
             00000001111111111111001110011 0011111111111110111111111111110    011101101101101101110   0111111001111110000000000000000000                        
                 000111111111111001111111  01111  11 1111111 111111111111100011111111111001011011111111111111111100000000000000000000                           
                  0000111100111001111110 0111001 11  1111111 111111111111111111111100000000000000000000111111110110000 00000000000                              
                         0011111101000001110000000011111  111111111111111000000100000000000000000000001000000000000000000000000000                              
                             000000011  1001000000111111    1000000000000000000000000000000000000        0000000000000000000011100                              
                                    0     11110001111111      00101110000100111111111100000000                 000  0000000000000000                            
                                          00011111111111      00000000111111110000       00 00000011 1           000000000000000000000                          
                                               011111111     1000000 0                    0000011111               0000000000000000000                          
                                                  011     1     0  000000000                01111111                00000000000000000000                        
                                                        0     10 00000001111                   011 1                  010000000000000000                        
                                                               0000000001111                                            0010000000000000                        
                                                                000010001111                                               0111000000000                        
                                                                  00011110                                                    0011100000                        
                                                                      0111                                                         00000                        
                                                                                                                                                                
                                                                                                                                                                
                                                                                                                                                                
                                                                                                                                                                
                                                                                                                                                                
