                                                                                                                                                                
                                                                                                                                                                
                                                                                                                                                                
                                                                                                                                                                
                                                                                                                                                                
                                                                                                                                                                
                                                                                                                                                                
                                                                   000111111                                                                                    
                                                               001001111110001                                                                                  
                                                           00110000000000011111111                                                     1                        
                                       00001111111111000  000   00000000000000011111                                                0 00                        
                                000111111111111111111111           0000000000000011111                                              1000                        
                          001111111100011111111111111111            0011100000000000000111                                       0100000                        
                      001111100000000000000111111111111100            1111111100000000000011 1                                 011000000                        
                   011111011111111111111111001111111111011          011111111111110     0000011111                           01100000000                        
                 0111001111111111111111111110011101110111110      111111111111111           00001111 1                     01100000000                          
              01111110111001    00111001111110011111111100110    01111111000110110            0000001111                 0110000000000                          
              11011111110       00111011111111 011111101111110000101111101101111110           000000000011            0111000000000000                          
              01100111111000000011111011111111 0111111111   111111111100111001110110        01111100                011000000000000000                          
              00010001111111111111110011111110 01111111010 0111111110011110   011110     00111111110        011111111000000000000000                            
              001000 011111111111110011111110  01111111111111111111111110     0011111000011111011110        011111111000  0000000000                            
                  00011111111111110011111110 01111  1111111001111111111110      0110111111011110111110    011011001100000 0000000000                            
                        011110111111111110  011001  1  111111  111111111110   001110111011011111101111000011111110000000000000000000                            
                            01111110000000011000 01111111111111111111111111000111111111101001001101111111111111000000000 00000000000                            
                                000000001 001100000001111     1111111111111111111111000100000000000000000000000000000000 0000000000000                          
                                    0      100110000111111      000011110000000010000000000000000000000000000000000000   000000000000000                        
                                         01111011110111111    1110001000000000000000000000001000000                 0000 000000000000000                        
                                           000000011111111    11 01110011111111111111111110000000 0                    00000000000000000                        
                                             0000000011       11 00000000000000000        00000000001111                 00000000000000000                      
                                               001 0      0 1    1    000                   0000011111 1                     00000000000                        
                                                               0000000000110                  01111111                          0000000000                      
                                                                000000001111                     00111                                 0000                     
                                                                 010000011 1                                                                                    
                                                                   1000011                                                                                      
                                                                    1111                                                                                        
                                                                      11                                                                                        
                                                                        0                                                                                       
                                                                                                                                                                
                                                                                                                                                                
                                                                                                                                                                
