                                                                                                                                                                
                                                                                                                                                                
                                                                                                                                                                
                                                                                                                                                                
                                                                                                                                                                
                                                                                                                                                                
                                                                                                                                                                
                                                                                                                                    000111                      
                                                                      000111                                                   0011111111111                    
                                                                 0011111110011                                              0111111111111111                    
                                                              01100000001111111111                                        1111111111111111                      
                                                           0110000000000000001111111                                   0111011111111111111                      
                                    00111111111111111100  0       0000 000000000000000111111                         01100000111111111111                       
                           00011111111111111111111111111          000100000000  00000000000001111111               011000000001111111111                        
                       011111111000000001111111111111111            001111000000000    000000000000011            1100000000011111111111                        
                   011111010011111110000110111111111111000            111111111110           000000000         01110000000000011111111                          
                011110111111111111111111110011111111111111         00111111101111             00000       00111111100000000000000000                            
              011111101100   00011110000011 011101110111110      011111111111111110          0111110        111111000000000000000000                            
             01101111110       0011101111111 011111111100111     11111111100110001100       01111110       110110000000 000000001000                            
              111001111100 000001110011111110 111111101110110000010111100011111110111      11110111111    0111001000000 00000000111111                          
               010101111111001111110011111110 1111111111   1111111111111111100001111100 0001101110111100001000000000000  000000000101011                        
                  00011111111111110011110110 011111111010  11111111100111000    01110111111100100100000000000000000000   0000000000001000                       
                    0011111111111000111111  011111111101111111111111111110        0110011000000000000000000000        00000000000000000110                      
                        011100110011111100011111  11111111001111111111111110     01111000000000000000000                 00000000000000000                      
                            11111000000011110001  11  1111111 1111111111111110001110000000000000001000                       000000000000000                    
                               0000001  011000  1111  1111111 11111111111111111110000000000000011000 00000                      000000000011                    
                                  0 11  001000000011111111111111000000111100000000000000011111000  0000000                          00110000                    
                                      0  01000000000000011000000000000000000000000000111110   000000000000                              0111                    
                                          0 0000011111101110000011011100001111111 11100             000000                                 00                   
                                          0110111111111 0  1111110000000001100000                                                                               
                                          001 11111111           00    000000000                                                                                
                                          0 00111111              00000000001111                                                                                
                                                 1                  110001111111                                                                                
                                                0                     11111111                                                                                  
                                                                        001111                                                                                  
                                                                             000                                                                                
                                                                                                                                                                
                                                                                                                                                                
                                                                                                                                                                
                                                                                                                                                                
