                                                                                                                                                                
                                                                                                                                                                
                                                                                                                                                                
                                                                                                                                                                
                             0000000000                 000011111111                                                                                            
               0001111111111111111111111111110     01110000000001111                                                                                            
           0111111100000000000111111111111111100  000  000000000011111                                                                                          
      0111111111111111111110000011111111111111 1         000000000001111                                                                                        
     11111101110110001111111111100111111111110          000100000000001111                                                                                      
     1011111110      011110000111011111111110110          011110000000000111                                                                                    
    10100111110      011100111111001111110111111          11111111000000000011 1                                                                                
     00000111111000011111011111111 1111111110110      01111111111111110   00000111                                            00000000                          
      0001111111111111110011111110 1110110111111    011111111111011100       000011110                                  0011111111 1                            
      0   01111111111110011111110 01111111100011100011111111100110111           00000111                            00111100000011                              
            0110011110011111110  01111111110  011111111110001111110110            00000011                       01111000111111110                              
              0111111111111110 0111111111110011111111111111110001101110          0000 000111                 0111000001111110000                                
                  1100000000001111   111111111111111111111000   011111      0  01111000                   0111000000001111111111                                
                    011001011110001 11  111111111111111111      0111110000001111111110                 01110000000000111111000                                  
                      0 1 1100000 1 11  111111  111111111110      11011111111011011110        011111111100000000000011100000                                    
                         01000000000011 11111111111111111111   001110011011001111011111     00011111111000000000000001111111                                    
                          10000000111100011111111111111111111111111111111111011011011110   011101100100000000000000000000                                       
                          010101111111  0100000000000111111111111111100110000000010011011111001101100000000 0000000000 0                                        
                          0111011111    111110011000100000000000010000000000000000000000000000001000000000 00000000000                                          
                         1011111 1  111100001110000000011100010000000000000000000000000000100000000000000 000000011110                                          
                           111 1    1110       0000000001111111111111111111000000000             000000   00000000000000                                        
                          0  1                 00000000000000000          00 0     0000              00  00000000000000000                                      
                             1                 010000011111100              000000000000               0000000000000000000                                      
                                                1101111111  1                 01111001                   0000000000000000000                                    
                                                  11111111   1                  011111                     00000000000000000                                    
                                                  111110                            00                       000000000000000                                    
                                                    11 1                                                        000000000000                                    
                                                      01                                                            00000000                                    
                                                                                                                        00000                                   
                                                                                                                                                                
                                                                                                                                                                
                                                                                                                                                                
                                                                                                                                                                
                                                                                                                                                                
                                                                                                                                                                
                                                                                                                                                                
