                                                                                                                                                                
                                                                                                                                                                
                                                                                                                                                                
                                                                                                                                                                
                                                                                                                                                                
                                                                                                                                     0                          
                                                                                                                                0011                            
                                                                                                                              0111 0                            
                                                                       000001111                                            011000                              
                                                                0000111111111111                                           110000000                            
                                            00000000000      011000000000011111111                                        10000000                              
                                 0000011111111111111111100  0 0    0000000000011111111                                  010000000000                            
                          00111111111101111111111111111111          00000000000000111111 0                             01000000000                              
                      011111110000110000001111111111111110            0011000000000000011111 0                        110000000000                              
                   01111111111111111111111110111111101111000          01111111100000 000000001111111                 1100000000000                              
                11111001111111101111111111110011111111111111        0011111111111110       0000000011111            11000000000000                              
              1 1111111110      0111100011111 011111101111110      1111111111111110            00000001111        01000000000000                                
               11011111110      00111011111110 111011111101110    011111111001101110            00000           0110000000000000                                
              00010011111100000011110011111111 01111110011011100011011111111011101110         0110000       01111100000 00000000                                
               00001 0111111111111110111111110 01111111110  01111111111100111011101110      001111110        0101000000 00000000                                
                  000111111111111110011111110 011111111010 011111011101111110  01111100    011110111100     11010000000 0000000000                              
                    00011111111111011111110 001111111111111111111111111110      011101101111100110011110   000000000000  00000000000                            
                         01111111111111100 011111   11111110111111111111110       0110011011001100100100000000000000000  0000000000000                          
                            0011110100000111110001 1   111111  1111111111111    01111001100000000000000000000000010000   0000000000000                          
                                001111 1  0110000000111111111111111111111111100111111110000000000000000010000         0000000000000000                          
                                      1   000100000011111   1111111111111111111111000000000000000000000                  0000000000000                          
                                       00   10111000111111    100000011110000000001000000000000100000                       000000000000                        
                                            00001111111111     10000100000000000000000001111100000 0000000                        00000000                      
                                                 0111111    11  00011101111111111111 11000  00000000000000                                                      
                                                   0011     11110000000000000000 0              0000000000                                                      
                                                                1    000000000                     0001111                                                      
                                                                 000000001111                                                                                   
                                                                  0000011111  1                                                                                 
                                                                   00000111111                                                                                  
                                                                     1111101                                                                                    
                                                                       011 1                                                                                    
                                                                          01                                                                                    
                                                                                                                                                                
                                                                                                                                                                
                                                                                                                                                                
