                                                                                                                                                                
                                                                                                                                                                
                                                                                                                                                                
                                                                                                                                                                
                                                                                                                                                                
                                                                       0                                                                                        
                                                                   001                                                                                          
                                                                01111000                                                                                        
                                                             011111000111001                                                                                    
                                                          0110000000110001100011                                                                                
                                                        011000000000000000011000000111 1                                                                        
                                          000000000   0000     0000 000 0000000000000000001111                                     0011111111111100             
                                  00111111111111111110         000100000000000  000000000000000011                           0111111111111111111                
                           000111111111111111111111111            01111111100000        0000000000001                   001111111111111111111111                
                       0111111100000011111111111111110              11111111110             000000000                0111100001111111111111111                  
                   0111110000011110000110111111110111111         001111111011110           0110000               011110000000000111111111111                    
                 11111011111111111111111100111111111111110      011101110011101110         1111110        0111111111000000000011111111111111                    
              011100111111110000110000001100111111001100010     1111111111111111111      0011011100      0011111111111000000001111111111 1                      
            11111110110       0011000111111 01110111111111100 0111111100111001100110   0011111111111    01111110110010000000001111111111                        
           111011111110       00110011111110 01111111110 001111111111111111   0111011111111011011111100011111011001001000000000010001                           
            11100011111000000011110011111110 01111111110  011111111101110       0010011011001001000100100000000010010000000011111111                            
              00000011111111111111001111011  01111111101001111111111111110       111001000000000000000000000000000000000000011111111                            
                00001111111111111001110110  01111111111111000111111111111110   011111100000000000000000         0000  00000001111111                            
                  00011100001111001111110 001111  111 1111111 11111111111111111111000000000000000000               000000000001111111                           
                       00111000001111000011110001 11  1111111 11111111111111000000000000000000000  00000             00000000011111111                          
                            00110000000 1110000 011111 1111111111000001111000000000000011100000 00000000               000000011111111                          
                                001      00100000000011011100000000000000000000111111100       000000000                 010001111001111                        
                                    0 0   10110000000010011000000111111001111111100                  000                   1101111110011                        
                                          0001110001111111111111100000000000000                                             0111100111                          
                                          000001111111111  000000000    00000000                                              01111011                          
                                            10 000111111          00000000011111                                                111101                          
                                                    0  1            011111111111                                                 01111                          
                                                      0                 01111111                                                                                
                                                                            0111                                                                                
                                                                                                                                                                
                                                                                                                                                                
                                                                                                                                                                
                                                                                                                                                                
                                                                                                                                                                
                                                                                                                                                                
