                                                                                                                                                                
                                                                                                                                                                
                                                                                                                                                                
                                                                                                                                                                
                                                                                                                                                                
                                                                      011                                                                                       
                                                                   0111100                                                                                      
                                                                01111100011100                                                                                  
                                                              01000000011000110001                                                                              
                                                            0110000000000010001110001111                                                                        
                                                           110 0000000 0000000000000000000011111 1                                                              
                                                   000    00       00000000000 000 00000000000000111                                     0000000000000          
                                           001111111111100          000111101100000        0000000000011                        00011111111000000000            
                                      01111111111111111111              11111111110            000000000                   00111111110000000000000              
                                  01111111111111111111111100           0111111011100           000000                  0111100000001111111000000                
                             001111100000011111111111111111111       01111111001101110        0111110       000000011111000000000000111111110000                
                          01111111111000000011001111111111111110     0111111101111101110     01101110        011111111000000000000111111111110                  
                       011111001111011111111111000111011101110111    01111100011011100100  001111111111     11011001101000000000111111111100                    
                      11111111111111111110000011000111111111111111000111111111110  0111111111100110111100 01111111101000000000000011111111                      
                    0110101111111000000110011111110011111110110  01111011101110      0010010010000010010111100111110000000000000011000                          
                  111111101110       00110011111111 01111111010  01111111111110       011000000000000000000000000000000000000011110001                          
                 1111111111110    0 001111011111111 011111111000011011111111111110   1110000000000000000000000000000000000000011111111                          
                 1111100111111100000111111011111010 011111111111100111111111111111001100000000000000000             00  00000001111111                          
                  01110000011111111111111001110111 01111  1111111111  11111111111000000000000000000000000000          0000000000011111                          
                    00001001111111111111000011111 011111  11  111111111100000011000000000101110000 000000000           00000000011111111                        
                        000011110000000000111100011100 0111111110111011000000000000001111110     0000000000              100000111111110                        
                               00111111010000001011000 01111111011000000000110011111 110             0000111              01000011100011                        
                                      00000     101000 0111111100110000111110111000                                        0110110111000                        
                                       0000000001011000000111   1  11110000000                                               01111001110                        
                                      10000000000 0 000000010      000000000 000000111                                         011100001                        
                                      0000000000    10000011 0       00000000000001111                                           0111100                        
                                      00            11010111          0000000111111111                                              01 1                        
                                                      101111            0000   0111111                                                 00                       
                                                      1 11                         011                                                                          
                                                        1                                                                                                       
                                                                                                                                                                
                                                                                                                                                                
                                                                                                                                                                
                                                                                                                                                                
                                                                                                                                                                
