                                                                                                                                                                
                                                                                                                                                                
                                                                                                                                                                
                                                                                                                                                                
                                                                 0000111                                                                                        
                                                           0001111111111                                                                                        
                         00000000111111111111000       0111000000000011111                                                                                      
                  00111111111111111111111111111110    000  00000000000001111                                                                                    
             0011111110000111000000111111111111111 0         00000000000001111                                                                                  
         01111101111111111111111111101110111111110          00010000000000001111                                                                                
       01111111110 0   00111111111110111111111111110          0111110000000000000111                                                                            
        1101111110      01111001111100111111111111 0          11111111100000000000111                                                                           
        00100111110000001111001111111 01111111111110      011111111111111110   000000111 0                                                                      
          010011111111111110011111111 01111111111111     11111111111111110        00000011 0                                                                    
          00011111111111110011111111 0111111111100111000111111111000111111           0000111 0                                                                  
              011111111110011111110  01111111110  0111111111110001111110110            0000111                                                                  
                001111110111111110001111111111100011111011111111110001101110        000000001111                                                                
                   0111111111000001111   1111111111111111111111000   011111      000111110000011 1                                                              
                      0000000101111001  11  1111111111111111111      00111110000111111111110    00                                           0                  
                        0 111 100000 01 1   111111  1111111111110      1111111111111111110                                            000011 1                  
                            01000000 01 1   111111 111111111111110  01111101101101111111110       000                     000000001111000000                    
                            100000000011111111111111111111111111111111111111111111101101110     000111111100011111111111000000000000000000                      
                            000000000000111000100011000011111111111111111110110010111111111000011111111111110000000000000000000000000000                        
                           10010101111110111111100001100010000000000001000000000000000001111111111111111111110000000000000000000000000                          
                           01110111111  100000111 1110011100001100000000000000000000000000000011111111011010000000000000000000000000                            
                           11110111   1100         0000000001111111111111111111000000000000000000110110110000000000000000000000000                              
                           111      11              0000000          00        0000 0           000000000000000000000000000000                                  
                          01                        01000000000                 000000000100       00000000000000000000000                                      
                                                      010111111 1                010111111           0000000000001110000                                        
                                                     010111111 1 1                01111111            000000000010111100                                        
                                                      111111 1                      01 1               10000000001111100                                        
                                                        11 1 1                         0               01000000010000000                                        
                                                        0 11   1                                        010000000000100000                                      
                                                                                                         01000001000000000                                      
                                                                                                           110000000000000                                      
                                                                                                            01100000000000                                      
                                                                                                              0110000000                                        
                                                                                                                01100000                                        
                                                                                                                   01100                                        
                                                                                                                      0000                                      
