                                                                                                                                                                
                                                                                                                                                                
                                                                                                                                                                
                                                                                                                                                                
                                                                                                                                                                
                                                                                                                                                                
                                                                                                                                                                
                                                                                                                                 000010                         
                                                                   000001111 0                                               0001111 0                          
                                                               000111111111111                                             011000000 0                          
                                          00000000    00000000000000000000111111 0                                        0100000000                            
                                0011111111111111111111000  0      000000000000111110                                     01000110000                            
                         001111111111111111111111111111110    0000  00000000000000111111                                010000000000                            
                    00011111000000001111111111111111000110      001000000000000000000000111110                         01000000100                              
                 0001111111111111111111111111111111100000000    0011000111111000  00 0000000011111               0    110000000000                              
               011111111111111111111110011110111111111000010    0000011111111000000        00000000000              01000000000000                              
             0111111001000 0  0000011110011110111111110000000001000111111111100000            00        000        00000000000000                               
          0   011111000  0  0000011110110111110111101110000010000011111111001100000     0000000 0 0000000000    0000000000000000                                
              00111100000000011001111111101111011111111110001111111111111111111000000  00000000000000   000001111100000000000000                                
              00011101111111111011110111001110011110000110000111111111100011001100000000000000100000  00000000100000000000000000                                
                 00111111111110011100110001100111111001111001111111110000001000011011000000111111000000000000000000000000000000000                              
                   000011111101111011100111011111111111111111111111100000    0000110111011001001101111000000000000000000000000000000                            
                        00111011111110111001111111111111111111111111110000  0000001100110000000000000000000000000000000000000000000000                          
                           0001100001110001111111111111111111111111111100011000011111000000000000000000         0000000 00000000000000                          
                               001  01011000110111111111111111111111111111111001110000000000000000                   00000000000000000                          
                                  001100000001100111111111111111111111111110011000000000000000000000000                 00000000000000 0                        
                                       00011101110011111111111100000000000000000000000000000000000000                       0000000000                          
                                           0000011111111111111 1000000000011011110000000000000000000000                          000000000                      
                                               000111111  11111100011111111000000           000000000000                                                        
                                                      0000011111000000000000                                                                                    
                                    0                        000000000000000                                                                                    
                                                                000000111111                                                                                    
                                                                 01000111111                                                                                    
                                                                  0111111111                                                                                    
                                                                    001111                                                                                      
                                                                        00                                                                                      
                                                                                                                                                                
                                                                                                                                                                
                                                                                                                                                                
                                                                                                                                                                
