                                                                                                                                                                
                                                                                                                                                                
                                                                                                                                                                
                                                          0001111111                                                                                            
                                                     011000011110000                                                                                            
                    00000111111111111111111100    01000000000000111111                                                                                          
              0011111111110001111111111111111100        0000000000001111                                                                                        
          011111100000010000000111111111111111           0000 000000001111                                                                                      
      0111101111111111111111111101111011111110            0110000 0000000111                                                                                    
    01111110110010000000111111111011111111110111          0111111000  00000011 1                                                                                
   01101111111       001110000111001111110111111        0011111111110000 00000011                                                                               
    11100111110   0 00111001111111 01111111101110     011111111111111100    00001111 0                                                                          
      0000111111000011111011111111001111110111110    0111111111011110          0000011 0                                                                        
       000111111111111110011111110 0111111110 011000111111111101100110           0000011                                        000000                          
          01111111111110011111110 0011111101   011111111110011111111110           00000011                                 0001000                              
             0110001110111111110 01111111101001111111110011110000101110         00000 000111                          001110000000                              
                11110111111100 01111  11111111101111111111100    111110     00011111110   00                      0111100000000000                              
                  000100000001110001  1   11111111111111111       01111000011110011110                       0011100000000000000                                
                     00  110100000 0111  11111  1111111111110     1110111111101101110         00        001111000000000000000000                                
                        0 1100000 01111111111111111111111111100011111111011011011111110     0001111111110000000000000000110000                                  
                         11000000000111100111111100011111111111111111111111111011101110    011111011011000 0000000000000000000                                  
                        1 00000000110011100100000000001111000111111010001000000001111111111011111001100000 00000000000011000                                    
                         01010101111 101  1111101111110000000000000000000000000000000000001101111100100000 0000000000000                                        
                        11111111111 11     00011000000011111111100010000000000000000010001000010001000000 000000000000                                          
                        111111 11               00  0 00000000111111101000000000000        0000000000000 0000000000000                                          
                         11 1111                00000000000                0      000           000000   00000001110 0                                          
                                                010000011111 0              000000001111           00  000000000000000                                          
                                                  0101111111 1               011111111              000000000000000000                                          
                                                 111101111                     01110                 0100000000000000000                                        
                                                  111101    1                    011                   10000000000000000                                        
                                                   111                                                  0100000000000000                                        
                                                       1                                                  01000000000000                                        
                                                                                                            011000000000                                        
                                                                                                              01110000                                          
                                                                                                                 0011000                                        
                                                                                                                     0000                                       
                                                                                                                                                                
                                                                                                                                                                
                                                                                                                                                                
                                                                                                                                                                
