                                                                                                                                                                
                                                                                                                                                                
                                                                                                                                                                
                                                                                                                                                                
                                                                                                                                                                
                                                                    0001                                                                                        
                                                                0011111000                                                                                      
                                                             011001110011111                                                                                    
                                                          0110000000011100011110                                                                                
                                                        011000000000000000000011111                                                                             
                                           000011110    0       000000000000000000000111                                                                        
                                    011111111111111111          0000110000000 000000000011                                                                      
                               00111111111111111111111 0            1111111110000   000000001111 0                                              00              
                          00111111000111111111111111110000          1111111111110        000000011                                         0011100              
                       01111100000000000010011111111111111       011111111111110            0000000111                                 001100000                
                    0111100011111111111111100111011101111100    01110111100110111            000000001                             0011000000000                
                 01111111111111111111000011100111111011101110   0111111111011111110         011000000000                      0011110000000000                  
                0110001111110000001110011111110011011101100110001111110011100110011      0011111110                       01111000000000000000                  
              11111110110       001110011111110 111111111   011101111111110   111110  000111001110                   00111100000000000000000                    
            01111111111110    0 001110011111110 0111111010  1111111111110      011111111110111111100       011111111110000000000000000000000                    
             000110011111110000111111001111011  01111111011110111111111110      01101101101111111111    0111111111111100000000000000000000                      
              10000000111111111111110001111110 0111111111111011111111111111    111111110111111110111100011111110110010000000000000011100                        
                00001001111111111111011111110 0111  11  111111  1111111111110111111111110000000011101111111111110110000000000000000000                          
                     0001110000011001111110 0010001 11  1111111111111111111111111100000000000000000000000000110110100000000000000000                            
                          0011111111000000001100000011111111111110000011110000000100000000000000000000000000000000000000000000000000                            
                                0000000111 001000000001111  10000000000000000000000100111100000000           00000000000000000111100                            
                                     01111  10110000111111    10011111101111111111111000000     000000           0000000000000111100                            
                                      0 0000000 1001111111      000000000000000            00000001111            00000000000000000000                          
                                      10000000001 11111111     1000                          111111111              00000000000000000000                        
                                      00000000    01111111      0 000000001111                 01111                  010000000000000000                        
                                       010            01  1    100001000111111                    01                   01100000000000000                        
                                                                00000111111111                                            01100000000000                        
                                                                 00000011111                                                001100000000                        
                                                                      000111                                                   001111000                        
                                                                          01                                                        000011                      
                                                                                                                                                                
                                                                                                                                                                
                                                                                                                                                                
                                                                                                                                                                
                                                                                                                                                                
