                                                                                                                                                                
                                                                                                                                                                
                                                                                                                                                                
                                                                                                                                                                
                                                                      00                                                                                        
                                                                 00111                                                                                          
                                                              0111110000                                                                                        
                                                            110011000111000                                                                                     
                                                         0110000000110001110001                                                                                 
                                                       0110000000000000000001100001111                                                                          
                                                      000      00000000 000000000000011111                                                                      
                                       001111111111100         000111100000000000000000000001111                                                                
                                  011111111111111111 1            01111111111110       00000000001 1                                                            
                             0011111111111111111111110 0           111111111111            00000000011                                                          
                         0111111000001111111111111111111 0       011111111111110            0000000001                                       000000000          
                      011111001111000001110111111111111111      011101110001101110          1110000    0                           00001111100000000            
                   01111000111111111111111000111011101100010    0111111111111111110      0011111110                         0011111111000000000000              
                 0111111111111110111000001110011111111111111000011111100111000110110    0111001110        0000       001111110000000000000000000                
               0110000111111 0000111001111111001111111011  0111111111011110   0111110000111111111100       11111111111000000000000000000000000                  
             011111100110       00111011111111001111111010  0111111111111       01101111100111111111    01111111111111000000000000011111111100                  
            0110111111110    0 001111011111111 0111111110100111111111111110     011101101111101101111001111111101101101000000000011111100000                    
             001110111111110000111111011111010 01111111111110011111111111111   01111111100000000001001101111111101101000000000001111111110                      
              0110000011111111111111001110111 0111   1111111111 1111111111111111111110000000000000000000000010011110010000000000000000                          
                0000100111111111111001011110 011111 11  1111111111111111111111110010000000000000000000 00000000000000000000000011100                            
                     000111100000100011110 011100 011111 11111111100000111000000000000000110000000            00000000000001111000                              
                           001111110000000101000000011111111100000000000000000011001111100000   00000110        000000000000111111                              
                                  0000     00100000000100000100000111111011111111100        0000000111           0000000000011111111                            
                                    000000010 0000001111   11111111000000000                  00111111            010000000100111111                            
                                    00000000011000011111111110000000         000                 00111              10000010111111000                           
                                  010000000000110111111111      0   000000011111                     0               11010011100011100                          
                                  010000        11111111        0000001100111111                                      0100100111000000                          
                                                  1111            00000111111111                                        11101000110000                          
                                                    1               00  00111110                                         0111000000100                          
                                                      0                     00                                              01110000                            
                                                                                0                                             001110                            
                                                                                                                                  0011                          
                                                                                                                                                                
                                                                                                                                                                
                                                                                                                                                                
                                                                                                                                                                
