                                                                                                                                                                
                                                                                                                                                                
                                                                                                                                                                
                                                                                                                                                                
                                                                                                                                                                
                                                                        0                                                                                       
                                                                     011                                                                                        
                                                                  001110                                                                                        
                                                                01111100111001                                                                                  
                                                             011000000110001100111                                                                              
                                                           0110000000000010001100001011111                                                                      
                                                         0110 0000000 0000000000000000000000000111                             001111111111111111100            
                                           00011111110           00000000000  00  00000000000000000011                    011111111111111111111111              
                                    01111111111111111111          0001111101100000          000000000000              0111100000111111111111111111              
                             001111111111111111111111111              111111111110            000000              001110000000000111111111111111                
                         011111110000000111111111111111000           0111111111110           0111110        0111111110000000000011111111111111                  
                     0111110000111110000110111101110111011         01111111111111110         1111110        01111111111000000001111111111111                    
                   11111111111111111111111100111101111111110      01111111100110101110     01110111100     1101100110100000000001111111111                      
                1111000111111100001100000011 0111111101100011     011111100110111100110   00110110111100 011011011001000000000000111111                         
              01111110110       0011001111111 011101111111111100011111110111100 011111110101101101100111110000000000000000000011111111                          
              01111111110       00111011111110 01111111110  011111011100111000    00110011000000000000000000000000000000 00000111111                            
               0010011111100000011110011111110 01111111010   111111111111110        1110010000000000000000         000  00000001111111                          
              0100000011111111111111011110110 00111111110110111111111111111110    011111000000000000000               0000000000111111                          
                   0001111111111111001101110 01111111111111110111111111111111110001110000000000011000 000000            0000000111111111                        
                       001110000110011111100011111  11  11111111 111111111111111100000000000011000  00000000              00000011111111                        
                           011111000000000111110001111  11111111111111110111100000000000111100  000000000000                010011111111                        
                               000000000  1110000 0111111111111111100000000000000011111110            000000                 011111111011                       
                                    0     11100000000110000110000000000011000111111100                                         0111101111                       
                                      000000100000011111  101110111110000000000000                                               1111111                        
                                      100000 00000111111  1101111100000   0000000001                                              011111                        
                                      1000000 0111111111 1           000000000011111                                                1 11                        
                                      100   01 1111111 1                011101111111                                                                            
                                                1111 1                     011111111                                                     1                      
                                                 0   1                         00111                                                                            
                                                                                                                                                                
                                                                                                                                                                
                                                                                                                                                                
                                                                                                                                                                
                                                                                                                                                                
                                                                                                                                                                
