                                                                                                                                                                
                                                                                                                                                                
                                                                                                                                                                
                                                                                                                                                                
                                                                                                                                                                
                                                                 0011                                                                                           
                                                              01111100                                                                                          
                                                           011111100111100                                                                                      
                                                        011000000011000011100                                                                                   
                                                      0110000000000000000001100111 0                                                                            
                                                    0000  0  0000 0000000000000000011111                                                                        
                                      000111111100           0001000000000 00000000000001111 0                                                                  
                                 01111111111111111 1            011111111100000     000000000111 0                                                              
                            001111111111111111111110            0 111111111110           000000011 0                                                            
                       00111111000011111111111111110110        001111111111110             000000011 0                                     000000001            
                    01111100001000001101111111111111111       111111110111101110          011000000000                            0000111100000000              
                 0111100111111111111111001110011001111110     1111111111111111110        01111110                          001111111000000000000                
               01111111111111111100001110011111111110111100 0010111100111111101110    0111111110        000         00111111000000000000000000                  
             011100110010 00000110011111100111111101110011011111111111110   0111110000011111111100      00111111111100000000000000000000000000                  
           0111111111        0111011111111 01110111110   10111111101110      0011011111101111111110    1111111111111000000000000001111111000                    
          0110111111100  00000111011111111 01111111111000111111111111110       11101101111101101111000111111101110111000000000011111000000                      
           0111001111111000111111011111110 0111111111111111111111111111110   01111111110000000001101111111111101100000000000000011111000                        
            00000001111111111111001110110 011111111111111111 1111111111111111111111100000000000000000000001101101100000000000000000001                          
                 00111111111111101111110 011111  11  11111111111111111111111111010000000000000000000000000000000000000000000001100                              
                     00011100100011110001110000011111 1111111111001011110000000000000000000000000            000000000000011110000                              
                          0011110000001 010000000001111111000000000000000000001001111110000     000000         0000000000011111110                              
                                 001    101000000011111   10000010111101111111 1100       000000001111           00000000001111110                              
                                      000001000001111111    011110000000000                  01111111             000000001001111101                            
                                           0111111111111  11100000    0                        00111               10000000111110000                            
                                             111111111 1       0 0000000011111                     00               0100001110001110                            
                                               01111 1          00000000111111                                       011000011100000 0                          
                                                   01            0000111111111                                         0111100011000                            
                                                                   00011111110                                           01110000000                            
                                                                        0001 1                                             011100000                            
                                                                                                                              011100                            
                                                                                                                                 001                            
                                                                                                                                                                
                                                                                                                                                                
                                                                                                                                                                
                                                                                                                                                                
