                                                                                                                                                                
                                                                                                                                                                
                                                                                                                                                                
                                                                                                                                        00 1                    
                                                                                                                                      0110                      
                                                                                                                                    01000                       
                                                                                                                                  011000 0                      
                                                                                                                                 1100000                        
                                                                         000011111                                              1100000000                      
                                                                   000011111111111                                            0100000000                        
                                                                0111000000000111111111                                        1000000000                        
                                                  0000000   00000   000000000000111111 1                                    110000000000                        
                                         0011111111111111100          00000000000000011111 0 0                            01000000000000                        
                                   0011111111111111111111111          010111000000 000000011111111000000                 110000000000000                        
                              011111111000111111111111111110              1111111000000     00000011111111 1           011000000000000                          
                          011111101110000000000111111110111101           1111111111110           00000000000         01100000000000000                          
                       011110001111011111111111001111111111011        0111111111001110             00000        00111110000  000000000                          
                     0111111111111111111111111110011101110111110     011101111001100110          0010000        011111000000 00000000000                        
                   01111100110010 000011100001111 011111111100111    01111111110111101110       01111110        011110000000 0000000000000                      
                  11011111111       00111001111111 01111110110001100110111100011001100110     0111000111000    0110000000000  000000000000000                   
                  011111111110   00000111011111111 01111111110  0111101110011110   0111110000011101100111100 001000000000000  0000000000000000                  
                   0010001111110000111111011111110 01111111000 001111111111110      001101110110011001000000000000000000000   000000000000000000                
                      001001111111111111001110110 00111111110111101111111111110       11100100000000000000000000000        000000000000000000000                
                        0 0111100011111000111110 01111  111111110111111111111111    0111110000000000000000000                  0000000000000000000              
                             0011100000011111000111000  11  111111  11111111111110011100000000000000000000                                                      
                                 00111100000011111000 01111110111111110000111110000000000000000000010000  000000                                                
                                       01     100100000000010000000000000000000000000000000011111000   0000000                                                  
                                            0   111000000011100100000000001000011001111111100      00000000000                                                  
                                                  0 10000111111111111110011011111111000                0000000 0                                                
                                                    1100111111  000000000000000000                                                                              
                                                       1111111       00   00000000                                                                              
                                                        111111         00000000111                                                                              
                                                        0 11           01000111111                                                                              
                                                           1             111111111                                                                              
                                                                          011110                                                                                
                                                                            0111                                                                                
                                                                               00                                                                               
                                                                                                                                                                
                                                                                                                                                                
                                                                                                                                                                
