                                                                                                                                                                
                                                                                                                                                                
                                                                                                                                                                
                                                                                                                                                                
                                                                                                                                                                
                                                                                                                                                                
                                                                                                                                        000000 0                
                                                                                                                                  001111 1                      
                                                                       00011                                                   01111111111                      
                                                                  001111111111                                              01111111111111                      
                                                              011000000001111111                                         01111111111111111                      
                                            000000000      011000000000000001111111                                    0110011111111111111                      
                                  0001111111111111111100          0000000000000001111111 1                            110000011111111111                        
                          001111111111111111111111111111          00000000000000000000000111111111                  110000000011111011                          
                      0111111111000000001111111111111110            001111000000000 000000000000001111            01100000000110111111                          
                   011111111111111111111110111111111111100           1111111111110          000000000000        01100000000000111110                            
               0111100111111111111111111110011111111111111        000111111101111             000000         001111000000000000000                              
              11111111110    0001111000001100111111101111100     01111111111111110           0010010      001111111000000000000000                              
             01101111110       0011101111111 011111111101111     1111111110011001110         1111110       011110100000 000000000000                            
              1110011111000000011110011111110 111111101100110000111111100111111111111      01110110000    0110100000000 00000000000001                          
                0010011111111111111011111111 01111111110   111111111111111100001111110  000111110011110  01001000000000  00000000000000                         
                  0011111111111111001110110  011111111110 011111111100111000   011111111111100100100100100000000000000   0000000000000000                       
                     011111111111000111110 0111111111111111111111111111110        11001100100000000000000001000000000000000000000000000000                      
                        011111000111111100111111  11111111011111111111111110    00111001100000000000000000              00000000000000000000                    
                            01111000000111110001 11   111111  11111111111111000011111100000000000000000                    00000000000000000                    
                               000111   010000 01111  11111111111111111111111111110000000000000100000  000                      000000000000                    
                                  0     10100000000111111111111100000111110000000000000000011000000 000000                          00000000                    
                                      0  01100000000000010000000000000000000000000000111110000000000000000                               00111                  
                                            10000111111011100000111111000011011111111100         000000000                                                      
                                           011011111111 0111111100000000111110000                                                                               
                                            0111111111          00    0000000000                                                                                
                                              0 1111             0000000000011                                                                                  
                                                01 1              011000111111 1                                                                                
                                                                    0111111111                                                                                  
                                                                       0111111                                                                                  
                                                                          0011                                                                                  
                                                                                                                                                                
                                                                                                                                                                
                                                                                                                                                                
                                                                                                                                                                
