                                                                                                                                                                
                                                                                                                                                                
                                                                                                                                                                
                                                                                                                                                                
                                                                                                                                                                
                                                                 001                                                                                            
                                                             00111100                                                                                           
                                                           001110001110001                                                                                      
                                                        010000000110001110011                                                                                   
                                                      010000000000000000011000011111                                                                            
                                                    010  00  000 00000000000000000001111 1                                                                      
                                       000011110000 00      0000000000000000000000000000001111                                                                  
                                 0011111111111111110          0011111111100000       0000000001111                                                              
                            001111111111111111111110            01111111111100           00000000011                                                            
                       0011111100011111111111111110000 0       001111111111100            00000000000                           000000001111110000 0            
                    01111100000000001111111011011111110      0111111110111011100         01101000                       000000000000000000000000                
                 011110001111111111111001111001111111110     01111111110111111110      001011110        00        000000000000001111110000000000                
               011101111111111111111111001111111011101110   0111111011110111101110    01110111100        011111110000  00000001111111100000000                  
             011101110110000000000111111001111011111110110001111111111110   0111110000011111011111     1101111000000000000000000111111111000                    
           0111110110       00110011111110011110111110  0101111110011100     0011011111101101101110000001101111111100000000000001111000000                      
          110011111110   00001110011111110001111111111000111111111111110      0111011001101111001111100011111101100000000000000111111000                        
           000001111111100111111001111111000111111111111111111111111111110   011111111100000000000000000000100100100000000000000000011                          
            0000000111111111111101110011000111111111111111111111111111111111111111110000000000000000000000000000000000000000001010 0                            
                000111111111111000111110001111  11  1111111111111111111111111110100000000000000000           000000000000001111000                              
                     00000000100111110001110000111111111111111111100111100000000000000111000000000000000        000000000001111111                              
                         0000010000001 110000000000111011111110000000000000000100111100  0000000000000           00000000000111111                              
                                0001   00100000000111111001110001011110111111111100          000000011             00000000111111111                            
                                      0101000001111111   1011111100000000000                   0011111              1000001111111000                            
                                        00100001111111    100010000   00   000                      00               110100111011110                            
                                         011111111111111       00 000000001111 1                                      01011011100011                            
                                           01111001111          0000110011111111                                       0111100011000                            
                                              011100              000111111111                                           01111001100                            
                                                 000                  00111111                                             111100000                            
                                                                           000                                               0111000                            
                                                                                                                               00111                            
                                                                                                                                                                
                                                                                                                                                                
                                                                                                                                                                
                                                                                                                                                                
                                                                                                                                                                
