                                                                                                                                                                
                                                                                                                                                                
                                                                                                                                                                
                                                          0000111111                                                                                            
                                  00                 001000011111000                                                                                            
                   000011111111111111111111100    01100000000000111111                                                                                          
             00111111111100001111111111111111100        0000000000011111                                                                                        
         0111111100000111000000111111111111111           0000 000000001111                                                                                      
     01111101111111111111111111100111011111110            0110000 0000000111                                                                                    
    11111110110010 00000110011111011111111110111          0111111000  00000011 0                                                                                
   01101111111       001110011111001111110111111         01111111110000000000111 1                                                                              
    011001111100 00000111001111111 01111111101110     011111111111111100    000011                                                                              
      000 111111100111111011111111001111110111110    0111111111111110         00000011 0                                            00                          
       001111111111111110011111110 0111111110 011000111111111001100110           0000111                                     0000000                            
          01111111111110011111110 0111111111   11111111111001111111111            00000011                               001100000                              
              11000111011111110  01111111101001111111110111110000101110         00000 001111                         0111000000000                              
                1 111111111100001111  11111111111111111111100   0111110     00011111110  000                     011110000000000                                
                   00000000 01110001  1  111111111111111111      011111000011111111110                      00111000000000000000                                
                      0   1110000 0011   11111  111111111111      1110111111101101110         000      00111100000000000001111                                  
                        001100000 01111111111111111111111111000011111111011011111111110     0 01111111110000000000000011100000                                  
                          1000000000111100111111100111111111111111111111111111011101110    011111011010000 00000000000000000                                    
                        1100000001110011101100000000001111001111111110001000000011111111111111111001100000 0000000001111000                                     
                         01010111111 101 11111101111110000000000000000000000000000000000001101111100100000 0000000000000                                        
                        11111111111 11     00011000000011111111000010000000000000000010001000011001000000 000000000000                                          
                        1111 1                  00  0 00000001111111111100000000000        0000000000000 0000000000000                                          
                         11    1                00000000000               00       00            00000   0000000111000                                          
                                                100000111111 0              000000001111           000 000000000000000                                          
                                                01010111111                  011111111              00000000000000000000                                        
                                                  11101111                     01110                  000000000000000000                                        
                                                  111101    1                    011                   01000000000000000                                        
                                                   111                                                   010000000000000                                        
                                                    0                                                      0100000000000                                        
                                                                                                             01100000000                                        
                                                                                                               001100000                                        
                                                                                                                   00000                                        
                                                                                                                         0                                      
                                                                                                                                                                
                                                                                                                                                                
                                                                                                                                                                
                                                                                                                                                                
