                                                                                                                                                                
                                                                                                                                                                
                                                                                                                                                                
                                                                                                                                                                
                                                                                                                                                                
                                                                       001                                                                                      
                                                                    001111                                                                                      
                                                                  1111100011                                                                                    
                                                               01100100011000110                                                                                
                                                             010000000100001000111001111                                                                        
                                                           0110000000000000000000000000000111111                                                                
                                                          000      00000000000  00000000000000001111                             0001111111111111111            
                                           001111111111100          0001110000000000      0000000000001                     0111111111111111100000              
                                      01111111111111111111             011111111110           0000000000                011110000011111111111100                
                                 001111111111111111111111100           011111111110            00000                01111000000000111111111111                  
                            0011111100000011111111111101111111        111111110111110         0111110       0011111111000000000001111111111111                  
                         01111101111000000001101111111111111110      011111110011000110      00111110        0111111100000000000111111111100                    
                       111110011111111111111111001110011001110110    0111111011111110010    01111111111    0110110110000000000001111111111                      
                    01111111111111110111000000110011111111111111100001111110001100011111100001101101111000011111110000000000000000000011                        
                  01110100111010 00000110001111110011110111011000111110111011100    000101100100000000000000000000000000000000001111                            
                 111111101110       00111011111111 01111111110   01111111111110       0100000000000000000000000000000000000000111111                            
                1110111111110    00001111011111111 011111111000001111111111111110    01110000000000000000000    000000  00000001111111                          
                 111110011111110000111111011110010 0111111111011100111111111111110000110000000000000000              00000000000111111                          
                   000000011111111111111001100110 011111 11111111011 11111111111110000000000000001000 000000           00000000111111111                        
                       0001111111111111000111110 011111  11  1111111111110001111000000000000111000  000000              0000000111111110                        
                        0 0 11110000000001111000111000011111111111111110000000000000000011100    0000000000               00000011100111                        
                                011111100000001001000 0111111110110000000000100011111  10             000000               0110011111001                        
                                      0001      00100 011111010011000001111111111100                                         01111001110                        
                                       000000001 011000001111111111111110000000                                                011100011                        
                                      0100000000   11000000000000000000000    00000000                                           0111000                        
                                      1000000000     1000010        000000000000001111                                             01111                        
                                      10              100111          0000001111111111                                               01                         
                                                      0 0111            00000001111111                                                                          
                                                         1                        011                                                                           
                                                                                                                                                                
                                                                                                                                                                
                                                                                                                                                                
                                                                                                                                                                
                                                                                                                                                                
                                                                                                                                                                
