                                                                                                                                                                
                                                                                                                                                                
                                                                                                                                                                
                                                                                                                                                                
                                                                                                                                                                
                                                                        00                                                                                      
                                                                     00111                                                                                      
                                                                  0111100001                                                                                    
                                                                0100110011100110                                                                                
                                                              11000000010001100011101                                                                           
                                                            110000000000000000000000000011111111                                     000001111100000            
                                                          000      0000000 000  00000000000000001111                          00111111111111111111              
                                           001111111111100          0011000000000000   000000000000000                    0111111111111111111111                
                                     001111111111111111111             011111111110           0000000000              011110000001111111111111                  
                                0011111111111111111111111100            11111111110            00000               011110000000001111111111111                  
                            0111111100000011111111111101111010        011111110111110         0111110       01111111100000000000111111111111                    
                        011111000111110000011101111111111111110      011101110011001100      00111110        11111111000000000011111111111                      
                      011110011111111111111111000011011101111111     0111111111011110110    01111111110    01101101100000000000011111111                        
                    0111111111111101011100000110 01111111111011110  011111100011000111110000011011011110000101101100000000000000000000                          
                  111110011100     00111001111110 011101110110001111111111111110    010011100100100000000000000000000000000000111000                            
                011111111110       001110011111110 01111111110   11111111001110       0100000000000000000000000000000000000000111111                            
                11111111111100  000011110011111110 01111111100000111111111111110     0111000000000000000000      00000  00000001111111                          
                 11100001111111000111111001111010 00111111110011100111111111111110  0110000000000000000              00000000000111111                          
                   00000 01111111111111001110111 0011111 11111110111111111111111110000000000000001000 000000           00000000111111111                        
                       001111111111111001111111 011111   1   1111111111110111111000000010000111100  000000               000000011111111                        
                            01111000000011110001111000011111111111111110000000000000000011110    0000000000               0000001111001111                      
                                0011110000000 1001000 0111111101100000000000000001011 1110            00000                 011011111100                        
                                      000       0110  0111101001110000011111101111100                                         0111100111                        
                                        00000011 0110000011111111111111100000000                                                01110001                        
                                        00000000   1100000000000000000000      0000000                                            011100                        
                                      0100000000    0 00010         000000000000001111                                              01 1                        
                                      10              1101           00000001100111111                                                 0                        
                                                         111            00000111111110                                                                          
                                                         1                       011                                                                            
                                                                                                                                                                
                                                                                                                                                                
                                                                                                                                                                
                                                                                                                                                                
                                                                                                                                                                
                                                                                                                                                                
