                                                                                                                                                                
                                                                                                                                                                
                                                                                                                                                                
                                                                                                                                                                
                                                                                                                                                                
                                                                    00                                                                                          
                                                                 01111                                                                                          
                                                              011111000111                                                                                      
                                                           0100010001110011101                                                                                  
                                                         0100000000000011000111001                                                                              
                                                       01000000000000000000000000000111111                                                                      
                                           000001000  00       00000000000  00000000000000000111                                                                
                                   0011111111111111110          0011111000000000    0000000000000011                                    000000                  
                              001111111111111111111110            0 111111111110          000000000011                        001111111111111111                
                         0011111100011111111111111111000            11111101110             000000000                   001111111111111111111111                
                     011111100000000000001111111101111111       01111111111111110          0111110                  0111110000001111111111111111                
                  0111100001111111111111100111101111111110      0111111100011001110       01111110        011111111110000000000011111111111111                  
                0111111111111111111111111100111011101110011     11111100111111100110    01111011100       0111111111010000000001111111111111                    
              11110001111100000011100011111000111011111111110001111111001110000111110000011011001111    0111111011001000000000111111111111                      
            01111110111        01110011111110 1111111111   1111101110011100    0011111101101100100111000111111110110000000000001111111111                       
           0110111111110    0 001110011111110 01111111010  011111111111110       01100100110000000010011001011111111010000000001110011                          
            01111001111110000111111001111111  011111111010111011111111111110    0111110000000000000000000000000000000000000111101111                            
              00000 011111111111110011110110 0111111111111100111111111111111000111001100000000000000000       0000000000000011111111                            
                000001111111111111010111110 01111   11 1111111 1111111111111111110000000000000000000              000000000001111111                            
                   0 00111000001000111110001110001111  11111111111111111111000000000000001110000  000000            0000000000111111                            
                          0111111100000011110000 011111 1111111110000000000000000000111110 0000000000000             000000001111111                            
                                000011  1 00100000001111001100000000001000011111  1100         000001111              0100001111111101                          
                                    0      0110000000000011110000111111001111000                    0000                11000111011111                          
                                       000000 1000001111101   1 1000000000000                                            1101111110011                          
                                        0000001100101111        00 000 00000011111                                        011110111001                          
                                        0001  0011111111          0000000001111111                                          11110011                            
                                                  111111            000111111111 1                                           0111001                            
                                                     1                  00111111                                               11110                            
                                                    0                         011                                                1 1                            
                                                                                                                                                                
                                                                                                                                                                
                                                                                                                                                                
                                                                                                                                                                
                                                                                                                                                                
                                                                                                                                                                
