                                                                                                                                                                
                                                                                                                                                                
                                                                                                                                                                
                                                                                                                                                                
                                                                                                                                                                
                                                                                                                                                                
                                                                                                                                                                
                                                                                                                                000001                          
                                                                     000000111                                               000111111                          
                                                                00001111111111                                             001111101                            
                                           0000000      0    000000000000111111000                                       11100001111                            
                                0000111111111111111111000     0  0000000000001111100                                   0100001100011                            
                         000111111111111111111111111111110    0000  00000000000000111110                              11000010011000                            
                     0001111110000000001111111111110010010      0 1000000000000000000001111111                       1100000001000                              
                   00111111111111111110111111111111111000000    0 0100011111100000000000000001111110               001000000100000                              
               001111111111111111111111011110111111111000011  000000001111111000000       000000001110            0000000000000000                              
              1111110000 0 00 0000111010001110111111100000000000000111111111100000             000000            000000000000000                                
              011111000000   0000011111100111001111111110000100000011111111010000000     000000 0          000011100000000000000                                
              00111111111000000001111011101111011111011110011100101011111111111000000   0000000000000   000001111000000000000000                                
              000111011111111110111101110011100111100001100001111111111000111111000000000000000000000  0000000100000000000000000                                
                 00101111111110011100110001110011111111111000111111110000011000010000100000011111000000000001000000000000000000000                              
                    000111111011110111001110011111111111111111111111000000  00000111111011011001100001100000000000000000000000000000                            
                        001111111111101110011111111111111111111111111100000 0000000110011001000000000000000000000000000000000000000000                          
                           000010001110000111111111111 1111111111111111000110000001110000000000000000000000000000000000000000000000000                          
                              0001 1010111001100011111111111111111111111111110001100000000000000000                   000000000000000000                        
                                  00111100000110000011111111111111111111111101000000000000000000000000                   0000000000000                          
                                      0001111011000011111111110000000000100000000001000000000000000000                       00000000000                        
                                          0001111111111111111 1000000100001100111000000000000000000000                             0000000                      
                                               000011111111111110001111111110000000         00000000000                                                         
                                                      000001111100000000000                     00000000                                                        
                                                            0001000000000000                                                                                    
                                                                 000000111110                                                                                   
                                                                  0000111111 0                                                                                  
                                                                   010001111 0                                                                                  
                                                                     01111                                                                                      
                                                                       001 1                                                                                    
                                                                                                                                                                
                                                                                                                                                                
                                                                                                                                                                
                                                                                                                                                                
