                                                                                                                                                                
                                                                                                                                                                
                                                                                                                                                                
                                                                                                                                                                
                                                                                                                                                                
                                                                                                                                                                
                                                                                                                                                                
                                                                                                                                                                
                                                                             0                                                   00111                          
                          00000000000111111110000               000011111111                                                 001111111                          
                   00111111111111111111111111111111110     0111000000001111111                                            0111111111                            
              01111111111111101111000001111111111111110    0   00000000001111111                                        011100111111                            
            0 0111111100100011111111111101111111111111           00000000000111111                                    01100011111111                            
             100111110      01111001111101111111111110          0001000000000000111111                              0 10000111111111                            
             0100111100  00 011100111111 0111111111111 0          0111100000  000000001111 1                        1000001001111111                            
              01011111110001111001111111 01111110111111          011111111100000   000000000111111               01000000001110000                              
              00011111111111110011111111 011101111101110     001111111111111100         000000000011           0110000000010001110                              
                  1111111111100111111110 011111101111110    011111111111111110            0000000000         0110000000000011000                                
                    111111100111111110  01111111111  01110011111111111001100110            00000          01111000 00000000000                                  
                      11111111111110000011111111010   11111111111100011111111110         0111110        1 111110000 0000000000                                  
                        1 1111110000111111  1111111011111111110111111100001101110     0001111110       001010010000 0000000000                                  
                          0100001 11110001  11 11111001111111111111000    11111100 000111111011100    0110110000000 000000000000                                
                            111111010000 011   111111111111111111110       0110011111111001100111100001000000000000 00000000000000                              
                                 10110000001111111111  11111111111111      0111001100110010011000000000000000000000  000000000000000                            
                                  10100001111111    1111111111111111100 001111111111000000000000000000000000000000   00000000000000000                          
                                    0 1111111111     011111111111111111111111111000000000000000000000             00000000000000000000                          
                                      11111111       00000000111111001110001100000000000000000000                    00000000000000000                          
                                        1 11      111000100011000000000000000000000000000100000 0000                     000000000000000                        
                                          01  111111111100000000111100111100011111 1110000   0000000                          0000000000 0                      
                                              0         00 000000001111111110000         00000000000                                     000                    
                                                         0 000000000000000                   0000000                                                            
                                                          00000011111111 0                                                                                      
                                                           01001111111                                                                                          
                                                             0111111                                                                                            
                                                               01111                                                                                            
                                                                   001                                                                                          
                                                                                                                                                                
                                                                                                                                                                
                                                                                                                                                                
                                                                                                                                                                
