                                                                                                                                                                
                                                                                                                                                                
                                                                                                                                                                
                                                                                                                                                                
                                                                                                                                                                
                                                                   001                                                                                          
                                                                001111                                                                                          
                                                             0111110001111                                                                                      
                                                           1100000001100011101                                                                                  
                                                         110000000000001100111000111                                                                            
                                                       110 0000000  000000000000000011111111                                                                    
                                           000011000  0        00000000000  00000000000000000111                                                                
                                   0011111111111111110          0011111001000000     000000000000011                                                            
                              000111111111111111111110            0 111111111110           00000000011                          00011111111111111100            
                         0011111100011111111111111111000          0111111101110             000000000                     001111111111111111111111              
                      0111110000000000000111111110111111        01111111111111110          0111110                   011111100000111111111111111                
                   0111100001111111111111001111011111111100     0111111100011101110      001111110        00110011111100000000001111111111111111                
                 1111111111111111111111111000110111011100110    11111100111111100110    01111011100       011111111110000000000111111111111111                  
              01110001111110000011100011111000111011111110110001111111111110  0111110000011011001111    011111101110110000000011111111111111                    
              1111100110       00110011111110 01111111110  0111101110011100    00010111011011001011110001111111101101000000000111111111110                      
           0110011111110    0 001111011111111 01111111010  011111111111110       0110010011010010011011101111111111101000000000011111111                        
            011110111111100000111110011111110 011111111011111011111111111110    1111110000000000000000000000000000010000000000111110                            
              000000011111111111111001110010 0111111111111100111111111111111100111001100000000000000000     000000000000000111111111                            
                000001111111111111000111110 011111  11  111111  111111111111111110000000000000000000              0000000000111111                              
                   0000111000001100111110001110001111   1111111111111111111000000000000011110000  000000           00000000001111111                            
                         00111110100000001111000 011111 1111111110000000000000000000111110  000000000000            0000000011111111                            
                               00000011   00100000001111001100000000001100011111  1100         000011111              10000111111110                            
                                    0 1    0110000000000111110011111010001110000                   00011               100101111111111                          
                                       000000 1000001111101   1 1000000 0000   000                                      11011111101111                          
                                      10000000 100001111         0 000 00000011111                                       011110111001                           
                                      100000 00 11111111          0000000011111111                                        0111100111                            
                                                0 111111            00011111111111                                          01111011                            
                                                  1 11                  00111111                                              1111                              
                                                                              001                                              01111                            
                                                                                                                                  0                             
                                                                                                                                                                
                                                                                                                                                                
                                                                                                                                                                
                                                                                                                                                                
                                                                                                                                                                
