                                                                                                                                                                
                                                                                                                                                                
                                                                                                                                                                
                                                                                                                                                                
                                                            0000001111                                                                                          
                 0001111111111111111111111100        00111001111111111                                                                                          
            011111111110000000111111111111111100  0000000000000001111111                                                                                        
       01111111111111111111000001111111111111110         00000000000111111                                                                                      
      1111110110110001111111111110111111111111           000000000000011111                                                                                     
     1101111110      011110001111011111111111100          00110000000000000001 1                                                                                
    00100111110      011100111111 01111111111111          0 1111110000000000000111                                                                              
    01001011111100001111101111111001111110111110       00011111111111110    0000000011 1                                                                        
       00011111111111111001111111001111111111111     0111111111110111000        0000000001                                                                      
          01111111111100011111110 011111111100110   011111111100111110            0000000000                          00001111111111000                         
            0111111110001111110  01111111110  0111111111110101011100110            00000000000                  0011111111111111111111     0                    
               01111111111110000111111111110 011111011111111111111111110         0111000                   00111110000111111111111111111    11                  
                  1110000000001111   1111111111111111100111110   0111110     00011111110              00011110000000011111111111111111                          
                    01000 111110001  1  1111101111111111111       111111000001111101110         0 1111111100000000000111111111111111                            
                       1111010000 0111  111111  111111111110       0110111111110111011111     000111111110000000000011111111111111                              
                        0  0100000001111111111 11111111111111    0011100110111011011001110  001111110010000000000000111111111111                                
                             00000111111    1111111111111111110011111111111011001001001101111110110110010000 000000000111111                                    
                            1 0101111111     00100000111111111111111111000100000000000000000000000000000000000000000111111                                      
                              11111111    11 00010000000100000000001000000000000000000000000000000000000000 000001111111                                        
                              0 1111    11111111110111000010000000000000000000010000000              0000  0000000111111 1                                      
                                0             00000000001111111111111111111000000000 0000000            000000000000111111                                      
                                    0            0 000000000000000            00000000000000              00000000001111111                                     
                                                 00000000011111100               000000000                  0000000011111111                                    
                                                  0100011111111110                   00001                    00000011111111                                    
                                                    0111111111                                                  000011111111                                    
                                                      011111                                                      0111111111                                    
                                                         001                                                        111111 1                                    
                                                                                                                     011111                                     
                                                                                                                       1 111                                    
                                                                                                                           1                                    
                                                                                                                          01                                    
                                                                                                                                                                
                                                                                                                                                                
                                                                                                                                                                
                                                                                                                                                                
                                                                                                                                                                
