                                                                                                                                                                
                                                                                                                                                                
                                                                                                                                                                
                                                                     000                                                                                        
                                                             00011111111                                                                                        
                                                         001000111100001                                                                                        
                        000000011111111111111110     001100000000001111111                                                                                      
                 001111111111100111111111111111110  000   000000000000001111                                                                                    
             0111111110001110000001111111111111111          0000 00000000011111                                                                                 
         11111011111111111111111111011111111111100          0001000000000000000011                                                                              
       11111111110    0000111011111001111111111011            1111111000  0000000111 1                                                                          
       1100111110       011100111111 01111110111111         0111111111111000 000000001                                                                          
        0100111110000000111001111111 011111111111110     0111111111111111100     000000111                                                                      
          01011111111111111011111111 011111111111110    01111111101011111           00000111 0                                                                  
          00011111111111110111111110 01111111110 0111001111111111101110010            00000111                                                                  
              01111111110001111110  01111111111   1111111111100011111111110           0000001111                                                                
                01111111011111110 01111111111110011111111100111110000110111         011100000011 0                                                              
                   0111111110000011111  1111111111111111111111100    0111110    001111111110   001                                                              
                      0000001101111001  1   11111111111111111110      01111111001111011110                                                                      
                        0 1111100000 0      111111  1111111111110     01110110111111111110                                                                      
                            0100000 011 1   11111111111111111111100001111111101101101111110     000 11100        00000000000000000000000000000 0                
                            1000000000111111111111111111111111111111111111111111111111011110 00111111111111111111111100000000000000000000000                    
                           1100000000001111100100000000001111100111111110100000000000011111111111111101111110000000000000000000000000000                        
                            0100101111100111111100001100110000000000000000000000000000000000011111111111111010000000000000000000000000                          
                          0 0110111111  000000001 1100000001111100111000100010000000000000000100011111111000000000000000000000000000                            
                          0 1010111   1 00          000000000000111111111100000000000000       00000010110100000000001100000000000                              
                           110     111 0            00000000                    00 0 000000       0000000000000000000000000000                                  
                           1                          0101011111 0               000001111          00000000000010000000                                        
                                                     0101111111111                01111111           0000000000001110000                                        
                                                      01111111                      0111              0000000001111111                                          
                                                       01111                          01              010000001001111100                                        
                                                        0 11  1                                        01010110110100110                                        
                                                          1                                             1001001011111000                                        
                                                                                                         100100110001100                                        
                                                                                                          11010001100000                                        
                                                                                                           1101000110000                                        
                                                                                                            011000000000                                        
                                                                                                              01110000                                          
                                                                                                                001100                                          
                                                                                                                   011                                          
