                                                                                                                                                                
                                                                                                                                                                
                                                                                                                                                                
                                                                                                                                                                
                                                                                                                                                                
                                                                                                                                                                
                                                                                                                                                                
                                                                     000011111                                                                                  
                                                                00001111111111                                                         0                        
                                                            0111000000000011111111                                                  11                          
                                       00001111111111100  0000  00000000000000111111                                                00                          
                                000111111111111111111111 0         0000000000000111111                                            1000                          
                          001111111100011111111111111111            00110000000000000011 1                                      110000                          
                      011111100000000000000111111111111100            1111111100000000000111 0                                01000000                          
                   011111111111111111111111001111111111011 0         11111111111110     0000111110                          0110000000                          
                01111001111111101011110111110011101110111110      0111111111111110          00001111 1                    011000000000                          
              011111101110      00111001111110011111111100110    01111111100110110            0000000111                01100000000000                          
              11011111110       00111011111111 0111111011111100 0111111111101100110           000000000011            0110000000000000                          
               0100111111000000011111011111111 0111111111  0111111111100011011111111         01110000              01110000000000000                            
              000000 1111111111111110011111110 01111111010  111101110011111   111111     00011111110        011111111000000000000000                            
              0000000111111111111110011111110 001111111111111111111111110     0111111000011111011110         11111101000  00000000                              
                  00011111111111110011111110 01111  111111100111111111111       0110111111101110111110    011011001100000 00000000                              
                        001111111111111110 001101   1  111111 1111111111110    01110111011011101101111000011111111000000 00000000000                            
                            01111100000000111000 01111111111111111111111111000111111111111101101100110111110010000000000 00000000000                            
                                 0000111  001100000001111     1111111111111111111111100100000000000000000000000000000000  000000000000                          
                                    0      100110000111111      000011111000000010000000000000000000000000000000000000   000000000000000                        
                                         00  1011111111111    1110000000000000000000000000001100000                  0000000000000000000                        
                                            00000011111111    111011100111101111111111 1110000000                       0000000000000000                        
                                             0000000011       11 0000000101111100000      000 0000000111                  00000000000000                        
                                                0010      0 1    1    0000                  000000111111                      0000000000                        
                                                               00 0000000010                  01111110                            0000000000                    
                                                                000000001111                     00111                                                          
                                                                 000000011                                                                                      
                                                                  01000011                                                                                      
                                                                   01110                                                                                        
                                                                     011                                                                                        
                                                                        0                                                                                       
                                                                                                                                                                
                                                                                                                                                                
                                                                                                                                                                
