                                                                                                                                                                
                                                                                                                                                                
                                                               00000                                                                                            
                                                        000111111111                                                                                            
                                                   0011000000000000111                                                                                          
                             00011111111111100  00000 0000000000111111                                                                                          
                      00011111111111111111111100         00000000001111111                                                                                      
                 0011111110000111111111111111110        0000000000000001111                                                                                     
             0111111001110000000001111111111110           0011110000000001111                                                                                   
          0111100000110011110111110011101101111110         111111110000000001111                                                                                
        0111011111111111111111111110011101111111 0      00011111111111100  0000011                                                                              
      1111111011111110 000111000001100111110111001     01111111111111000      001111 0                                                                          
    01110111111100      001110111111100110111111110   0111111100011110          000011 1                                                                        
     1111001111110      00111011111111 01111111001100011111110111100110           000111                                                                        
      00000001111110000011110011111110 01111111   111111111101101111111           00000011                                          00                          
          000011111111111111001110110 0111111010011111111011110  011110        0111100001111                                00000000                            
          0 011110000000111000111110 011111111111101111111110     111110   001111111110   00                           00110000000                              
                0111000000000011100 0011  11111111111111111110     0101111111110111100                             001100000000000                              
                    011110000000 00000001111111111  1111111111    0110110111111111110                        0011100000000000000                                
                        0000110010 00 00111111000111111111111110111111111110110111111       0111100  000011111000000000000000000                                
                           0010 0    0111111001000000000011100111111111111111111111110   0110111111111100000 00000000000000000                                  
                           00010   0001 11110010000000000000000000000000000000101111111111111111011110000 000000000000000000                                    
                          000 000000000 00111111111111111000100000000000000000000000011111111111011000000 0000000000000000                                      
                          0011000000000         000000000001111111111111110000000000000111111111101100000 00000000000000                                        
                            100000000010           0                      000000000     000010001010000 00000000000000                                          
                           110000000               100000000               0 0000000         000000000 0000000000000                                            
                            0010                    0101011111              1000111111         00000   0000000000000                                            
                          1                         1111111111               1111111             0000000000000000000                                            
                                                   010111111                  011101              000000000000000000                                            
                                                    111111                      01                 0100000000000000000                                          
                                                      11                                             10000000000000000                                          
                                                      0                                               0100000000000000                                          
                                                                                                        01000000000000                                          
                                                                                                          010000000000                                          
                                                                                                            001000000                                           
                                                                                                               00100                                            
                                                                                                                  0001                                          
                                                                                                                                                                
                                                                                                                                                                
                                                                                                                                                                
