                                                                                                                                                                
                                                                                                                                                                
                                                                                                                                                                
                                                                                                                                                                
                                                                                                                                                                
                                                                                                                                                                
                                                                                                                                                                
                                                                                                                                                                
                     0011111111111111111111111111000           000000111100000                                                                                  
              0001111111111000010000001111111111111110  0 011100000000111111                                                        00                          
            111111101111111111111111000111111111111111 0       000000000111111                                                  0011                            
            1101111110    0001111111111001111111111110          0000000000111111                                              0110                              
            110011111       01110000111001111111111110          00000000000011111                                            11000                              
             01001111100000111100111111001111111111111            1111000000000111                                         1100000                              
             000111111111111110011111110 11111111111110       0 0 11111110000000001111 0                                 010000000                              
             0  01111111111110011111111 011111111111110     0111111111111111100   000011 1                              1100000000                              
                  01111111100111111110 0111111111100110   01111111111111111000       000011111 0                      110000000000                              
                    1 11110111111110  011111111110  011111111111111100110111            0000001111                  11000000000000                              
                      0 11111111000011111111111010001111111111110001111110110            00000001111              11000000000000                                
                        0000000011111111  111111111111111111001111110001111110          0000000                01100000000000000                                
                          0 111111001000  1   1111011111111111110000   1111110      0001111110             00111000000000000000                                 
                              1 01000000111 11111111 111111111110      0011111000001111001111         0 1111110000  0000000000                                  
                              0 1100000111111111111 11111111111111       1100111111110111111100     00011111000000  00000000                                    
                                110010111111    1111111111111111110   01111101100110111111011110   011101100000000  0000000000                                  
                                0 0111111111     01111011111111111111111111111111110011011001101101110110010000000 00000000000                                  
                                  1111111     11100000000011111111111111111110011000000000000000000000000000000000 0000000000000                                
                                  0 1111    11110111111111100000000000001000000000000000000000000001000000000000   000000000000000                              
                                    0         000010000000001111100010000000000000000000110000              000    000000000000000                              
                                                     0  00000001111111111111111111000000000                    000000000000000000000                            
                                                     00000000000000000            000   0000000000                000000000000000000                            
                                                     0000000011111 000               00000000000                     000000000000000                            
                                                      0000011111  1100                 011111000                         000000000000                           
                                                       11011111011                         00111                               0000000                          
                                                        011110                                                                                                  
                                                          0111                                                                                                  
                                                             0                                                                                                  
                                                                                                                                                                
                                                                                                                                                                
                                                                                                                                                                
                                                                                                                                                                
