                                                                                                                                                                
                                                                                                                                                                
                                                                                                                                                                
                                                                                                                                                                
                                                                                                                                                                
                                                                     001                                                                                        
                                                                  01111100                                                                                      
                                                                11001100111000                                                                                  
                                                              11000000111001110001                                                                              
                                                            110000000000000000110000000011                                                                      
                                                          010  00 000  000 000000000000000000001 0                                                              
                                                 00000    0        000100000000000000000000000000000 0                                        00000000          
                                          0011111111111110          000011111110000        0000000000000                             000000000000000            
                                      01111111111111111111             011111111110            0000000000                      0001110000000000000              
                                  0011111111111111111111110000        00111111001110           000000                     001110000000000000000000              
                              011111000000111111111111101100111      011101110001001100       0111111               0001110000000000000000000000                
                           01111111110000000111001111111110111100    0111111111011100110    001100110         11111111000000000000000011100000                  
                        111110111111111111111111000110111011101110   01011100011000101110 0001101001100     00000010110110000000000011100000                    
                      01110111111111111110000001100001101111111001101111111111110  0111111111100100001100 00111111011000000000000011111110                      
                     111011111111000000110001111111001111111110  01111011100110       11001001000000001111111111111001000000000000000000                        
                   111111101110      000110011111111 01111111010 0111111111111100    0111000000000000000000000000000000000000000001100                          
                  1111111111110    0 000111011111110 01111111101111111111111111110  01100000000000000000000000000000000000000011111000                          
                 11111101111111000000011111011111110 01111111111110111111111111111111100000000000000000            0000000000001111111                          
                  000100000111111111111111000110110 01111  1111111111 11111111111000000000000000000000000000         00000000000111110                          
                     00000 00111111111111000011110 0110111111111111111110000000100000000011111000    0000000          000000000000000000                        
                         00001110000000000011110 011100001111111010000000000000000001111110      00000000000            0000000000000000                        
                               000011110000000000010000 1111111001100000110110011111000             00000000             010000010000000 0                      
                                       000001  1101000000011111000110000000000000                                         0100000110000000                      
                                       0 0000000101100000000001111111100000         00                                      01101000000000                      
                                      1000000000000 000000111110    0 0000000000000000                                        011100000000                      
                                      0000000000    1000011111       00000001000000010                                          01111000                        
                                      0000          1100000001        0000000111111000                                             01110                        
                                                      100100            00      011110                                                0000                      
                                                      0 10                         001                                                                          
                                                        0                                                                                                       
                                                                                                                                                                
                                                                                                                                                                
                                                                                                                                                                
                                                                                                                                                                
                                                                                                                                                                
