                                                                                                                                                                
                                                                                                                                                                
                                                                                                                                                                
                                                                                                                                                                
                                                                                                                                                                
                                                                   011                                                                                          
                                                               0011110                                                                                          
                                                             0111110001110                                                                                      
                                                          01100000011100011001                                                                                  
                                                        0110000000000001000111000111                                                                            
                                                      0110 0000000 0000000000000000001011111                                                                    
                                           000011000  0        00000000000  00000000000000000111                                                                
                                   0011111111111111110          0001111111100000       0000000000011                                                            
                               00111111111111111111110            0 111111111100           00000000011                               0000000000000              
                          011111100011111111111111111000          01111111011100            00000000000                     0011111111111111111111              
                      0111111000000000000111110110111111        01111111001110110          01111110                   0011111110011111111111111000              
                   0111100001011111111111001111011111111100     0111111101111111110      001111110        00000000011111000000001111111111111111                
                 1111111111111111111111111000111111011100110    11111100111011100110    01111011100       011111111110000000000001111111111111                  
               0110001111110000011100011111100111011101110111001111111111110  0111111000111011011111     11111101111110000000001111111111111                    
              1111100110       00110011111111 01111111110  0111101110011100    00010011011011011011110001111111111001000000000111111111110                      
           0110011111110    0 001111011111111 01111111010  011111111111110       0110010011010010011011111111111111001000000000011111111                        
            011110111111100000111111011111110 011111111011111011111111111110    111111000000000000000000000001000001000000000011100001                          
             0000000011111111111111001110011 001111111111110011111111111111110011100100000000000000000000 00000000000000000111111111                            
                000001111111111111000111111 001111  11  111111  111111111111111100000000000000000000             00000000000111111                              
                   00001110000011000111110001110001111  1111111111111101111000000000000011110000  000000           000000000111111                              
                         00111110000000001111000 01111111111111110000000000000000000111100  000000000001            0000000110111111                            
                              000000011   00100000001111001100000000011100111111 1100          000111111             000001011111111                            
                                    0      011000000000011111101111100000110000                    00111              11010111111110                            
                                      0000000 00000011111101  111000000 000   0000                                     110101111011110                          
                                      00000000 000011111         0  00000000011111                                      01011011100011                          
                                      000000 00 11111111          0000110011111111                                       01111001110                            
                                                11111111           000001111111111                                         111110011                            
                                                   111                 000111111                                            01111000                            
                                                    1                         001                                             011110                            
                                                                                                                                 01                             
                                                                                                                                                                
                                                                                                                                                                
                                                                                                                                                                
                                                                                                                                                                
                                                                                                                                                                
