                                                                                                                                                                
                                                                                                                                                                
                                                                                                                                                                
                                                                                                                                                                
                             00000000                      00000000000                                                                                          
               0011111111111111111111111111110      001110000111111111                                                                                          
          00111111100000000000011111111111111100  000  000000000011111                                                                                          
      0111110111111111111111000011111111111111 0         000000000011111                                                                                        
    1 0111110100110001011111111100111111111111           00000000000011111                                                                                      
     1101111110      011110000111011111111111110          011100000000000111                                                                                    
    10100111110   0  011100111111 01111110111111          11111111000 00000011 1                                                                                
    000000111111000011111011111110 1111111111110      011111111111111100  00000011                                               0000                           
       00111111111111111011111111001110111111111     1111111111101111000     000001111 0                                001111111111                            
          01111111111100111111110 01111111100011000011111111100010111            000001111                        0011111111111111                              
            0111011110001111110  0111111111   011111111110001111110110            0 00000011                   011111111111111111111                            
                1111111111110000111111111010001111011111111111011111110         000000000000               01111000001111111111111                              
                  0100000000011111   111111111111111110111000   0111110        01111110                 01110000000001111111111111                              
                    01111 111110001 11  1111111111111111110     01111110 0 01111011110        00000001111000000000011111111111                                  
                      0 110100000 011   111111 1111111111110      011111111111111011100        0111111110000000000000011111100                                  
                         01100000000011111111111111111111111    001110110011011110011110     1111110010000000000000011111111                                    
                           00000011111 11111111111111111111111111111111110110111011011010000111111100100000 000000000000                                        
                           01010111111    00000000000111111111111111110011000000000001001111100110110000000 000000000000                                        
                          1111111111    110000011000000000000000010000000000000000000000000000000000000000 0000001111100                                        
                            111111    1111011110001110000100000000000000000000000000000000000000000000000  0000000111111                                        
                             1 1               00000000011111111111111111110000000000                00   0000000000111101                                      
                                               00000000000000000 0         00      0000000             000000000000000000001                                    
                                                1000000111111000             00000000000                  000000000000001100                                    
                                                 1000111111 11 0               001111000                    0000000000000000                                    
                                                  1111111101   0                   00111                      0000000000000000                                  
                                                   0111100                                                       00000000000                                    
                                                     011 1                                                          001000000                                   
                                                                                                                       0011100                                  
                                                                                                                           001                                  
                                                                                                                                                                
                                                                                                                                                                
                                                                                                                                                                
                                                                                                                                                                
                                                                                                                                                                
                                                                                                                                                                
                                                                                                                                                                
