                                                                                                                                                                
                                                                                                                                                                
                                                                                                                                                                
                                                                                                                                                                
                                                                                                                                                                
                                                                                                                                                                
                                                                00000                                                                                           
                                                             00011001111                                                                                        
                                                          000010001100011101                                                                                    
                                                       000000000000000000011001111                                                                              
                                                     0100000 000000000000000000001111110 0                                                                      
                                       0000001100000000     0000000000000000000000000000000000                                    0000000011100                 
                                00111111111111111110        000011000000000000    0000000000000000                         000000000000011111100                
                          000111111111111111111111100100        011111111111000         000000000000                  0000000000000001111111 0                  
                      011111111001111111111111111100000000      0111111111110000         00000000                 000000  000000001111001000                    
                  0111111111111000011111111111011111110000    01111111111111100         0000010000            00000     000000001111111110                      
               00111001111111110111111011111101111111100 000 011011111011100110000     00000000    0    01000000000       0001111111111110                      
              1111111111100000000011110011111110111011110   011111111111111111110     000000111000    00110000000000   00011100011100000                        
           011110011001  0 0000000111010011111001111111100 0111111111111000001111100000000111111110  00000000000000000000000000000111111                        
          00001111110    0 0011101111111000111011111000011011111111111100   0001111100000110110111000000000011111001000000000000000110                          
           0000111110000000111110111111100011101111100 0111111111111110       011101101110000100000000000000000001000000000000000010                            
           000000111111111111110011101100011111111111111111111111111111100    0111101100000000000000000000000000000000000000111110                              
               0 00111111111111011101110011111111111111111111111111111111100011111110000000000000000           0000000000000011111 0                            
                 00000000011110111111100011111 1111111111111111111111111111111111000000000000000000000000         000000000000111111                            
                      000000000111100011110001111111111111 111111111111110000000100000100000000000000000            0000000001111110                            
                          000000  00  110110 0111111111111111110000000000000000000111100  00000000000000              0000000010111100                          
                                0     0000000001110111111111111100011000011011111000           0000000                  00000011000111                          
                                    0 00000000001111101111111111101000111111000                                          0100000110000                          
                                    0 0000000001111  111 1 1 111000000000   0                                              01100001100                          
                                     0 0 00101111111           000  0000000000 0                                             011000110                          
                                       00000001111               0000000111111 0                                              01110000                          
                                        00000000                    0011111111                                                  011100                          
                                          0000                         0011111                                                    0111 0                        
                                            00                               00                                                                                 
                                                                                                                                                                
                                                                                                                                                                
                                                                                                                                                                
                                                                                                                                                                
                                                                                                                                                                
                                                                                                                                                                
