                                                                                                                                                                
                                                                                                                                                                
                                                                                                                                                                
                                                                                                                                                                
                                                                      0                                                                                         
                                                                  0111                                                                                          
                                                              00111100                                                                                          
                                                            01101110011100                                                                                      
                                                          11000000011000111001                                                                                  
                                                        110000000000000000011000001111                                                                          
                                                      010  00 0000 0000 00000000000001011111                                                                    
                                         00001111100           000000000000 00000000000000000111                                                                
                                   0011111111111111110            01111111110000       0000000000011                                                            
                               00111111111111111111110              11111111110            00000000001                                                          
                          011111100011111111111111111000          01111111111100            0000000000                            00000111111111110000          
                      0111111000000000000011111110111111 0      011111110011101110         01111110                       00111111111111110000000000            
                   0111100000111111111111100111011101111100     0111111111111111110      001111110                  0011111100000001111111000000                
                 0111111111111111111110011100111111011101110   011111100111001100110    01111011100       01111111111100000000000111111111000000                
               011100111111000000110001111110011100110111001111111111111111   0111111011111011011111     1111111111111000000000011111111111110                  
             01111100110       001110011111110 1111111110   11111111001110      001001101101101101111000111111101100100000000001111111111111                    
            111011111110     0 001110011111110 01111111010 011111111111110       111001001101001001111111111111101101000000000011111111100                      
            011111111111100000011111001111111  01111111101110011111111111111   011111101100000000000000000001101101101000000000000111111                        
             01100000111111111111111001110110 01111111111111011 11111111111111111100100000000000000000000000000000000000000000111100                            
                0001001111111111111000111110 01111  11  111111  111111111111111100000000000000000000           0000000000001111100                              
                    0011110000001100111110001110001111  11111111110000011110000000000000111000000  00000         00000000001111111                              
                         001111110000000000110000 011111111110011000000000000000110111100  0000000000011          0000000000011111                              
                               00000001   101000000001101111100000110111001111111110          0000011111           01000000111111111                            
                                    0101   01100000000111001111111100000000000                   0011111            0100001011111000                            
                                    00 000000 0000001111 110111100000   00    0000                    00             010100111111111                            
                                    100000000 10100111111       0   00000000111111                                     1001111110011 0                          
                                    000000    1101111111         00000110011111111                                      111110011000                            
                                                111111 1           0000011111111 1                                       01111001110                            
                                                0 11                 0000 111111                                           111100001                            
                                                  0 1                         01                                             01110                              
                                                                                                                               01111                            
                                                                                                                                  00                            
                                                                                                                                                                
                                                                                                                                                                
                                                                                                                                                                
                                                                                                                                                                
