                                                                                                                                                                
                                                                                                                                                                
                                                                                                                                                                
                                                                                                                                                                
                                                                         0                                                                                      
                                                                     00111                                                                                      
                                                                  01111100                                                                                      
                                                               0110011001110000                                                                                 
                                                             01100000011100111000111                                                                            
                                                            110000000000000000110000000111                                                                      
                                                          010  00 0000 000 000000000000000000011 0                                                              
                                                 0001000           000100000000000000000000000000001                                         000000000          
                                          0011111111111110             0111111100000       0000000000000                              00000000000000            
                                      01111111111111111111 0           011111110110            00000000001                      000111000000000000              
                                  0111111111111111111111110000        00111111011110           000000                      001110000000000000000                
                              011111000000001111111111101110111      011101110001001100       01111110                00111000000000000000000000                
                           01111111110000000111001111111100111100    0111111111011100110    001100110         01111111100000000000000000000000                  
                        111110111111111111111111000110011011100110   01011100011000101110 0001101111110     0001011111101000000000001110000000                  
                       1110111111111111110000001110001100111011001111111111111110  0111111111100100011100  011111101100000000000001111111000                    
                     111011111111100000011001111111000111111110   0111011100110       1100101100000001111111111101100100000000000000000001                      
                   011111101110       00111011111111001111111010 0111111111111100    0111000000000000000000000001000000000000000001000                          
                  1111111111110    00000111001111111001111111101111011111111111110  01100000000000000000000000000000000000000011110000                          
                 11011110111111100000011111001111010 01111111111110111111111111111111100000000000000000          000000000000001111111                          
                  010110000011111111111111000110111 011111 1111111111 11110111110000000100000000000000               00000000000111110                          
                     000000 0111111111111100011111 0110011111111111111110000000100000000011111000    0000000          000000000000000000                        
                          00011110000000000011100 11100 01111111010000000000000001001111110     000000000000           010000000000000000                       
                                00011111000000000010000 0111111001100000110110011111000             000000               10000001000000000                      
                                       000001   10110000000000110011011000000000                         00               0100000110000000                      
                                       000000000000100000000111111110100000        000                                      11100000000000                      
                                      0000000000000 0000011111      0  000000000000011                                        011100000000                      
                                      0000000000   0100001111111     00000001000001111                                          0111100000                      
                                        00          0 00111111        0000000111111000                                             0111000                      
                                                      111110            00     0011110                                                 000                      
                                                       01111                       001                                                                          
                                                          1                                                                                                     
                                                                                                                                                                
                                                                                                                                                                
                                                                                                                                                                
                                                                                                                                                                
                                                                                                                                                                
