                                                                                                                                                                
                                                                                                                                                                
                                                                                                                                                                
                                                                                                                                                                
                                                                                                                                                                
                                                                                                                                                                
                                                                                                                                                                
                                                                    000000                                                                                      
                                                            00011111111111                                                                                      
                                                        011100000000011111                                                          00                          
                                  0011111111111110    0000  000000000001111111                                                   01100                          
                          00111111111111111118111111          000000000000011111                                                11000                           
                    00111111111000011111111111181111          0001100000000000000111                                         0110000                            
                00111110001111110000111111111111111000          0111111110000000000011 1                                   011000000                            
              0111111111111111111111111011111111110111          0 111111111110     000001111 0                           01000000000                            
           11111001110110000111100001110011111111111110      0111111111111110          000000111 0                    01100000000000                            
         111111111110      01111001111110011111111101110    01111111100111111            000000001                  0110000000000000                            
          11111111110   00 0011101111111100111111111111100001111811111111111110          00000000000             01100000000000000                              
          1111001111111000111111011111111 0111111110  0111111111110111111110111        011111100             001110000000000000000                              
            0000011111111111111001111111  01111111110 01111111101111100  0111110    01111011110         111111110000000000000000                                
               001111111111111001111111 0011111111111111111111111110      0111110000111111111100      00111110110000 000000000                                  
                   0011111111001111110001111  11111111111111111111110      0110011111011111111110    011011000100000 000000000                                  
                      0 11111111110000111000  1   111111  111111111111    111111110011111011011011001101110110000000000000000000                                
                           00000000 0110000 0111  11111111111111111111111111111101100000000000000000000000000000000 000000000000                                
                              0      010000000011101111111100111111111111111100000000000000000000000000000000000000 000000000000000                             
                                    11110000011111110000000000001110000000000000000000000010000               0000  0000000000000000                            
                                      011000111111   00000110111000010000100011011111000000000                    000000000000000000                            
                                       01101111111  111 1100000001111111  11100000   0000 0000000000                000000000000000000                          
                                        0 11111  1       000000 000000                  0000000000                      0000000000000                           
                                          11 1 1          00000000000000                  00111110                          0000000000                          
                                            0  1           01000011111                        0001                                  000                         
                                                            0101111111                                                                                          
                                                              111111                                                                                            
                                                               01111                                                                                            
                                                                 011                                                                                            
                                                                    0                                                                                           
                                                                                                                                                                
                                                                                                                                                                
                                                                                                                                                                
                                                                                                                                                                
