                                                                                                                                                                
                                                                                                                                                                
                                                                                                                                                                
                                                             0000001                                                                                            
                                                       0001111111111                                                                                            
                         0000111111111111000       0111000000000011111                                                                                          
                001111111111111111111111111110    00   000000000000111                                                                                          
           00111111111110000001111111181111111 0         00000000000011111                                                                                      
       001111111111111111111111111111111111110          0001000000000000111                                                                                     
     1111110111111110111111111111011111111111110          01111100000000011111                                                                                  
    81111111110      011110000011001111111111111          1111111110000000000011                                                                                
    11101111110      0111101111111001111111111110     011111111811111100   0000011                                                                              
     01000111111000011111001111111001111111111110    01111111111111110        00000011 0                                                                        
       000111111111111110011111111 01111111110011000111111111101100110           0000111                                          00                            
       0  01111111111110011111110  011111111   011111111110011111111110           00000001                                  000000                              
            01110011110111111110 01118111111000111111111111111000101110         00000000111                            00010000000                              
                11111111111110000111  111111111111111111111000  0111110    000011111110  000                      00011000000000                                
                  001100000000111001  1   111111111111111110     011111000011111111110                        011110000000000000                                
                     00   10100000 0111   1111   111111111110    00110111111101111110         00        0011110000000000000000                                  
                        0 1100000 01111111111111111111111111100011111111011011111011110     0001111111111000000000000000000000                                  
                          1000000000111100111111110111111111111111111111111111111111110   0011111011011000000000000000000000                                    
                        1 000010001100111111000000000011110001111110100010000000011111111111111111011000000000000000000000                                      
                         01010111111 1001   11111111110000000000000000000000000000000000001101111100100000 0000000000000                                        
                        1111111111   1      0000000000011111111100010011000000000000000001000010000000000 000000000000                                          
                        1111 1                  000 0 00000000000000000000000000000         000000000000000000000000                                            
                         1                      00000000000                00000000000           0000000000000001100                                            
                                                01000111111                 0000001111             0000000000000000000                                          
                                                  01011111 1 1                11111110              000000000000000000                                          
                                                 010111111                     01111                  0000000000000000                                          
                                                  0 1110    1                     00                   01000000000000000                                        
                                                    11                                                  0100000000000000                                        
                                                                                                          01100000000000                                        
                                                                                                            0010000000                                          
                                                                                                               0011000                                          
                                                                                                                  000000                                        
                                                                                                                                                                
                                                                                                                                                                
                                                                                                                                                                
                                                                                                                                                                
                                                                                                                                                                
