                                                                                                                                                                
                                                                                                                                                                
                                                                                                                                                                
                                                                                                                                                                
                                                        000111111111                                                                                            
                     000000011111111111111100      00110000000000111                                                                                            
              00111111111111111111111111111110    000  000000000011111                                                                                          
          011111110001111100000111111181111111 0         0000000000011111                                                                                       
     01111101111111111111111111111111111111110          000000000000001111                                                                                      
    111111101100 0 00011111111111011111111111110          011110000000000111                                                                                    
    11011111110      011110111111001111111111111          1111111100000000011111                                                                                
    101001111100000000111001111111 0111111111111      011111111811111100  0000011                                                                               
      0100111111111111111011111111001111111111110    01111111111111100       000001110                                          0000                            
       001111111111111110111111110 0111111110001100011111111100110111           000011 1                                   0011000                              
           011111111110001111111  0111111111  011111111111001111111110            00000011                             011000000                                
              11100110011111110 001181111111001111111111111110001101110         00000000111                        0111000000000                                
                0 111111111000001118  11111111111111111111000   011111      00011111100 0000                   011100000000000                                  
                   00000000011110001 1   111111111111111110      011111000011111111110                     0111000000000000000                                  
                      0   1100000 0111  111111  111111111111     01101111111101111110         000     0011110000000000001000                                    
                        011000000000111111111111111111111111000011111111011011110011110     00011111111100000000000000000000                                    
                          0000000000001001111111101111111111111111111111111111011101110    01111101101100000000000000011000                                     
                         00000101111110111100000000001111000111111111001100000001111101111110110110110000000000000000000                                        
                        101110111111   0111111111111100000000000010000000000000000000000000101111110000000 00000000000                                          
                        111111 11    1      0000000000011111111100100000000000000000000001000000000000000 000000000000                                          
                         1111111  1             00000000000000011111101000000000000          00000000000 00000001100 0                                          
                           0                    0000000000000             00 000000000            0000  00000000000000                                          
                                                101010111111 0              0000001111              00000000000000000000                                        
                                                0101011111                   011111110                000000000000000000                                        
                                                  1110111                      01111                   00000000000000000                                        
                                                  1111      1                      0                     000000000000000                                        
                                                    11                                                     0100000000000                                        
                                                                                                             00000000000                                        
                                                                                                                00000000                                        
                                                                                                                    000000                                      
                                                                                                                                                                
                                                                                                                                                                
                                                                                                                                                                
                                                                                                                                                                
                                                                                                                                                                
                                                                                                                                                                
