                                                                                                                                                                
                                                                                                                                                                
                                                                                                                                                                
                                                                                                                                                                
                                                                                                                                                                
                                                                                                                                                                
                                                                                                                                                                
                                                                        01 1 1                                                                                  
                                                                     011111111111     11111111111111                         0000111111111111000                
                                                                  01110011111111000001100100000000000000               001111100000001111111111111 10           
                                                                0100000000000000000000000000000000000            00011110000000000000111111111111111            
                                                 1            010000000 000 00000000           000000       0018111111000 000000000011111111111111              
                                              01  11 10  000000     0000000000000000           010000        0110000000000  0000000111111111111111         1    
                                              1111111111            0000011100110010           0110100      01000000000000  0000000011111111111                 
                                          011111111118111110             1111111011100        00100001000  000000000000000 00000000000011111                    
                                     00111111181181111111110             0111111010001100     110010000000000000000000000   000001110000                        
                                001111111111111111111101111000          0111111000101000100 000000000000000000       0000  0000000111111                        
                           0111111111111000011111111111101111111       0111101101100010100000000000000000000             000000000001111                        
                         01111111111110000000000011100111111001100      11111000110   0000000000000000000000               0000000000111                        
                       01110111100000011111111110000110011001100011    01011101100      0000000000000 000000                 0000000001111                      
                      111111111111111111111100001000011111110100000100110011001100      00000000100000000000 0                  0000011111                      
                    111111001110110000001100001101100011001110110  00011001111001100   000000110                                 000001111                      
                  0 11111100110       00110011111111 0011101110000 011011101110000000000001110                                     0101111                      
                   1110111111100   0 000111001111111  0111111110011100011000000000000001110                                         011111                      
                    00110001111110000011110011100010 00111111111110000110000000000101110                                               11                       
                        010011111111111111000000110 000011110011000000000000000111110000                                              0 11                      
                         1   000000000000000000110 000000000000000000000000000000000000000                                                                      
                                  0000011100000000010000 011110111111111111100   000000000                                               1                      
                                    0 0   0000    01000000001 111  10000      000000000000                                                                      
                                                    000000001100                 00000000000                                                                    
                                                    100000011111                                                                                                
                                                    100001111111                                                                                                
                                                    110111111111                                                                                                
                                                     811111111                                                                                                  
                                                      1 1111                                                                                                    
                                                        0 1                                                                                                     
                                                                                                                                                                
                                                                                                                                                                
                                                                                                                                                                
                                                                                                                                                                
