                                                                                                                                                                
                                                                                                                                                                
                                                                                                                                                                
                                                                                                                                                                
                                                                                                                                                                
                                                                   001                                                                                          
                                                               0011110                                                                                          
                                                            01111110001110                                                                                      
                                                          01000000011100011100                                                                                  
                                                        0100000000000001000010000111                                                                            
                                                      010  0000000 00000000000000000111111                                                                      
                                           000011000           000000000000 00000000000000001111                                                                
                                    001111111111111110            01111111100000     0000000000000                                                              
                               00111111111111111181110              111111111100           00000000001                                                          
                          001111110111111111111111111000          01111111111100            0000000000                                   000000000000           
                      0011111110000000001111111111111111 0      011111110011101110         01110000                           00011111111111110000 0            
                   01111100111111111111111001110111111111100    0111111111111111110      001111110                     0011111111111100000000000                
                 01111111111111111111111111001111111111011110  011111100111000111110    0111101110        00111111111111000000000011111111000000                
               011100111111000001111001111110001111110111001111111111111111   0111111011111011011110     0011111111110000000000001111111110000                  
             011111101100      001110011111110 0111111110   11111111011110      011011111101101101110000011111101111111000000001111111111110                    
            0111111111110    0 001110011111110 0111111111000111111111111110     0111011011111011011111111111111101101000000000011111111100                      
            00111111111110000001111100111110100011 11111111100111111111111110  011111101000000000000000001001111111001000000000011111111                        
             00110000011111111111111001111110 01111 11111111111 11111111111111111100000000000000000000000000000000000000000000011100                            
                0000001111111111111000111110 01111  11  111111  111111111111111000100000000000000000          00000000000001111001                              
                    0000111100001100011100001110000111   11111111100000111000000000000011110000000000000         00000000001111111                              
                          00011110100000010010000 01111111111000000000000000100111111100   0000000000011          0000000000111111                              
                                  0001     0100000000100011110000011111101111110000           0000111111           00000000111111110                            
                                    000000101100000001111101 111111000000000                     00111              0101001111111000                            
                                    000000000 0000011111  1 000000000   0000000001                    0              010100111011111                            
                                    0000000001 011111111        000000000000111111                                    01011011110011                            
                                   100        0 11111111         000000111111111                                       0111110111000                            
                                                1 11 1             0000011111111                                         01110000110                            
                                                  1  1                    000111                                           011100000                            
                                                                               0                                             01110 0                            
                                                                                                                                0111                            
                                                                                                                                                                
                                                                                                                                                                
                                                                                                                                                                
                                                                                                                                                                
                                                                                                                                                                
