                                                                                                                                                                
                                                                0                                                                                               
                                                              10                                                                                                
                                                            1000000  0                                                                                          
                                                          0100000010000000                                                                                      
                                                          00000010001000000000000011                                                                            
                                                        1000000000000000000000000000000111                                                                      
                                   1                  010000 00  00  00000000 000  00000000111                                                                  
                                   1              001010     000000110001000110         0000001111                                                              
                                0 11111 1   100110  0000      0000011111111110             0000001 1                                                            
                                 11111111001111110                 111111101100            000000011 1                                                          
                                11101000111111118111100            01111100100110         01111100 001 0                                                        
                                  0000111111881111011110          0110110001110111     00011111110                                                              
                                 001111111881111111111110001      011110001000100100 00111101110                                                                
                                 01111111111111101101001101110     101110010   0000000000011011110      010                                                     
                               01100111111111111011001010010001000010110000      00000000000000110    0001111                                                   
                             0110011110000000000000010011000000000100000000     00000000000000000000001111111110                                                
                            1100111110000000000110000000001000   000000000000  000000000000000000000001111111111110                                             
                         11110111111100000000000001000000001000 00000000000000000000010000000000000000000101111100111                                           
                        111101111110000001100000000000000000000000000000000000111000       00000000   00000111110000110                                         
                        0111111110000011000000000000000 0000000000000000011100               0000000 0  0000010000000011                                        
                        0111111100001111000000000000000 000100100000000000                     00000      00000000001111 0                                      
                        1111111111011000    00000000000 00000000011    10   000000               00        000000111111111                                      
                       01111111100000     0 0000000000000  000001111   1  00000000                         00001111111111111                                    
                       11111111100000000000000000000000000000001111111   1  000000                         000111111111111111                                   
                      011111000000000000000000000000 0   011110011111111     10000                        0001111111111111111                                   
                        0000000000000000000000               011111111  111118 000                        0111111   1 11 11111 1                                
                         00000000  00                              00000                                  111111 0   1        1                                 
                                                                                                         01111                                                  
                                                                                                         111111                                                 
                                                                                                        0111 1                                                  
                                                                                                        111                                                     
                                                                                                       1 1                                                      
                                                                                                      1  1                                                      
                                                                                                      1                                                         
                                                                                                     11                                                         
                                                                                                     1                                                          
                                                                                                    1                                                           
                                                                                                                                                                
                                                                                                                                                                
