                                                                                                                                                                
                                                                                                                                                                
                                                                                                                                                                
                                                                                                                                                                
                                                                                                                                                                
                                                                        00                                                                                      
                                                                    001111                                                                                      
                                                                 01111100011 0                                                                                  
                                                              011000000011100111                                                                                
                                                            01100000000000000000010011                                                                          
                                                          0110  0  0000000000000000000001111                                                  0001              
                                                00011100            000100000000000000000000000111                                        001100 0              
                                         00111111111111111             0111111110000      000000000011                                0111000000                
                                     01111111111111811111100            111111111110           000000000                          01110000000000                
                                 00111111111111111111111111001        011111111111100           0000000000                    0111000000000000                  
                             01111111000000000111111111111111110     011101110011001100        0110000                    01111000000000000000                  
                          0111111111111111111111001111011101111110    011111111111111110     001111110              000111000000000000000000                    
                        11111111111111111111110111001111111111011100001111110011000111110  001111011100       011111111100000000000000000000                    
                      0111111111111100101100001111100111111101100011110111011110   011111110010011111110    011111110100000000000000000000                      
                     11111001110010   001110011111110 0111111110  0111111111110      011011011011011011100001111111011000000000000000000                        
                   111111110110       001110011111111 01111111010011111111111110     0110010000000000000011111111111010000000000000000                          
                  11111111111110000000011111011111010 0111111101110011111111111110 001100000000000000000000000000000000000000000000000                          
                  0000000011111111111111111001110011 01111 1111111111 111111111111111100000000000000000000000000000000000 000000011110                          
                   00000000001111111111111100011111 01111  11 11111111111111111100000000000000000000000             000  000000000111000                        
                      00000001111000000001001111100011000111111111111111000000000000000001111100000000000000          000000000000000000                        
                           0000011111000001000000001000000000010011000000000000001111 11100    0000000000000            000000000000000000                      
                                    000000000001 101000000001111110000001111111111000             00000000               00000000000000000                      
                                         0000011  10100000011111  1 01100000000                      00011                 011000000000000                      
                                          00000000001 0000111111  11 00000  0000000111                                       0010000000000 0                    
                                          10000000   01001111111     0 000000000001111                                          0011000000                      
                                           010          111111 1     00000001101111111                                             0011110                      
                                                        0111 1          000001111111                                                    000                     
                                                            0                   0111                                                                            
                                                                                    0                                                                           
                                                                                                                                                                
                                                                                                                                                                
                                                                                                                                                                
                                                                                                                                                                
                                                                                                                                                                
                                                                                                                                                                
