                                                                                                                                                                
                                                                                                                                                                
                                                                                                                                                                
                                                                                                                                                                
                                                                00001111                                                                                        
                                                           001111111100                                                                                         
                              0000010110000000         01100000000001111                                                                                        
                   0011111111111111111111111111100  0000 0000000000000001111                                                                                    
              011111111011110000001111111811111111          000000000000000111                                                                                  
         00111111111111111111111111111111111111110          00000000000000000000                                                                                
       1111111011001  0011111111111001111111111110            011110000000000000001                                                                             
       1101111110       01110011111001111111111111           1811111111000000000000011                                                                          
        0100111110000000111101111111 011111111111110     0111111111111111100    00000011 1                                                                      
         000011111111111111011111111 011111111111110    01111111111111111          000000011                                                                    
          00111111111111110011111110 0111111111000110001111111111111111110            00001111                                                                  
              01111111110001111110  01111111111   1111111111100011111111110           000000011                                                                 
                01111111011111110001111111111110011111111111111111000111111         011100000111                                                                
                  0 111111110000011111  11111111111111111111111000   1111110    000111111110   001                                                              
                      0000001101111001  1   11111111111111111110      01111111011111111110                                                                      
                        0  111100000 0      111111  1111111111110     011111111111111111100                                                                     
                            01000000011 1   11111111111111111111100011111111101101101111110     000 11100       000000000000000000000000000001                  
                            10000000001111111111111111111111111111111111111111111111111111100001111111111111111111111110000000000000000000                      
                           8000000001001111101100000000001111111111111110000000000000011111111111111101111110000000000000000000000000000                        
                          0 0110101111 000111 1111001111110000000000000000000000000000000000001111111111101000000000000000000000000000                          
                          01111011111  10000  00011100000001111111111001100111100000000000000100011111111000000000000000000000000000                            
                          0 11 0 11   1             000000000000000001000000000000000000        00000001101000000000000100000000                                
                           1       111              000000000                   00000000000        000000000000000000000000000                                  
                                                      0101111111 0               000001111           0000000000011000000                                        
                                                     01011111111  1                1111111           00000000001011110                                          
                                                      0 1111 1                       111              0000000000111110                                          
                                                        1111 1                                         100001010011111                                          
                                                           1                                           01010010111110000                                        
                                                          0                                             0101001100111000                                        
                                                                                                         1101000100001 0                                        
                                                                                                          010010011000                                          
                                                                                                            1100000000                                          
                                                                                                             0110000                                            
                                                                                                               01110                                            
                                                                                                                  0010                                          
                                                                                                                                                                
