                                                                                                                                                                
                                                                                                                                                                
                                                                                                                                                                
                                                                                                                                                                
                                                                                                                                                                
                                                                     001                                                                                        
                                                                00011111                                                                                        
                                                             0111111000011                                                                                      
                                                          011000000001110000100                                                                                 
                                                        01100000000000000000001111                                                                              
                                                00    0000     00000 0000000000000000111                                                                        
                                      0011111111111110          0001100000000000000000000111                                                                    
                                 001111111111111118111            0 1111111100000  0000000001111                                                                
                            0011111111111111111111111100            8111111111100        00000000111                                            0000            
                        0111111100000000011111111101111111       011111111111110            0000000011                                    00001000              
                     01111000111111111111100111111111111110     011111111011101110          00000000011                              00111000000                
                  011111111111111111111111100011111101110111    0111111111111111110        01111000  000                       001111000000000                  
                 111011111111000001100011111100111111111111110001111110011100110011     00011111110                       00111100000000000000                  
              0 1111001100      0011101111111100111111111   111111111111110   01111100001111111110        00000    0001111100000000000000000                    
             111111111110     0 001110011111110 0111111110  1111111111110      001111111110111111110     00011111111110000000000000000000000                    
            0001110111111100000011111001111111  01111111011111111111111110      011011011011011111110  00111111111111100000000000000000000                      
             000010000111111111111111001111110 01111111111111111111111111110  0111111111111111111111111111111110110110000000000001111110                        
               000001 01111111111111010111110 0111   1  111111  1111111111111111111110110000000000000100111111111110000000000000000000                          
                     0111110000011100111110 0110001 11  1111111111111111111111111100000000000000000100010000100110100000000000000000                            
                          00111111010000000011000 0011111111111110000011110000000000000000000000000       00000000000000000001000000                            
                               00000000011 0010000000011111110000000000000010001001111111000000000             000000000000001111100                            
                                     00111  0110000011111     00111111101111111111000     000000000111           0000000000001111110                            
                                     0 0000000110011111111  88 00000000000                  0000011111            00000000000000100000                          
                                    0000000000011111111111    10  00 0000000000               011111                000000000000001000                          
                                     1000000      111111 1     0 0 0000001111111                 001                 01000000000000000 0                        
                                      11            0   1      00000010011111111                                       01000000011000000                        
                                                                 0000011111111                                           011100000000000                        
                                                                   0  00111100                                              0111000000                          
                                                                          01 1                                                 0011100                          
                                                                                                                                   00011                        
                                                                                                                                                                
                                                                                                                                                                
                                                                                                                                                                
                                                                                                                                                                
                                                                                                                                                                
