                                                                                                                                                                
                                                               0                                                                                                
                                                             010                                                                                                
                                                           11000000100                                                                                          
                                                          1001000100000000                                                                                      
                                                        1100000000000000000000000111                                                                            
                                                        00000000 00000000000000000000011                                                                        
                                   1                 010 0  00  0000000000000000000000000011 1                                                                  
                                   11           0011110     0011111110111001110        000000111                                                                
                                0 11111111101111 0              00111111111110            00000011                                                              
                                11111110111111111111 0            011111100110             00000011                                                             
                                11000011111111181111100           011111001101100         0111000001 1                                                          
                                  00111111811111101111000        01100110001111110     0011111110   01                                                          
                                 011111181111111110111110110     001111001000100100  0011101110                                                                 
                               0111111111111111011011011011100    001110000   000010001001101110                                                                
                              11000111111111101011001011001001100010110010      00000000000001110       110                                                     
                            0110111100000000000000011011000010 00000000000      00000000000000000000010111110                                                   
                           11011111110000000001110000000010000  000000000000  000000000000000000000111111111110                                                 
                        111101111110000001100000000000000000000000000000000000000000100000000000000001111111111110                                              
                       0111111111100000000000000000000 00000000000000000000000111000     000 000000000001111110001 0                                            
                        111111110000111100000000000000  0000000000000000110000             00000000   00011011000001                                            
                       01111111111011110   00000000000 000100100000000000                    000000    000000000000011                                          
                        1111111000000      00000 00000 00000000011    10  000000               000      0000000001111011                                        
                       11111111000000   0000000000000000   000011111  11 1000000                         000001111111101 0                                      
                      111110001100000000000000000000000000000001111111  11 00000                         00011111111111111                                      
                      0000110000000000000000000000       0011111111111 1    0000                        00011111111111111011                                    
                        0000000000000000000                  001111111  11118 00                        011111111111111111001                                   
                          0000     0                                                                    111111 1     11111                                      
                                                                                                       11111                                                    
                                                                                                      011111                                                    
                                                                                                      1111111                                                   
                                                                                                     01111                                                      
                                                                                                      11                                                        
                                                                                                    1                                                           
                                                                                                     1                                                          
                                                                                                                                                                
                                                                                                   1                                                            
                                                                                                   1                                                            
                                                                                                   1                                                            
                                                                                                                                                                
