                                                                                                                                                                
                                                                                                                                                                
                                                                                                                                                                
                                                                                                                                                                
                                                                                                                                                                
                                                                                                                                                                
                                                                                                                                  0001                          
                                                                                                                              001111                            
                                                                           00000                                            01110000                            
                                                                   0001111111111                                          0110011111                            
                                                              00111000000011111111                                      0 10000000                              
                                      000111111111111110    000000000000000001111111                                    100001100000                            
                             00111111111111111111111111111          00000000000001111111                              110000000110                              
                        0111111111100000011111111111111111          000000000000000000011111 1                      0 000000011000                              
                    0111111111111111111111101111111111111000           01111010000000000000000111111 1             010000000000000                              
                00111101111111111111111111110111111111110111          0 111111111110       0000000000011          11000000000000                                
              011111110110 0   001111100001100011111111111110      0111111111111110            00000000000      0110000000000000                                
               11011111110      001110111111100111111111101110    011111111000111110           000000       0111110000 000000000                                
              00010011111100000011111011111111 0111111111111110  011111111110111101100        0111010       01111000000 00000000                                
               0000000111111111111110011111110 01111111110  01111111111100111111110011      0011001100      00010000000000000000                                
                   00011111111111110011111110 011111111110  01111011111111110   0111110   00111110101010   010000000000 0000000000                              
                     00111111111110111111110 011111111111111111111111111110      01100111111000110000110000000000000000  00000000000                            
                         0111111111111111000111118  11111111111111111111110       011101100110010000000000000000000000   0000000000000                          
                            0 11110000000111110001     1111111 11111111111110    011111010000000000000000000000      00000000000000000                          
                                001111 1  0010000001111111111  111111111111110001111011000000000000000000               00000000000000                          
                                      1   100100000001111111111111111111111111111100000000000000000000                     00000000000                          
                                        0    011100011111    100000000111100000000010000000000000000000000                        000000                        
                                            0 001111111111  88 01100110000010000100001111 100000  00000000                                                      
                                                 01 111111  118 0100000111111111  111100       00000000000                                                      
                                                   0011     88810000000000000000                   0000000                                                      
                                                            0   100 0000000000 0                                                                                
                                                                  000000011111                                                                                  
                                                                   00000111111                                                                                  
                                                                     111111111                                                                                  
                                                                       01111                                                                                    
                                                                          01                                                                                    
                                                                                                                                                                
                                                                                                                                                                
                                                                                                                                                                
                                                                                                                                                                
