                                                                                                                                                                
                                                                                                                                                                
                                                                                                                                                                
                                                                                                                                                                
                                                              00001111                                                                                          
                                                          000111111000                                                                                          
                             000001111111000000       011100000000011111                                                                                        
                  00011111111111111111111111111100  000  0000000000000001110                                                                                    
             00111111100111100000111111111118111 1          000000000000001111                                                                                  
         01111111111111111111111111111111111111100          00000000000000000000                                                                                
       1111111010000 00011111111111011111111111111            1111111000 00000000111                                                                            
        101111110      0111101111110011111111111110         0 81111111100000 000000001                                                                          
        0100111110000000111001111111 01111111111111     00111111111111111000     000000111                                                                      
         000011111111111111011111111 011111111111110    01111118111111110           00000011                                                                    
          0011111111111111011111111 01111111111000110001111111111111111110            00000001 0                                                                
              01111111110011111110 001111111110   1111111111101111111111110          00000000111                                                                
                01111111111111110001111111111110011111111101111110000111110        0111110000001                                                                
                  0 111111110000111111  11111111111111111111110      1111110 000011111111110     0                                                              
                      0000001111110001  1   11111111111111111110      01111111111111111110                                                                      
                        0 1111100000 1      111111  1111111111110    0011011101111111111110       000                                                           
                            0 000000011 1   11111111111111111111100011111111111111101111111     0001111110000000111110000000000000000000000000                  
                             000000000111110111111111111111111111111111111111100111111111110000111111111111110000000000000000000000000000000                    
                            100000000000111101100000000001111100011010110000000000000000001111111111111111111000000000000000000000000000                        
                           11100111111 000111 1111111111110000000000000000000000000000000100000111111111001000000000000000000000000000                          
                           1011111111  10000    01100000000111111111111111111110000000000  00000011011011010000000000000000000000000                            
                            11111111  1             0000000000 00000000000     0000000           0000001000000000000011111000000                                
                             0      11               100000000                  000000000110        00000000000000000000000000                                  
                            1                        110111111111                 01111111           0000000000011100000                                        
                                                      1111111111                   0111101           00000000001011110                                          
                                                        1111                          01 1            0000000100111111                                          
                                                        0 11                                           100001011011111                                          
                                                          1                                            010100101111100                                          
                                                                                                        01010011001110                                          
                                                                                                         1101001100001 0                                        
                                                                                                          110110011000                                          
                                                                                                           01100000000                                          
                                                                                                             1110000                                            
                                                                                                               01100                                            
                                                                                                                 001                                            
                                                                                                                    0                                           
