                                                                                                                                                                
                                                                                                                                                                
                                                                                                                                                                
                                                         000111111                                                                                              
                                                    0011000001101111                                                                                            
                                          0      001000000000000011111                                                                                          
                               001111111111110           000000000001111                                                                                        
                          0111111111111111111111        00100000000000011111                                                                                    
                     011111111111111111111111110            1111100000000011                                                                                    
                 011111111111000001111111111111100          1111111100000000111                                                                                 
             01111111111111000000011001111111111111       001111111111110   00011                                                                               
            0111111111111101111111111000110111011110    0111111111111100       0111  0                                                                          
          0 11111111111111111110000001100111111110110   011111110111110          00111 0                                                                        
          811111011111110  000100011111100110110110110001111110111111110           0011                                                                         
        11111111011100      0011001111111 01111110  01111111111100011111          0000011                                                                       
       111111111110000     00111001111110 0111110000111111101100   11110    00001111000011                                                                      
        01110000011111000000111100100001  01111111111011111111     011110000111111111100 001                                    001                             
           00001001111110000001000000110 01111111110011111111110    011111111111111100                                      011110                              
              00001110000000000000000000000110110000111111111111  0111111111111111110                                 0001110000                                
                    0001111100000000 0000 0000000000000000000011111111111111111111111       1 10               000111110000000                                  
                           000001  101   0001111110000000000000000000000110111111111100001101118811100111111110000000000000000                                  
                            0000001111   0  11111110001100100000000000000000000011111111111111111111100000000000000000000000                                    
                            10000000 0  0  0000111111100000011111111111110000000000111111111111110111100000000000000000000                                      
                                    100000         00000000       000000000000000000001111111111110100000000000000000000                                        
                                   1100000         0000   0                 0000000     001101111101000000000000000000                                          
                                   1000000          000000000010            10001011       00000100000000000000000                                              
                                   00000             01010101111             1111111 1       000000000000000000000                                              
                                  10                  10111111 0             01111            000000000000000000                                                
                                                      0 1111                     1             00000000000000000                                                
                                                         1                                      1000000000000000                                                
                                                        0                                        10000000000000000                                              
                                                                                                  1000000000000000                                              
                                                                                                   010000000000000                                              
                                                                                                     0100000000000                                              
                                                                                                       010000000                                                
                                                                                                         0010000                                                
                                                                                                             00000                                              
                                                                                                                 0                                              
                                                                                                                                                                
                                                                                                                                                                
