                                                                                                                                                                
                                                                                                                                                                
                                                                                                                                                                
                                                                                                                                                                
                                                                                                                                                                
                                                                       000                                                                                      
                                                                  001111                                                                                        
                                                              011111100000                                                                                      
                                                           0110000000011110001                                                                                  
                                                         1100000000000000000000111                                                                              
                                              000000    00     00000000000000000000011                                                                          
                                     00111111111111110          00001000000000000000011111                                                                      
                                0011111111111111118111              11111111000000000000000111                                                  00              
                           01111111001111111111111111110            11111111111100     00000000111                                          0011                
                       01111111111100000111111111111111111       011111111111110            00000011 0                                  00110000                
                    0111100111111111111111100111011111111100    011111181001101110           000000011                             00111000000                  
                 01111111111111111111111111100111111011101110   0111111111111111110         011000000000                       011110000000000                  
                01100011111 0000011110011111100111011111110110001111110011100110011      0001111110                       001110000000000000                    
              11111110110       0011100111111100111111111   111111111111110   1111100 000111111110                   00111100000000000000000                    
            01110111111110   000011110011111110 0111111110 01111111111110     0011111111111111111100      00111111111100000000000000000000                      
              00010011111111000111111001111011  01111111111111111111111110      01101101101111111111    0111111111111100000000000000000000                      
              10000000111111111111110001111110 01111111111111111111111111110  0111111110111111111111100011111110110010000000000000011000                        
                0000101111111111111101011111 00111  11  111111  1111111111111111111111110000000011101111111111110110000000000000000000                          
                     0000111000011011111100 0110000111  1111111111111111111111111100000000000000000000000000111110100000000000000000                            
                            01111111000000001100000011111111111110000011100000000100000000000000000000000000000000000000000000100000                            
                                  00011 1   01000000001111   1000000000000000000000101111100000000            0000000000000000111100                            
                                      0000  10110000111111  88 001111111111111  1110000  000 000000000           000000000000000110000                          
                                      0 000000011111111111  118100000000000                00000011111             0000000000000000000                          
                                      10000000000 11111111     1000 0000                     0111111 1              00000000000000000000                        
                                      010000 0      1           0 000000011111                 01111                  010000000000000000                        
                                        01              0    11110001001111111                     0                    0110000000000000                        
                                                                00000111111111                                            00110000000000                        
                                                                  0000011110                                                 00111000000                        
                                                                         011                                                     0001110 0                      
                                                                                                                                       000                      
                                                                                                                                                                
                                                                                                                                                                
                                                                                                                                                                
                                                                                                                                                                
                                                                                                                                                                
