                                                                                                                                                                
                                                                                                                                                                
                                                             0000000                                                                                            
                                                        0011111111                                                                                              
                                                    011000000000111111                                                                                          
                                                 001000000000000000111                                                                                          
                                    0001111100    0      00000000000011111                                                                                      
                               01111118111111111          111100000000000111                                                                                    
                           0111111111111111111110           011111100000000111                                                                                  
                        01111111111111111111111100           1111111111100000011                                                                                
                     0111111111000011111111110111111       011111111111100     011                                                                              
                 001111111111100000001100111111111110     01111111111110         001 1                                                                          
                11111111111000111111111100010110011011    111111101110110          001 1                                                                        
              011111111111110111110000001100110110110110001111001111111110          000110                                                                      
             111111111111111100001000111111001111110  0111111111110001111       000110001                                                                       
            1111111101111001   0001001111111001111000 011111101100  011110   0011111111001                                                                      
           11111111101100      0011100000000 0111110011011111111      111111111111111110  0                                                                     
          11111111111100000 0000000100000000 011111010001111111110   0111111111111110                                                                           
           01111100001111110000000000000000 000100100000100000000000011111111111111110      00                                    0                             
             00000000000000000000000000000 0000000000000000000000000000000111111111110    001 11                             00111 0                            
                   000011110000000000000 00  001101110000000000000000000000000011111110001111118110000             0000001111100                                
                           0000000001   111  011111111111110110111111101000000000001111111111111111101111111111000000000000000                                  
                              1000 0    00 0 0000010000000000000000000000000000000000111111111111111000000000000000000000000                                    
                                          1  0       00000                   0 00000  00111111110111000000000000000000000000                                    
                                           8000      00000  00000             0000000    0001111010000000000000000000000                                        
                                            1000      00000000000011          111111       000111000000000000000000000                                          
                                            1000      0 010000001101            11          0000000000000000000000                                              
                                           100            101011                 1          0000000000110000000                                                 
                                          8               0 11                  01           10000000100111000                                                  
                                         8                   1                               10000000011000000                                                  
                                                                                             01000100100000000                                                  
                                                                                              1000000000000000                                                  
                                                                                               100000000000000                                                  
                                                                                                10000000000000                                                  
                                                                                                 01000000000                                                    
                                                                                                   110000000                                                    
                                                                                                     01000                                                      
                                                                                                       00100                                                    
                                                                                                           00                                                   
                                                                                                                                                                
