                                                                                                                                                                
                                                                                                                                                                
                                                                                                                                                                
                                                                                                                                         000                    
                                                                                                                                       011                      
                                                                                                                                    0110                        
                                                                                                                                    1000                        
                                                                                                                                  100000                        
                                                                             00000                                              11000000                        
                                                                     00111111111                                                00000000                        
                                                                 0110000000011111111                                          1000000000                        
                                                              010000000000000011111111 0                                    110000000000                        
                                          0011111111111111            000000000000000111 1                                0 100000000000                        
                                    000111111111111118111811          0101100000000000000011111100                       110000000000000                        
                               01111111100111111111111111110            001111111000000    0000011111111 1             011000000000000                          
                           01111111111000000000111111111111100           1111111111110           00000000000         01100000000000000                          
                        01111001111111111111111011111111111111        011111111101110             000000        00111110000 0000000000                          
                      011111111111111111111111110011101110111110     011101111001101110          0010000        011111010000 00000000000                        
                   01111100110010 0000111000111110011111111101111    01111111111111111100       01111110        010100000000 0000000000000                      
                  11111111111       00111001111111 01111110110001100111111100111001100110     011100110100     01110000000000000000000000000                    
                  0111111111100  00001111011111111 01111111110  0111101110111110   01111100000011011001111000000000000000000  0000000000000000                  
                   0011000111111000111111011111110 011111111100011111111111110      001101110110011001000000000000000000000    000000000000000                  
                       01011111111111111001110110 01111111111111101111111111110      011100100000000000000000000000         0000000000000000000                 
                        0 0011110011111001111110 01111  1111111111111111111111110  01111110000000000000000000                    0000000000000000               
                              0011110000011100011110001 11  111111  11111111111111111100000000000000000000                                                      
                                  00001000000 1111000 01111111011111110000011100000000000000000000000000000000                                                  
                                        0     1001000000000000110000000000000000000000000111111000000 00000000                                                  
                                            0   10100000001111000000011011100011111111111100       00000000000                                                  
                                                    1000011111 1111111000000011110000                   000000                                                  
                                                    1 00111111      00000000000000                                                                              
                                                      11111111        000000000000                                                                              
                                                         111           00000001111                                                                              
                                                        0111            1111111111                                                                              
                                                                         011111111                                                                              
                                                                           01111                                                                                
                                                                             00                                                                                 
                                                                                                                                                                
                                                                                                                                                                
                                                                                                                                                                
                                                                                                                                                                
