                                                                                                                                                                
                                                                                                                                                                
                                                                                                                                                                
                                                                                                                                                                
                                                                                                                                                                
                                                                                                                                                                
                                                                                                                                                                
                                                                                                                                                                
                         0000000000000111100000                                                                                                                 
                  00111111111111111111111111111111110       0000111111111111                                                      0000                          
              0111101111111111111100001111111811111111    000000000000011111                                                   01110                            
            111111111001000011111111111111111111181111          00000000111111                                               01000                              
            1101111110      01111111111001111111111110          0000000000011111                                           0100000                              
             00001111000000011110111111001111111111111            0110000000000111                                        11000000                              
              0001111111111111101111111001111111111111          0 11111110000000011111 0                                1100000000                              
             0  111111111111110111111110011111111111110     0011111111111111100  0000011 1 0                          110000000000                              
                  111111111100111111110 011111111111110    0111111811111111100      000000111110                    01000000000000                              
                    1 111111111111100 001111111110  011100111111111100111111            0000000111                01100000000000                                
                      1 11111111110001111811111110  0111111111110001111111111            00000000011            0110000000000000                                
                        0 10000000111111   11111111111111111111111110011111110          0000000              0011000000000000000                                
                          01  1811111000      1111111111111111111000   0111111      00011111100       000111110000000000000000                                  
                             11101000000011   1111111 11111111111       0111110000001111001110         11111110000  0000000000                                  
                              0 010000000111111111   1111111111111       01101111111100110111110     011110000000000000000000                                   
                                  01011111111    11 111111111111111   001111011101110111011011110 0001111000000000 00000000000                                  
                                  1011111111      0111111111111111111111111111111111001101100110111100000000000000 0000000000000                                
                                  1 111111    88 10000000111111111111111111110001000000000000000000000000000000000  00000000000000                              
                                    11 1    1118 011111111100000000000001100000000000000000000000000000000000000   000000000000000                              
                                      1 1     1  001000000000111100001000000000000000010000000                  000000000000000000                              
                                                     0000000000001111111111111111000000000  000000                000000000000000000                            
                                                      0 0000000000000000            00000000000000                   0000000000000                              
                                                      000000001111  00                0000000000                          0000000000                            
                                                       10000111111 11                    0001111                                                                
                                                        01111111                                                                                                
                                                         01111                                                                                                  
                                                            01                                                                                                  
                                                                                                                                                                
                                                                                                                                                                
                                                                                                                                                                
                                                                                                                                                                
                                                                                                                                                                
