                                                                                                                                                                
                                                                                                                                                                
                                                                                                                                                                
                                                                                                                                                                
                                                                                                                                                                
                                                                                                                                                                
                                                                                                                                                                
                                                              0000111111                                                                                        
                                                          0010000010100011                                                                                      
                                                      0011000000000001111111                                                                                    
                                 00111111111111110    0      00000000000000111                                                          01                      
                          00111111111111111111111811          0000000000000001111                                                     01 0                      
                    00111111111000111111111111111110            0111100000000000000111                                             01100                        
                 0111110001111110001111111111101111000          0 111111110000  00000111 1                                       0100000                        
              0111111111111111111111111011111111111118        0011111111111100      00000011 0                                01100000                          
           01111001111 100001111000011100111111101111100    0111111811111111            00000111 0                         01100000000                          
         011111111110      01111001111110011111111111110    011111111001100110           000000011                      01100000000000                          
         011011111110    0 0011100111111100111111011001110011111811011111111110         001000000000                011100000000000000                          
          0111011111110000111111011111111 0111111110   111111111111111000110111      0001111110                 00111000000000000000                            
          000000 111111111111110011111110 0111111111000111111110111000   011111000001111001110        001111111110000000000000000000                            
              000111111111111100011111100011111111111111111111111111       011111111110111111100      0011111111000000000000000000                              
                  00111100111101111110 00111   1  11111111111111111110    00110010011011111111110   0111011001100000 00000000000                                
                      0 111111111100001110001 1   111111  1111111111110000111111111110110110011111011011101100100000000000000000                                
                           0000000011011000000111111111111111111111111111111111100100000000000000000000011000000000 000000000000                                
                                1     01000000011111110111100000111100000000100000000000000000000000000000000000000 000000000000                                
                                    0 1011000011111    000000000000000000000000000000001000000            0000000  000000000000000                              
                                        0 11111111  1 8 0111111100111111111111111110100000000                  000000000000000000000                            
                                          1 111111    11000000000000000000000        0000000000011               0000000000000000000                            
                                            1 11         0 0 0000000                   00000001110                 0000000000000000000                          
                                              0           00000000001110                 0011110                      0000000000000000                          
                                                           01000011111 1                     001                          0000000000                            
                                                             110111111 1                                                       0000000 0                        
                                                              111111 1                                                                                          
                                                                1110                                                                                            
                                                                  01                                                                                            
                                                                                                                                                                
                                                                                                                                                                
                                                                                                                                                                
                                                                                                                                                                
                                                                                                                                                                
