                                                                                                                                                                
                                                                                                                                                                
                                                                                                                                                                
                                                                                                                                                                
                                                                                                                                                                
                                                                                                                                                                
                                                                                                                                                                
                                                                     001                                                                                        
                                                                 001111000                                                                                      
                                                             00111100000100001                                                                                  
                                                          0110000000000000110011                                                  0001111111                    
                                       0000000000000    0000 000000000000000100000001111                                     001111111111111                    
                            00000111111111111111111110          0000000000000000000000000001111                          0111111111111111111                    
                      00111111111110111111111111181111          0001100000000000000000000000000000                    01110000111111111111                      
                  011111110001111100001111111111111110            0 111111111010        000000000000               01110000001111111111111                      
               01111111111111111111111110111111111111111           111111111110             000000              011100000000011111111111                        
            011111001111111111111111111110111101111111111       0111111111111110           0110010      00011111110000000000011111111111                        
           110111111100     001111011111100111111101111110     0111011110011001110        01111110        1111111101000000000011111111                          
            111011111100   00011100111111100111111111111110   011111111111111111111     001110111000    0110110110000000000000000000                            
             010001111111111111110111111110011111111110001111111111111111100011011100 000110110011110  011111110010000000000001111                              
               000111111111111110011111110 01111111111   01111111110111100    0111011110110110010010111100000000000000000000111111                              
                0001111111111110011111110 001181111101100111111111111110        0110011000000000000000000000000000000000000011111111                            
                     0111111110111111110001111  11111111101111111111111110     01111000000000000000000000        0000 000000001111111                           
                        0111111111110001111001  11  1111111  1111111111111100001110010000000000000000               000000000000111111                          
                           0000000001 1110000 111   111111  11111111111111111111000000000000010000 00000               00000000111111110                        
                                1  111100100000000111111111111111111111110000000000000000110000  0000000                 000000011110111                        
                                    0   10110000001111110000110000000000000000000001111100 0000000000000                    000000111110                        
                                        00011100111111   0000001001110000110111111100             000000                      0011100111                        
                                              11111111  11111110000000001111100                                                  0111111                        
                                               1111   1    000000   0000000000 0                                                   01111                        
                                                    01 11        0000000011111                                                        0                         
                                                                  0011111111 1                                                                                  
                                                                     0111111 1                                                                                  
                                                                         00111                                                                                  
                                                                                                                                                                
                                                                                                                                                                
                                                                                                                                                                
                                                                                                                                                                
                                                                                                                                                                
                                                                                                                                                                
