                                                                                                                                                                
                                                                                                                                                                
                                                                                                                                                                
                                                                                                                                                                
                                                                1100                                                                                            
                                                              010100100000001100111111                                                                          
                                                              00000100100000000000000000000011                                                                  
                                                            1000000000000000000000000000000000000011                                                            
                                                          0 000000  0  0000000000          00000000001                                                          
                                  1                      01000  0 000000000000110            00000000000                                                        
                                    1 11            011111      0000011101110110             0110000                                                            
                                  11111111 1  0 0111     0           0111111001100          01111110                                                            
                                  11111111101111111110                011111001001100     001101110         0110                                                
                                  100000001111111118111100            0111110011110010  0001001001111     00011111100                                           
                                    00001111118881111011110          011011000000001000000000000000000  00111111111111111100                                    
                                    1011111111111111111111100110     00111100010  0000000000000000000000000000100110000000111110                                
                                  00001111111111111011010011001100    00111010       0000000000000000000000000000000000000000001111                             
                                0110001111111111011010001110010001000010010000      000000000000000000000000000000000000000000001111 0                          
                              0110011110000000000000001100100000000000000000000000000000100  0000000000000     00000000000000111111111 0                        
                           01111011111100000000011100000000010000   00000000000000001100          000000         000  000000111111111118                        
                          01110111111000000111100000100000000010000000000000000001000                  0             0001111111111111111 0                      
                      88  0101111110000000000000000000000 000000000000000000011100                                 0000001111111111111111                       
                         01111111000011111000000000110000 000000000000000000000  00000                              000011111111111111                          
                         1111111111011110   0000000000000 000000000000000000   0000000                              00011111111   1      11                     
                        11111111000000       00000 000000 0000110000111110   000000000                              00011111 0      1111  1                     
                        11111111100000   00 000000000000 000 000000111        0000000000                             1111111             11                     
                       111100000000000000000000000000000000  00000111111                                             11111                                      
                         11110000000000000000000000000    01100000111111                                             11111 1                                    
                             000  00000000000               011100111111                                            0 111 1                                     
                                   0                           011111111       1                                    1 11 1                                      
                                                                   00011                                                                                        
                                                                                                                   11                                           
                                                                                                                  1                                             
                                                                                                                                                                
                                                                                                                                                                
                                                                                                                                                                
                                                                                                                                                                
                                                                                                                                                                
                                                                                                                                                                
                                                                                                                                                                
