                                                                                                                                                                
                                                                                                                                                                
                                                                                                                                                                
                                                                                                                                                                
                                                               000000                                                                                           
                  000011111111111111111110000        000001111111111                                                                                            
            0111111111111110001111111111111111    000000000000000111                                                                                            
       00111111111111111111000011111111111811110         000000000111111                                                                                        
    111111100111111111111111111111111111111111           00000000000001111                                                                                      
      011111110      011111111111011111111111100          01110000000000111                                                                                     
    00100111110      011110111111001111111111111          11111111000000000111                                                                                  
    01000011111100001111101111111001111111111110      000011111111111000 0000011 1                                                 00                           
       00111111111111111001111111001111111111111     0111111111111111000     000011110                                  0001111111                              
          01111111111110011111110 01111111110011000011111111100110111           00000111                           001111111111111                              
            0111111110001111110  01111111110  011111111110101111110110            00000000 1                    011111111111111111                              
              011111111111111000111111111110001111111111111111011111110          00000000001                01111000011111111111                                
                  1110000000001111   1111111111111111101110000  0111110        01111000                  011100000000111111111 1                                
                    01100 111110001 1   1111111111111111110     0111110000001111111110               0011100000000001111111110                                  
                      0 1 0100000 0 1   11111   111111111110      11111111111111111110        011111111100000000000111111110                                    
                         01000000000111111111 11111111111111    011110110111011110011110    0001111100100000000000001111111                                     
                          1000010111111111111111111111111111111111111111111101101110111100000111111001000000000000000000                                        
                          101101111111   10000000000111111111111111111001000000000000100111110010011000000 0000000000000                                        
                           011111111  118 0110011000000000000000010000000000000000000000000000000000000000 00000001110                                          
                          11111 11   111 00001100000001111100010000000000000000000000000000000000000000000 0000000111100                                        
                                               00000000000111111111111111110000000000               000   0000000000000001                                      
                            0 1                00000000000000000           000  00000000               0000000000000000000                                      
                                                100000111111 00              00000000000                 0000000000000000000                                    
                                                0101111111  11                 0011110                     00000000000000000                                    
                                                  11111111                         001                        00000000000000                                    
                                                   01111                                                         00000000000                                    
                                                     011                                                            00010000                                    
                                                                                                                        001111                                  
                                                                                                                                                                
                                                                                                                                                                
                                                                                                                                                                
                                                                                                                                                                
                                                                                                                                                                
                                                                                                                                                                
                                                                                                                                                                
                                                                                                                                                                
