                                                                                                                                                                
                                                                                                                                                                
                                                                                                                                                                
                                                                                                                                                                
                                                                                                                                                                
                   000000000111111111110000            0000011111111                                                                                            
            0001111111111111111111111111111111     0100000000000111111                                                                                          
       00111111111111111110000011111111111111110         000000000111111                                                                                        
    0 1111110111111111111111111111111111111111           00000000000011111                                                                                      
      101111110      011111111111011111111111100          001000000000000101                                                                                    
     0100111110      011110111111001111111111111          01111111000 0000001111                                                                                
    11001011111100000111101111111001111111111110       00011111111110000 00000000111                                                                            
       00111111111111111001111111001111111111111     0111111111111111000      0000000111                                       00000                            
       0  01111111111110111111110 011111111101110   011111111010111110           000000000 1                        0001111111111111     1 0                    
            0111111110001111110  01111111110  011111111111111111110111            0000000011                   00111111111111111111111      1                   
               01111111111111000111111111110001111111111111111111111111         001100000                  0011100000111111111111111                            
                  1110000000001111   1111111111111111100111110  0111111      00011111110               001110000000001111111111111                              
                    01000 111110001     1111111111111111110      0111110000001111011110         11111111100000000000111111111111                                
                        111110000 011   111111  111111111110      0110111111110111011110      00111111110000000000011111111111                                  
                        0 0100000000111111111  11111111111110   0011110110111011111011110    011011001100000000000001111111111                                  
                           1100001111111   1111111111111111111011111111111011011001101101111110110111000000000000000000000                                      
                             010111111      000000000111111111111111111001000000000000000000000000000000000 000000111000                                        
                            111111111   11810000100000000000000000100000000000000000000000000000000000000000000000111111                                        
                              1111      11101111001110000110000000000000000000000000000             0000   0000000011111 1                                      
                                             000000000001111111111111111110000000000000000              000000000000111111                                      
                                                000000000000000000           0000000000000                000000000000111111                                    
                                                 1000000111111 0                00000000                    0000000000011111                                    
                                                  1101111111  11                   00001                      00000000110011                                    
                                                   011111111                                                     00000001110                                    
                                                      0111                                                         011000011                                    
                                                         00                                                          0111001                                    
                                                                                                                        0111                                    
                                                                                                                          0                                     
                                                                                                                            0                                   
                                                                                                                                                                
                                                                                                                                                                
                                                                                                                                                                
                                                                                                                                                                
                                                                                                                                                                
                                                                                                                                                                
