                                                                                                                                                                
                                                                                                                                                                
                                                                                                                                                                
                                                                                                                                                                
                                                                                                                                                                
                                                                     001                                                                                        
                                                                  001111                                                                                        
                                                                111110000111                                                                                    
                                                              110010001110001100                                                                                
                                                           011000000010000100001100111                                                                          
                                                          11000000000 0000000000000000011111                                                                    
                                                        000      000000000000  00000000000000011 1                                                              
                                           00011111111 0          00011111001000000      00000000111 0                                                          
                                      011111111118111811              111111111111            0000000111                                               00       
                                  011111111111118111111100           0111111101110             00000000011                                     000011111        
                             0111111001111111111111111111111       01111111101111110          01110000                             00000011110000000            
                          01111111110000001101111111111111110      0111111111111111110      001111110                    0001111111100000000000000              
                       1111100011111111111110001110111011100110    01111110111011110110    01111011100        181111111110000000000000000000000000              
                    01111111111111111111100111001111111111111110000111111111110  0111111000111011011110     001111111110000000000000000000000000                
                   11100111111000000111001111110011111111111  0111111111011100    000100110110110110111100011111110110010000000000000000000000                  
                 1111110111       001110011111110011111111110  11111111111110       01100110110100100111111111111110110000000000000000000000                    
               0110111111110    0 0011100111111100011111111110111111111111111110   1111110000000000000000000000110110100000000000000000001                      
                00110011111110000011111001110010 0111811111111101111111111111111111110000000000000000000000000000000000000000000000000                          
                 000100001111111111111100110111 011111  11  111111 11111111111110000000000000000000000            00000000000001111000                          
                 0000001001111111111110001111000111001 11   11111111110000011100000000001111100000  00000000        000000000001111110                          
                        00001111000000001000001110000000011111   1001000000000000001111110      0000000011            0000000000111111                          
                                001111100000 11011000000111111     0001101110111111000             0111111             00000000011110000                        
                                       001      01110001111111    881000000000                       00111              0100000010001000                        
                                            000000011110111111  111110000       0000                                     01100001100000000                      
                                             00000000111111111       0 0000000001111                                       011000001000000                      
                                               000      001   1111111100000000111111                                         01110000000 0                      
                                                                       0000011111111                                           011100000                        
                                                                            00011110                                              011100                        
                                                                                 01                                                   0011                      
                                                                                                                                                                
                                                                                                                                                                
                                                                                                                                                                
                                                                                                                                                                
                                                                                                                                                                
                                                                                                                                                                
