                                                                                                                                                                
                                                                                                                                                                
                                                                                                                                                                
                                                                                                                                                                
                                                                                                                                                                
                                                                   000                                                                                          
                                                             000111111                                                                                          
                                                         001111111001111                                                                                        
                                                      0111000000001110011111                                                                                    
                                                    0000 000000000000000011111                                                                                  
                                  0001111111111100          0000000000000000000011                                                                              
                            0011111111111111111881          0 00111000000 000000000111                                                                          
                      001111111011111111118111111100            11111111100000 00000000111 0                                                                    
                  001111111111100001011111111111111110         081111111111100       000000111                                                00                
               011111011111111111111110111111111111111      0111111111111110            00000111 0                                       00110                  
             0111111111111111111111111100111111011111110    011111111011101110           000000011                                 000100000                    
          011111011100 0 00011110011111100111111111111100  01111811011111111110        0011000000001                         0001110000000                      
         11111111110       0111101111111100111111111000111111111111111000110111     00011111110                        0001111000000000000                      
         0111111111100 0000011110111111110 111111111   111111110011100    11111000001111011110        0          00111110000000000000000                        
          0010011111111111111111011111110 011111111110111111111111110      01101111111011011110       0181111111110000000000000000000000                        
          001001 01111111111111001110110 01111111111111111111111111110     011101101101101111110    0111111111111000000000000000000000                          
              0001111111111111011111110 01111   1  111111 11111111111110 0111111111010111110111110111111110011011000000000000000100000                          
                   000111100001111110 0111000111  111111  1111111111111111111111001000000000000001011111111111100000000000000000000                             
                        0 111110000000011000000011111111111110111111110010001000000000000000000000000000100101100000000000000000                                
                              001     00110000001111  88 1000000000000000000000000000001000000      00000000000000000000000000                                  
                                  0     011000111111    181011011000011011111111111000000000              0000000000000011111000                                
                                          0 11111111    11 0000000011111000000        000000000111           0000000000000011000                                
                                            01111111       000000 0                    000000111              00000000000000000000                              
                                                0          0 0000000000000               0111110                000000000000000000                              
                                                           0 00000001111 1                  01 1                 01000000000000000                              
                                                            000000111111                                           0100000000000000                             
                                                             00011111111                                             0010000000000 0                            
                                                                 01111                                                  0011000000                              
                                                                    0                                                      0011100                              
                                                                                                                                0000                            
                                                                                                                                                                
                                                                                                                                                                
                                                                                                                                                                
                                                                                                                                                                
                                                                                                                                                                
