                                                                                                                                                                
                                                                                                                                                                
                                                                                                                                                                
                                                                                                                                                                
                                                                                                                                                                
                                                                                                                                                                
                                                                                                                                                                
                                                                                                                                                                
                                                                                                                                    000                         
                      00011111111111111111111111000            000000011111111                                                 00111                            
               000011111111100110000001111111111111110    001100000000111111                                                00110000                            
            01111110111111111111111110011111118118111110        0000000011111111                                          0110000000                            
            0 01111110     0011111111111011111111111 1           000000000001111                                        0110000000                              
            0110111110      01111010111101111111111110          0001000000000011111                                   011000000000                              
              01011111100000111101111111 0111111111111            01111000000000001111 1                              100000000000                              
              00111111111111111011111111 01111111111110       000181111111000000 0000000111110                     010000000000000                              
                  1111111111100111111110011111111111111     0111111111111111100      00000000111 1               01100000000000000                              
                   1111111110011111110  01111111110001100 0011111111111111110            00000000011           01100000000000000                                
                      111111111111100 001111111111   1111111111811111111101110            000000000          0110000000000000000                                
                      011 11111100000111188111111100011111111111101111111111110         00110000        0001111000 00000000000                                  
                         0110000111111111   11111111111111111011111110000101111      0001111110       0 1111101000  0000000000                                  
                             118 010000 01    11111111111111111111      011111100000011110011000      0000100000000 0000000000                                  
                                10100000001111111111  1111111111110       01101111111110111011111    01110000000000 0000000000                                  
                                01110000111111    11  11111111111111    0011110110011001100100110100010000000000000 000000000000                                
                                  0 0111111111     111111111111111111001111111111110000000000000000000000000000000   0000000000000                              
                                     1111111       10100001111111111111111111110000000000000000000000000000000000   0000000000000000                            
                                      1111    8888 0000100011111000000000010000000000000000000000                0000000000000000000                            
                                        1 11    111 1111011100000100000000000000000000011000000                     0000000000000000                            
                                                1    0000000001111111111111111111100000000  00000000                    000000000000                            
                                                       0  00000000000000000           000000000000                            00000000                          
                                                       00000000011111100                  00000000                                                              
                                                        00000011111  110                       000                                                              
                                                          1111111110                                                                                            
                                                           0111110                                                                                              
                                                              01                                                                                                
                                                                                                                                                                
                                                                                                                                                                
                                                                                                                                                                
                                                                                                                                                                
                                                                                                                                                                
