                                                                                                                                                                
                                                                                                                                                                
                                                                                                                                                                
                                                                     0                                                                                          
                                                            00001111                                                                                            
                                   0                   0000011111111                                                                                            
                 00011111111111111111111111110     001100000000000111111                                                                                        
            011111111111100000011111111111111110    0   000000000000000011                                                                                      
       01111111111111111111110001111111111111111         000000000000000000011                                                                                  
      11111101100 000011111111111011111111111100          0011100000000000000011                                                                                
     0101111110      011111000111001111111111111            11111110000000000000000111                                                                          
      11001111100 0000111101111110011111111111110       00011111111111110     000000000111                                                                      
       000011111111111111011111110 11111111111111     011111111111111100         00000000000                                                                    
         00111111111111101111111100111111111111110   011111111000111110             0000000000                                                                  
           011111111110011111110  01111111110  11111111118111111111101100          01000000000                                                                  
              01111110111111110 0011111111110  01111111111111111011111111        011111110                                                                      
                01111111111000011111  11111111111111111101111110  0111110     01111111110                    0011111111111111111111100                          
                   00000000011111011  11 11111111111111111110      0111111000011111111110       0 111111111111000000000011111111111111   0                      
                      1   81010000 0     1111111 1111111111110       111011111101111011111     01011111111110000000000111111111111111111                        
                            010000000111111111   11111111111110   01111111110110110111011110001111111011011000000000001111111111111111                          
                            11100000011111 11111111111111111111111111111111110000000000010111111111111011000000000001111111111111111                            
                              11001111111    00111000101111111111111110000000000000000000000000000100110100000000000111111111111                                
                                11111111     100001000000000000000000000000000000000000000000000000000000000000000001111111111                                  
                                  11111   11810111111111000011001110001000111110000000000            0000000000011111111                                        
                                           1 0000000000000111111111111110000  00000 000000000          00000000001111111                                        
                                                   0000000000000000              00000000000             000000000111111                                        
                                                   0100000111111                    00111110              00000001111111                                        
                                                     111111111    1                      00                0100011111111                                        
                                                       11111111                                             0101011111111                                       
                                                         001 1                                                10111111111                                       
                                                             0                                                 111111111                                        
                                                                                                               011111111                                        
                                                                                                                011111 1                                        
                                                                                                                 0 111                                          
                                                                                                                  0  1                                          
                                                                                                                                                                
                                                                                                                     1                                          
                                                                                                                                                                
                                                                                                                                                                
                                                                                                                                                                
