                                                                                                                                                                
                                                                                                                                                                
                                                                                                                                                                
                                                                                                                                                                
                                                                                                                                                                
                                                                    00                                                                                          
                                                                001111                                                                                          
                                                             01111100001                                                                                        
                                                           01000100011000011                                                                                    
                                                         1100000000000010000100001                                                                              
                                                       110000000000000000000000000001111                                                                        
                                             00000    00       000000000000 00000000000000001111                                                                
                                    000111111111111100        0 0011111000000000    0000000000000011                                                            
                               00111111111111111181110            0 111111111110          000000000001                                   000000                 
                          001111111111111111111111111000          01111111011100            0000000000                       000111111111111111111              
                      0111111100000000001111111110111111        01111111111111110          01110100                    0011111111111111111111110                
                   0111110011111111111111001111111111111100     0111111111111111110      001111110        00000 000011111000000011111111111111                  
                 1111111111111111111111111000111111011101110    11111100111111110110    01111011100       011111111110000000000001111111111110                  
               0111001111110000011100011111100111011101110111011111111111110  0111111000111011011111    011111111111110000000001111111111111                    
              1111100110     0 00111011111111 01111111110  011110111001110     00110011011011011011110001111111001001000000000111111111100                      
           0111111111110    0 001111011111111 011111110100 011111111111110       0110111011010010011011111111111111101000000000111111111                        
            011110111111100000111111011111110 011111111111111111111111111111    1111110000000000000000000000000010010000000000011100                            
              000000011111111111111001110011 0111111111111111111111111111111101111000000000000000000000    00000000000000001111111                              
                000101111111111111001111111 011111  11  111111  111111111111111100000000000001000000             00000000000111111                              
                    0001111000011000111100011100001111  111111111110000111100000000000001110000000000000           000000000111111                              
                          0011110100000001011000 0111111111111111000000000000000110111100    00000000000            0000000111111111                            
                                 0001     001000000001111111100000110111001111111100            00111110             000001111111100                            
                                     00001 01100000000111011111111100000000000                      0000              01010111111111                            
                                      0000000 0000011111 100000000000   0000000000                                     0101111111111                            
                                      00000000 101011111         0  00000000111111                                       11111111100                            
                                      00       111111111          0000011011111111                                        1111100111                            
                                                1 1111              000011111111                                           011111011                            
                                                  1 11                    000111                                             01110                              
                                                                                0                                              01  1                            
                                                                                                                                  0                             
                                                                                                                                                                
                                                                                                                                                                
                                                                                                                                                                
                                                                                                                                                                
                                                                                                                                                                
