                                                                                                                                                                
                                                                                                                                                                
                                                                                                                                                                
                                                                                                                                                                
                                                                                                                                                                
                                                                                                                                                                
                                                                                                                                             0                  
                                                                         0000111                                                           1                    
                                                                    011111111111                                                         110                    
                                                                011000000011111111                                                      1000                    
                                                             011000000000000011111111                                                 110000                    
                                                 0000000    000      0000000000000011111                                            11000000                    
                                         00111111111111111           00010000000000000011111 0                                    0100000000                    
                                    001111111111111111111110            11111111000000000000111110                              0100000000                      
                               00111111011111111111111111100            11111111111100      000011111100                      011000000000                      
                           00111111111000000001111111101110111        00111111101110             000001111 0               011000000000000                      
                         11111000111111111111110111111111111110      01111181001111110            0000000000             01100000000000000                      
                      011111111111111111111111100011111101110011    0111111111111111110         00100000             011100 000000000000                        
                    01110011111100000111100111111001110011111111100011111100011111100110     0001111110         111111110000  0000000000                        
                  0 1111101110      00111001111111001111111110  0111101111111110  0111100  0011110011100      00011111110000000000000000                        
                 0111111111110    0 00111001111111001111111010  01111111011100     0110111111110111011111     111011000000000000000000000                       
                  01111011111110000011111001111010 011111111011111111111111110       1100110110110011011110001101100100000000000000000000000                    
                   001100001111111111111101110111 011111111111110111111111111110   01111111100000000000000000000000000000000000000000000000000                  
                       0000111111111111101111111001111   1  111111  1111111111110011110110000000000000000000001000000000000  00000000000000000                  
                         0 0001111000000001110001110000111  1111111111111111111001100000000000000000000000               0000000000000000000000                 
                                0 011111000000 10110000000011111100110000000100000000000000000000000000                     000000000000000000 0                
                                       000      000110000011111   10000000100001000110011111000000000000000000                  0000000000000000                
                                              0    1111100111111    01101110111111111000        000000000000                         0000000000000              
                                                       011111111  1110000000000                    001111000                                                    
                                                          011  1    100 00000000                      001111                                                    
                                                              0     10000000000111                                                                              
                                                                     0010000111111                                                                              
                                                                        1001111111                                                                              
                                                                         1111011                                                                                
                                                                          0111                                                                                  
                                                                            01                                                                                  
                                                                                                                                                                
                                                                                                                                                                
                                                                                                                                                                
                                                                                                                                                                
