                                                                                                                                                                
                                                                                                                                                                
                                                                                                                                                                
                                                                                                                                                                
                                                                                                                                                                
                                                                   00                                                                                           
                                                               00111                                                                                            
                                                            011111000                                                                                           
                                                         00100100011100010                                                                                      
                                                       01100000000000100001111                                                                                  
                                                     010000000000000000000000000011111                                                                          
                                             00     000     000000000000 000000000000000000111                                                                  
                                  0001111111111110          000111110000000000   00000000000000111                            00011111111111111000              
                             001111111111111118111              1111111111110           00000000001                     0011111111111111111111                  
                       00111111111111111111111111100            181111111111             00000000                   011111000011111111111111                    
                   00111111000000001001111111101111111        1111111111111110          01111110               00111100000000011111111111111                    
                011110001111111111111101111111111111110      1111111100111011110      000111111         0111111111000000000001111111111111                      
              011111111111111111111111000111111001100111    011111111111111110110     111111111000    0001111111111000000000111111111111                        
           01111001100 0 00011110011111000111111111111110000111111111111000011111100001100111111100  00111110011000000000000011111111110                        
          11111111110      00111011111110 01111111110  01111111110111100    00111111111001101101111111101111110010010000000000000111                            
          011111111100  00001111011111110 01111111110   111111111111110       0110011001100000000000000000000000000000000001111111                              
           01100111111111111111001111111 00111111110111111111111111111110    01111110100000000000000000000000000000000000011111100                              
           0000100111111111111100110111000111111111111110111111111111111110011111110000000000000000             000000000001111111                              
               0 01111111111110011111100011111  11  111111  111111111111111111101000000000000000  0000            0000000000111111                              
                     00011111000110000111110001111  11111111111111111111000000000000011100000 00000000              0000000011111111                            
                         00001100000  010000 011111 1111111111000000000000000111011100      0000000000               000000111111111                            
                               00  1  01000000000000001100000000001110001111111000              000111                 0100011111111                            
                                    000 000000011111 101111111110000000000000                                           01101111110111                          
                                     10110000111111 11100000000000    00000000                                            0111101110                            
                                      00101111111111            00000000001111 1                                            11111011                            
                                        1 11111111                001111111111                                               011111                             
                                          1 11                        011111 1                                                 01111                            
                                            1 1                           0011                                                                                  
                                              0                                                                                                                 
                                                                                                                                                                
                                                                                                                                                                
                                                                                                                                                                
                                                                                                                                                                
                                                                                                                                                                
                                                                                                                                                                
