                                                                                                                                                                
                                                                                                                                                                
                                                                                                                                                                
                                                                                                                                                                
                                                                                                                                                                
                                                                                                                                                                
                                                                                                                                                                
                                                                                                                                                                
                             000000000000000                                                                                                                    
                    001111111111111111111111111111100         0000011111111111                                                   001                            
              0111111111111101111000001111111111111110    000000000000011111                                                  011000                            
            1 1111111101101111111111111111111111181111 0        0000000011111111                                            1100000                             
            0101111110      01111111111101111111111110          0000000000011111                                          11000000                              
            01100111100    001110011111001111111111111            0100000000001111                                      1100000000                              
              00011111111011111001111111 0111111111111            11111100000000011111 0                              010000000000                              
              0 1 1111111111110011111110 11111111111110      000011111111100000  000001111 0                        0 100000000000                              
                  111111111110111111110 011111111111111     1111111111111111000      00000011111                   1100000000000                                
                    111111101111111100 0111111111100011000011111111101111111             000000001               110000000000000                                
                      1111111111111000011111111110  01111111111101111111101110            0000000000           11100000000000000                                
                        1 11110000011111   111111101111110111111111110111111110         0010000             01100 000000000000                                  
                          01001 11111000   11 11111111111111111111110  01111110      0001111110       001111110000  0000000000                                  
                             11810100000011   11111111111111111110      01111110000011111011100        011010000000 0000000000                                  
                                1110000000111111111   1111111111110      011111111111100110111110    01101100000000 0000000000                                  
                                01101001111111    1 1111111111111110    011110111011101110110110100001011000000000 0000000000000                                
                                   1111111111     1011111111111111111111111111111111000100100000000000000000000000  000000000000                                
                                   11111111     88100000011111111111111111111100010000000000000000000000000000000  000000000000000                              
                                    0 11   111118 0000110011000000000000010000000000000000000000000            0000 0000000000000000                            
                                      0 11     1 011110000100000110000000000000000000001000000                    000000000000000000                            
                                                     0000000001111111111111111111101000000  000000                   0000000000000                              
                                                      0 0000000000000000 0           0000000000000                       00000000000                            
                                                       0000000011111 0                  000000000                               000000                          
                                                        1000011111  11                      000000                                                              
                                                         111111111                                                                                              
                                                          011110                                                                                                
                                                             011                                                                                                
                                                                                                                                                                
                                                                                                                                                                
                                                                                                                                                                
                                                                                                                                                                
                                                                                                                                                                
