                                                                                                                                                                
                                                                                                                                                                
                                                                                                                                                                
                                                                                                                                                                
                                                                                                                                                                
                                                                    01                                                                                          
                                                                001111                                                                                          
                                                             0111110001110                                                                                      
                                                           11001000011000111                                                                                    
                                                        01100000000000010000100001 1                                                                            
                                                       110000000000000000000000000000111 1                                                                      
                                            000000    0        000000000000 00000000000000001111                                                                
                                    000111111111111100          0001111111000000    00000000000000                                                              
                               00111111111111111181110            0 111111111100           00000000001                                                          
                          001111111111111111111111111000          01111111011100            0000000000                          00000111111111111110 0          
                      0011111100000000001111111110111111 0      01111111001111110          01110000                      00111111111111111000000 0              
                   0111110011111111111111001111011111111100     0111111111111111110      001111110        0        00111111000000011111111111111                
                 0111111111111111111111111000111111011101110   011111100111011111110    01111011100       011111111110000000000001111111110000                  
               0111001111110000011100011111100111011101110011011111111111110  0111111000111011011111     11111111111110000000001111111111111                    
             11111100110     0 00111011111111001111111110   11110111001110      0110011111011011011110001111111011001000000000011111111111                      
            111111111110     00011110111111110 11111111110 011111111111110       1110111011010010011111111111111011001000000000111111111                        
            011110111111100000111111011111110 011111111111111011111111111111   0111111000000000000000000000001001011010000000001111111                          
             0010000011111111111111001111011 001111 111111111111111111111111111111000000000000000000000000000000000000000001111111                              
                0001001111111111111010111110001111  11  111111  111111111111111000000000000001000000            000000000001111111                              
                    0001111000001000111100011110001111  111111111100000111100000000000011110000000000000          0000000000111111                              
                          00111110000000010110000 011111111110111000000000000000111111100   000000000000           000000001011111                              
                                 00011    101000000001111111100000111111011111111000           000111110            0100001111111111                            
                                      0001 0110000000111101111111110000000000                      00111             010100111111110                            
                                     10000000 0000011111  10000000000   0000000000                                    01011011111111                            
                                    1000000001 010011111         0  00000000111111                                      111111111000                            
                                    100       0 11111111          0000011111111111                                       11111001110                            
                                                  1111              000011111111                                          0111100011                            
                                                                          000111                                            011100                              
                                                                                0                                             0111 0                            
                                                                                                                                  0                             
                                                                                                                                                                
                                                                                                                                                                
                                                                                                                                                                
                                                                                                                                                                
                                                                                                                                                                
