                                                                                                                                                                
                                                                                                                                                                
                                                                                                                                                                
                                                                                                                                                                
                                                                                                                                                                
                                                                                                                                                                
                                                                       000                                                                                      
                                                                0001111111                                                                                      
                                                            0011111100000011                                                                                    
                                                         011000000000011111111                                                                                  
                                                       0100 0000000000000000111111                                                                              
                                     000111111111110           000000000000000000111                                                                            
                               000111111111111111181 0          000111000000000000000111                                                  0011                  
                          0011111111111111111111111110            0 111111110000   000001111 0                                          0110                    
                      0111111100000001101111111101111111        001 111181111100       000000111                                    00110000                    
                   01111000111111111111100111111111111110      0111111111111110            0000011 0                             001100000                      
                011111111111111111111111100111111101111110    011111111001110111            00000001 1                        011000000000                      
              0111001110 00000111100111111001111111111111100 011111100011111111110        001100000000                    0111000000000000                      
            01111111110      01111001111111001111111110001111111111111111000110111     00011111110                    011100000000000000                        
           0110111111100  000011110011111110 0111111110   111111110111100   011111000001111011110         0000 0000111000000000000000000                        
            0111011111111101111111011111110 001111111110011111111111111       011011111110110111110     00011111111100000000000000000000                        
               000001111111111111001111111 011111111111111011111111111110     011101101101101111110    0111111011100000000000000000000                          
                  00111111111111001111111 011118  11 1111111 11111111111110001111111111101111101111110111111110110000000000000000000                            
                      00111111101111111001111000111 11111111 111111111111111111111100100000000000000100111111110110000000000000000                              
                          0 111110000001111000000001111    11111111111111001000100000000000000000000001000000000000000000000000000                              
                                000      001000001111111     1000000100000000000000000000000000000       000000000000000000000000000                            
                                      0   11111001111111    8801101100001101111111111100000000000               000 0000000000000000                            
                                             011111111    11181000000000111100000        0000000001110            00000000000000000000                          
                                                011111  111    0000000                    0000001111               0000000000000000000                          
                                                    001 111  1 0000000000000                01111100                 00000000000000000                          
                                                              00 00000001111                   011 1                    0000000000000000                        
                                                               0000000011111                       0                      0010000000000                         
                                                                 001101111                                                    0001000000                        
                                                                   00111                                                          00000000                      
                                                                      01 1                                                                                      
                                                                                                                                                                
                                                                                                                                                                
                                                                                                                                                                
                                                                                                                                                                
                                                                                                                                                                
