                                                                                                                                                                
                                                                                                                                                                
                                                                                                                                                                
                                                                                                                                                                
                                                                                                                                                                
                                                                                                                                                                
                                                                     00011                                                                                      
                                                                0011111100                                                                                      
                                                            001000000000111111                                                                                  
                                                          011000000000000001111111                                                                              
                                           00000011000  000   000000000000000001111111                                                                          
                                    01111111111181111100         00000000000000000000111                                                    0  1                
                              001111111111111118111811 0            011110000000000000000111                                              0110                  
                         001111111000001111111111111111000          0 111111111110     000001111 0                                     01100                    
                      011111001111111101111011111111111111        0111111111111100        00000011 1                                01100000                    
                  001111011111111111111111100111111111111110     0111118111111110            000000111                           01100000000                    
                 11111111111111011111000011110011111111101110   0111111111011001100          0000000011                      011100000000000                    
              0 11111011100     0111101111111100111111111001100011111100111111111110       00111000000000                00110000000000000                      
             111111111110       001110111111110 111111111   111111111111111000111110    000111111100                 001110000000000000000                      
             0011101111111000000111110111111110 0111111110 011111111011100    011111000011111111100         1110011111000000000000000000                        
              00000000111111111111110011111110 01181111111111111111111111       01111111111111011111      001111111110000000000000000000                        
              0000000011111111111111010111110 0111  11111111111111111111110   00111011011111111111110   011111100110010000000000000000                          
                    001111100011111011111110 01101  1   111111 111111111111000111111111111111111111111111111111100100000000000000000                            
                         00111100011111100 011100 01111 1111111111111111111111111111001100000000000000000100111110010000000000000000                            
                              0001100000011011000000001111    111001011110000000110000000000000000001000100000000000000 000000011000                            
                                   00       00100000111111  88 10000000000000000000000000000000000           0000000000000000000000000                          
                                       00001100 1000111111    881011110011111111111111100000000000                00000000000000000000                          
                                        000000000111111111    11 00000000000000000        000000000111              00000000000000000000                        
                                         000000000011 11       1 0 000                     00000111111                000000000000000000                        
                                          0000          0  11111 1000000000000               0111110                    000000000000000000                      
                                                               100000000111111                  0011                       000000000000000                      
                                                                000000011111 1                      0                         0000000000                        
                                                                  00010010                                                        00000000                      
                                                                    0 0111                                                               000                    
                                                                        01                                                                                      
                                                                                                                                                                
                                                                                                                                                                
                                                                                                                                                                
                                                                                                                                                                
                                                                                                                                                                
