                                                                                                                                                                
                                                                                                                                                                
                                                                                                                                                                
                                                                     000                                                                                        
                                                             000011111                                                                                          
                                                         0000011110000                                                                                          
                           00000111111111100000      0111000000000011111 1                                                                                      
                  00111111111111111111111111111100  000  0000000000000000000                                                                                    
             01111111100111100000111111181118111 0         0000000000000001111                                                                                  
         011111111111111111111111111111111111111            0010000000000000000011                                                                              
      01111111110  0 00011111111110011111111111111            1111111000 00000000111                                                                            
      0 101111110      011110111111001111111111111        000 1111111111100  00000000011                                                                        
       01101111110000001111011111110011111111111110     011111111111111110 0     000000011                                                                      
         000011111111111110011111110 11111111111111     11111111110111110           000000011                                                                   
          0011111111111110011111110 01111111110001110011111111111111111110            0000000011                                                                
              11111111110011111110 011111111110  01111111111111111111111110         001000000111                                                                
                0111111011111110 011111111111110111111111101111110  0111110     000011111100 0001                                                               
                  01111111100000111118  11111111111111111111110      01111100000111111111000                                                                    
                      0000001111110001      111111 1111111111110      01101111111111111110                                                                      
                        0 11 010000 01      11111  11111111111110   00111011101101111111110       0 110                                                         
                            0 00000001111   11111111111111111111110111111111111111101101111    0111111111111111111111111111111000000000                         
                            11000000000111101111111110111111111111111111111111000001111111111111111110111111000000000000000000000000000000000                   
                             00000001100111111100000000001111100010000110000000000000000000111111111111111101000000000000000000000000000                        
                             000011111 100011 1111111111110000100000000000000000000000000000000001111111100000000000000000000000000000                          
                             11101111  100000  00000000000011111111 11111111111000000000      00000001011010000000000000000000000000                            
                             111011 1 1             000000000      0000        00000000000        000000000000000000001111000000                                
                            0       11               10000000000                 00000011111        000000000001000010000011                                    
                                                     01011111111                   1111111           00000000010111000                                          
                                                      0 01111111                     11110            0000000001111110                                          
                                                       011111                          01              100010010111110                                          
                                                         111                                           000001001011111                                          
                                                           1                                            10100111111100                                          
                                                                                                        01010011001110                                          
                                                                                                         1101101100001                                          
                                                                                                          010110011000                                          
                                                                                                           01110000000                                          
                                                                                                             111000                                             
                                                                                                               111 0                                            
                                                                                                                 011                                            
                                                                                                                                                                
