                                                                                                                                                                
                                                                                                                                                                
                                                                                                                                                                
                                                                                                                                                                
                                                                                                                                                                
                                                                                                                                                                
                                                                                                                                                                
                                                                                                                                                                
                                                                          00                                                         00001                      
                                                                  0001111111                                                   0011111 1                        
                           0000000001111111111110000        001100000000111111                                             001111111111                         
                    0011111111111111111111111111111110    0000000000000001111111                                        01111111111111                          
               01111111111111111110000011111118118111110         00000000000001111                                    0111111111111111                          
            011111101101101111111111111111111111111111          000000000000000000001111 0                          111000011111111111                          
            0 01111110      0111110111110111111111111000          001110000000000000000000111111                  110000000111111111                            
             0101111100    001111011111100111111111111 0          1 111111100000     0000000000000              11100000001111111111                            
              010011111110011111011111110011111111111110      001011111111111100          0000000000          01100000000000011111                              
               00111111111111110111111110011111111111111     01111111111111111             000000         00111000000000000000000                               
                  0111111111100111111110 011111111110011000001111111110011101110          0110010       0 111101000 000000000000                                
                    0111111101111111100 011111111110  011111111111000111111111111       001111110       011100100000000000000000                                
                      0 1111111111110001111811111110001111111111111111100001101110     011100111000    0110100000000000000000000                                
                        011111110000111111   11111111111111111111111000    01111110000011001100111100001000000000000 0000000000000                              
                           0100011111110001     111111111111111111110        01100110011001000000000000000000000000  000000000000000                            
                               111 0100000001111111111   11111111111110     011110011000000000000000000000000000000   0000000000000000                          
                                0   0100000011111   11  111111111111111000011111110000000000000000000              0000000000000000000                          
                                    10 1011111111     111111111111111111111111000000000000000010000                   0000000000000000 0                        
                                        11111111       00000000111110000000000000000000000010000000000                    0000000000000                         
                                          1111      18 0001001110000000000000000000111111000   0000000                         000000000                        
                                            1     88881111000000011111111111111111000     000000000000                               00011                      
                                                0   18   0000000000000000000 0                  000000                                                          
                                                           00000000000001100                                                                                    
                                                            000000011111                                                                                        
                                                              0111111111                                                                                        
                                                                01111111                                                                                        
                                                                    0011                                                                                        
                                                                                                                                                                
                                                                                                                                                                
                                                                                                                                                                
                                                                                                                                                                
                                                                                                                                                                
