                                                                                                                                                                
                                                                                                                                                                
                                                                                                                                                                
                                                              000000                                                                                            
                                                       0000111111111                                                                                            
                       0000001111111111110000      0111000000000011111                                                                                          
               0011111111111111111111111811110    00   000000000001111                                                                                          
          011111111001111000001111111181111111 0         00000000000111111                                                                                      
      0011111111111111111111111111111111111110          0000000000000000111                                                                                     
    01111110110010000111111111111011111111111110          0111110000000000111                                                                                   
   011011111110      011110000111001111111111111          1111111110000000000011                                                                                
    11100111110   0000111001111111 01111111111110     011111111111111100   0000011                                                                              
     00000111111100011111011111111001111111111110    01111111111111100       000000111                                                                          
       000111111111111110011111110 0111111110001100011111111110110111            000011                                        00000                            
          01111111111110011111110 0111111111   111111111110011111111100           00000011                                00000000                              
             0110011110111111110 01111111111001111111111111111000101110         00000000111                           0111000000                                
                1 111111111100001111  111111111111111111111000  0111110     00011111110 0000                     001110000000000                                
                  000100000001110001  1   11111111111111111      011111000011111111110                       0111100000000000000                                
                     00   1110000 0011   11111  111111111111      1111111111101111110         00        0111110000000000000000                                  
                        0 1100000 01111111111111111111111111100011111111011011111111110     00081111111100000000000000000000                                    
                         11000000000011100111111100111111111111111111111111111111111110   0011111011011000000000000000000000                                    
                        11000010011110111111000000000011110001111111110010000000111111111111111111011000000000000000000100                                      
                         01010111111  001  111111111110000000000000000000000000000000000001101111100100000 0000000000000                                        
                        11111111111  1      0000000000011111111100010010000000000000000001000010000000000 0000000000                                            
                        111  1                  00000000000000000000000000000000000          00000000000000000000000                                            
                         1                      100000000000               00000000000           000000 000000000000                                            
                         1                      11001011111                 0000001111             0000000000000000000                                          
                                                  01011111   1               011111110               0000000000000000000                                        
                                                 110101111                     01111                  0000000000000000 0                                        
                                                  11110     1                     00                   01000000000000000                                        
                                                    11                                                   010000000000000                                        
                                                                                                           0110000000000                                        
                                                                                                             001100000                                          
                                                                                                                000100                                          
                                                                                                                     000                                        
                                                                                                                                                                
                                                                                                                                                                
                                                                                                                                                                
                                                                                                                                                                
                                                                                                                                                                
