                                                                                                                                                                
                                                                                                                                                                
                                                                                                                                                                
                                                                                                                                                                
                                                                                                                                                                
                                                                      000                                                                                       
                                                                 0011111                                                                                        
                                                              011111100001                                                                                      
                                                           010000000011110001101                                                                                
                                                        01100000000000000000001111                                                                              
                                               0000   0000     00000 00000000000000001                                                                          
                                      0011111111111110          0001100000000 00000000001111                                                                    
                                 011111111111111118111              1111111100000 000000000011 1                                                                
                           00111111111111111111111111100            11111111111100      0000000011 0                                          0011              
                       00111111111000000011111111101111111       011111111111110            0000000111                                   0001000                
                    0111110011111111111111101111111111111100    011111181011101110           000000011                              001110000000                
                  011111111111111111111111110011111101110111    0111111111111111110         011000000000                       001110000000000                  
                0111001111110000011110011111100111011111110110001111110011100110011     00011111110                       00111100000000000000                  
              1 111100110       0011101111111100111111111   111111111111110   01111000001111111110         0         01111100000000000000000                    
            0 111111111100    00011110011111110 0111111110 01111111111110      001111111110111111110      00111111111100000000000000000000                      
             000110111111100000111111001111111  01111111011111111111111110      01101101101111111111    0111111111111100000000000000000000                      
              10000000111111111111110001111110 01111111111111111111111111110  0111111111111111111111100111111110110110000000000000111110                        
                00001001111111111111010111110 0111   1  111111  1111111111111111111110110000000000100111111111110110000000000000000000                          
                     0001111000011101111110 0110000 11  1111111111111111111111111100000000000000000000010000100110100000000000000000                            
                          000 111101000000001100000011111111111110000011110000000000000000000000000    00000000000000000000001100000                            
                                0000000111 001000000001111  10000000000000000000000111111100000000            0000000000000000111100                            
                                      0011  10100000111111  881011111110111111  11000     000000000011           0000000000000111100                            
                                     0000000000 1001111111  18810000000000                 00000011111            00000000000000000000                          
                                      00000000001 11111111        0000000                    0111111                000000000000000000                          
                                      100000      0 11 1       1 0000000001111                  0111                  0100000000000000 0                        
                                                      1  11   1100001100111111                                          0100000000000000                        
                                                                 0000011111111                                            01100000000000                        
                                                                  00 0011110                                                0011100000                          
                                                                         011 1                                                  00111000                        
                                                                            0                                                        00000                      
                                                                                                                                                                
                                                                                                                                                                
                                                                                                                                                                
                                                                                                                                                                
                                                                                                                                                                
