                                                                                                                                                                
                                                                                                                                                                
                                                                                                                                                                
                                                                                                                                                                
                                                                                                                                                                
                                                                  0011                                                                                          
                                                            00011111 0                                                                                          
                                                         001111100001111 1                                                                                      
                                                      0110000000000000011111                                                                                    
                                                    0100 00000000000000000111111                                                                                
                                  0001111111111100          0000000000000000000001                                                                              
                             001111111111118111811          0 00111100000000000000000111                                                                        
                       001111111111111111181111111              1111111111100     00000011 1                                                                    
                   01111111100100001011111111111111110        00811118111110 0       000000011                                                                  
                01111001111111111111110111111111111181      0111111111111110            00000011 0                                        0000                  
             0111111111111111111111111100111111011111110    011111110011101110           000000001                                  0000000000                  
           01110011111 0000011110011111100111111111111100  01111810011111111110        01111000 0000                         000111000000000                    
         01111110110       0111101111111100111111111000111111111111111000110111     0011111110                         0011111100000000000                      
        0111111111110   0000111101111111100111111111   011111111011100    01111100001111111110        0000      00011111000000000000000000                      
          0010011111111000111111011111110 011111111110111111111111110       11011111110110111110    000111111111110000000000000000000000                        
          001000 01111111111111001110111 01111111111111111111111111111     011101101101101111110   0111111011111110000000000000000000000                        
              0001111111111111011111110 01111   1  111111 8111111111111000111111111110010110111111111111111011011000000000000000000000                          
                   00111000000011111000011000111   111111 11111111111111111111110000000000000000000011111111111000000000000000000001                            
                        01111110000000011000000011111111111110010111110000001000000000000000000100010000000100100000000000000000                                
                              0011    00110000001111  88 1000000000000000000000000000000000000        000000000000000000000000                                  
                                  0     0110001111111   881011011100011111111111110000000000000            0000000000000111100                                  
                                         01 11111111    18 000000000000000000         000000000111           0000000000000011000                                
                                            01111111       000 0  0                     01111111              000000000000000000                                
                                                0          0 0000000000000                011110               0100000000000000000                              
                                                    0      10 000000111111                   011                 01000000000000000                              
                                                            00001011111110                                         010000000000000                              
                                                              0001111111                                             0110000000000                              
                                                                 00111                                                 00110000000                              
                                                                     1                                                    00111000                              
                                                                                                                              000011                            
                                                                                                                                                                
                                                                                                                                                                
                                                                                                                                                                
                                                                                                                                                                
                                                                                                                                                                
