                                                                                                                                                                
                                                                                                                                                                
                                                                                                                                                                
                                                                                                                                                                
                                                                                                                                                                
                                                                                                                                                                
                                                                      0                                                                                         
                                                                 00011                                                                                          
                                                             00111110011                                                                                        
                                                         001000000011100111                                                     0001111111                      
                                                       0110000000000000000111111                                           001111111111111                      
                                        00000000    0000  0000000000000000000000011111 1                               0111111111111111111                      
                               0011111111111811111 0         000000000000 00000000000000000111                      01111001111111111111                        
                        00111111111111111111118111 1          0011111000000000    0000000000000001               01110000001111111111111                        
                   001111111000000011111111111111100            0 11111111110           0000000000             01100000000011111111111                          
                11111110011111111111101111111101111110        00181111111111             000000           00111100000000000111111111 1                          
             01111111111111111111111110011111111111111       01111181111111110          0111110       001811111100000000000011111111                            
            1111001100  00001110000011100111111011101110    01111111111111111110      001111110       0011110110000000000000000000                              
         11101111110       0111101111110 0111111111111110  0111111100111111100110    0111111111110    11111110000000 000000000000                               
          011011111100 00000111001111111 01111111111000111111111111111100 01111111000011011101011000011011010000000000000011111111                              
          101000111111111111111011111110 01111111110   11111111100111000    001101110010011011000000000000000000000000000001111111                              
             01001111111111111001110110 001111111101101111111111111110        111001100000000000000000000000000000   000000011111111                            
             0  0 11111111111001111110 01111  11111111101111111111111111    011111100000000000000000              0000000000000111111                           
                    001111110011111100111111  11  1111111  111111111111110011110000000000000000000   0               00000000011111111                          
                        001110000001111110001111  1111111 11111111111111111100000000000000000000000000                  0000000011100111                        
                             001   10100000 011111 111111111100000111100000000000000111000000000000000                     00000001111                          
                                0 100100000000011100011000000000000000001000111111100        000000000                       00110001111                        
                                  0011000000001101111111000001101110011111111000                                                0111101                         
                                  001000000111111101111 11 11100000000000000                                                       011 1                        
                                  00 01010111111              000 000000000111                                                        1                         
                                  001111111111                  010000011111                                                              1                     
                                    0 111111                      0111111111                                                                                    
                                       1                             0011111                                                                                    
                                        1                                  000                                                                                  
                                                                                                                                                                
                                                                                                                                                                
                                                                                                                                                                
                                                                                                                                                                
                                                                                                                                                                
                                                                                                                                                                
