                                                                                                                                                                
                                                                                                                                                                
                                                                                                                                                                
                                                                                                                                                                
                                                                                                                                                                
                                                               00011                                                                                            
                                                           001111100                                                                                            
                                                        01100100001111001                                                                                       
                                                     01100000000000000111111                                                                                    
                                                   0010 000000000000000001000011                                                                                
                                    000111111110            000000000000000000000111 1                                                                          
                              01111111111118111811          000111110000000000000000000111                                                                      
                        00111111111111111111111111            0 1111111111110      00000000111                                                                  
                    01111111100000111111111111111101          01811111111110           000000011 0                                                              
                 01111001111111111111001111111111111 0      0111118111111110             000000011                                                              
              01111011111111111111111100111011101111110     111111110011101110          011000000000                               0000001100000                
            011101111111100111100000111001111111111111100  01111810011111110111      0011111110                          0001111111100000000                    
          111111011000   0 01111011111110011111110110001111111111111110000111110    0111011110        0           00111111110000000000000000                    
        0 1011111110       01111011111111 0111111111   011111111011100    011111111111011111110       018111111111100000000000000000000000                      
         01110111111100000011111011111110 011111111110011111111111110       01101101101111111110    011111111111100000000000001110000000                        
          111000011111111111111001110111 001181111111111111111111111110    0111111101111111001111001111111001101100000000000111111000000                        
            000100111111111111001111111 00111   11 1111111 111111111111000111111101100000000000001111111111001000000000000011111111000                          
               0000111100001100111111000110001 1   111111111111111111111111111000000000000000000000000001001011000000000000000000011                            
                      00111111100000000110000011111 1111111110000111110000000100000000000000000     00000000000000000000000010                                  
                           000010011  00100000001111    1000000000000000000000011111110000000             00000000000001111000                                  
                                0 1    1110000011111  88 10001101110111111  111000    000000000011          000000000000111110                                  
                                       0001100111111    18101000000000000               0000001111            0000000000011111                                  
                                         00 11111111  1111 0000    0                      011111               00000000000111000                                
                                             01           1 0 000000001111                   001                0100000000111100                                
                                                  1  11   1000001000111111                                       01000001110001100                              
                                                             0000111111111                                         110000011100000                              
                                                                00111111                                            011100000000                                
                                                                    0011                                               011100000                                
                                                                                                                         0111100                                
                                                                                                                            0011 1                              
                                                                                                                                 00                             
                                                                                                                                                                
                                                                                                                                                                
                                                                                                                                                                
                                                                                                                                                                
