                                                                                                                                                                
                                                                                                                                                                
                                                                                                                                                                
                                                                                                                                                                
                                                                                                                                                                
                                                                      00000                                                                                     
                                                             00000111111                                                                                        
                     00011111111111111111111111110      001100000000000111                                                                                      
                011111111111100000011111111111111110  0000  0000000001111111                                                                                    
           011111111111111111111110111111111111111 1          0000000000001111                                                                                  
          111111011000 00011111111111011111111111100          001000000000011111                                                                                
         0101111110      011110100111001111111111111            111110000000001111                                                                              
        01100111111000000011100111111001111111111111          0 11111111000000001111 1                                                                          
          0010011111111111111011111110 11111111111110     0111111111111111110  0000001 1                                                                        
           0 1111111111111110111111110011111111111111    0111111111111111100       00011                                                                        
               011111111110011111110  0111111111  011111111111111111111111           000011                                                                     
                  11111110111111110 0111811111110 01111111111100011111111110           0000111                                            0                     
                    1 111111111000011118 11111111111111111101111110001111110          0000000111                                      0011                      
                      00000000011111111   1 8111111111111111111000   0111110     000011110000001 1                                00110000                      
                        0  111110000001     1111111 111111111110      0111110000011111111110    00                           00111000000                        
                            11100000001     111111  1111111111111     01110111111111111110                            0001110000000000                          
                            110000000000111111111111111111111111100001111111101111111111111       0 110      0001111100000000000000000                          
                           11000010111111000111111111011111111111111111111111111111111111110    000111111111110000000000000000000000                            
                          0 010101111111  0111100000000011111111111111111110110010011111111100111111110111100000000000000000000000                              
                          1111111111 1  1800011 11111111110000100000001000000000000000000001111111101111110000000000000000000000                                
                          11111 0  1   11 00    0 0000000001111111110000000000000000000000100000001111101100000000000000000000                                  
                           8 1       11             0000000000000111111111111000000000000   000000000000000000000000000000                                      
                            1                       1000000000                 0000000 0           00000000000000000000000                                      
                              1                     100010111111 0              000000000110          00000000000000111000                                      
                                                    0101011111  11               011111111             0000000000000000000                                      
                                                      1110111    1                 1111001              000000000000000000 0                                    
                                                      11110     1                    011                  000000000000000000                                    
                                                        10                                                 01000000000000000                                    
                                                        0                                                    100000000000000                                    
                                                                                                              00100000000000                                    
                                                                                                                 01000000000                                    
                                                                                                                    00100000                                    
                                                                                                                       0000000                                  
                                                                                                                              0                                 
                                                                                                                                                                
