                                                                                                                                                                
                                                                                                                                                                
                                                                                                                                                                
                                                                                                                                                                
                                                                                                                                                                
                                                                                                                                                                
                                                                                                                                                                
                                                                                                                                                                
                                                                   00011111111                                                       0                          
                                                              0011000000000111                                                    1100                          
                                          000000000000     00100000000000001111111                                                00                            
                                  0001111111111111811111 0         00000000000001111                                            1000                            
                           00111111111111111111181118111 0         0000000000000000111                                        110000                            
                      001111111111110000011111111111111100            01111000000000000011 1                                0 000000                            
                   011111111111111111111111001111111111011 0          11111111110000  0000011111 0                         110000000                            
                01111001111111111111111111110011101111111110      011111111111111000       000001111 0                   01000000000                            
              011111101110      01111001111110011111111101110     1111111111111110            0000000111               0110000000000                            
             011011111111       011110111111110011111111111110  0111111111001100110            00000000001           011000000000000                            
               0110011111100000011111011111111 01111111110 01111111111100111111111110        01100000             011100000000000000                            
              100000 1111111111111110011111110 01111111110  1111011111111110001101110     0001111110        011111111000 000000000                              
                 0000111111111111110011111110 0111111111110111111111111100    01111110000011111111100        01111010000  00000000                              
                   0 00111111111110111111110001111 1111111111111111111111       0110111111110111011111     11101100000000000000000                              
                          11111111111111000011101      111111 1111111111110    00111011011101101111111100011111001000000 00000000000                            
                            0 111100000000111000001111111111  1111111111111000111111111110100100100010011000000000000000  0000000000                            
                                 001      001100000011111     111111111111111111111110010000000000000000000000000000000  0000000000000                          
                                            00110001111111  88 100001111100010001100000000000000000000000          0000  0000000000000                          
                                          0  1011111111111    1800011000000000000000000000000100000                    00000000000000000                        
                                             00000111111    11181011101111111111111111 11100000000000000                  00000000000000                        
                                               000000111    8888 0000000011001000000       0000000000011                     00000000000                        
                                                  0             10 00000000                  00000000111                          00000000                      
                                                                0 0000000011                    011111                                                          
                                                                000000001111                        00                                                          
                                                                 010000011                                                                                      
                                                                   1100011                                                                                      
                                                                    0111                                                                                        
                                                                      01                                                                                        
                                                                                                                                                                
                                                                                                                                                                
                                                                                                                                                                
                                                                                                                                                                
