                                                                                                                                                                
                                                                                                                                                                
                                                                                                                                                                
                                                                                                                                                                
                                                                                                                                           000000               
                                                                                                                                  00011111111111                
                                                                                                                              011111111111111111                
                                                                                                                           0111000011111111111                  
                                                                             001                                        0111000000011111111111                  
                                                                        0011111111                                    0110000000001111111111                    
                                                                    00111111111111111  1 0      0000                0110000000000011111110                      
                                                                0111000000000011111000001111111111111111          01100000000000000001111                       
                                                              000   00000000000000000000000000000000000      001111100000 000000000000                          
                                           000111111111110            0000000000000000          000000        011110000000 00000000000                          
                                    000111111111111118111111          0 00111000100000           000000       010100000000 0000000000000                        
                             0001111111111111111111111111111              11111110111            010010      0100000000000  00000000000001                      
                          011111111111000000001111111111111100           011111110111100        0110010100   000000000000   0000000000000001                    
                       01111100011111111000001001111011101111110       0111111100010001100     0110000000000000000000000000000000000000000000                   
                     01111111111111111111111111001011011111111110      11111111000111100110  000000000000000000             000000000000000000                  
                   11111100111110000001110000011000111111001100010    010111100011000011101101000000000000000                    0000000000000                  
                  11011111111       0011100111111000111011111110110000111111011110    000100000000000000000000                       000000000                  
                   11110111110    0 00111011111111 001111111110  0101100111001100       0110000000000000000000                           000000                 
                    000000111110000111111011111110 001111111000  011111111111111000    000000000000000  000000                              0011                
                       100111111111111110011100100 011111111101111000111111110111110 0000000000110000000000000                                                  
                       0   001110001111000111110 00111111111111110011111111100000000000000001110                                                                
                               0011100000011110000111011 111 11100111110000000000000000011110                                                                   
                                   000100000000011100 000001110000000000000000000001111110                                                                      
                                        0     1010000 011100010000000000000011101111000                                                                         
                                           000011000000011111111111111111100000000000000                                                                        
                                            100 000000000100  0000000000 00    000000000                                                                        
                                          01    000000011110               0000000000000                                                                        
                                                0000011111                    0000000000                                                                        
                                               11101011110                       0001111                                                                        
                                                 0111011                                                                                                        
                                                0 1111                                                                                                          
                                                   1                                                                                                            
                                                                                                                                                                
                                                                                                                                                                
                                                                                                                                                                
                                                                                                                                                                
