                                                                                                                                                                
                                                                                                                                                                
                                                                                                                                                                
                                                                                                                                                                
                                                                                                                                                                
                                                                                                                                                                
                                                                   00111                                                                                        
                                                              0011111100                                                                                        
                                                           01000000000111100                                                                                    
                                                        0110000000000000011111                                                                                  
                                                      0100 00000000000000000000011                                                                              
                                      00011111111100          000000000000000000000111 1                                                                        
                                00111111111111111811            00111100000000000000000011                                                      0               
                           0011111111111111181111111              11111111111100     000000111 0                                           00110                
                       011111110000011111111111111111110        00111111111110            00000111                                      001000                  
                   0111110001111111111100111111111111111      01111118111111110            000000011                               00110000000                  
                 11111111111111111111111000110111011111110    0111111111111011110         000000000011                         0011000000000                    
               111001111110001111100111110001111111111111100 011118100111111110110       011111110    0                   001110000000000000                    
            0 11110111       01111011111111 01111111110001111111111111111000111110    01111011110                    001111000000000000000                      
           111111111110    0 01111011111111 01111111110  011111111011100     011111000111111111100        11111111111100000000000000000000                      
           01111011111100000111111011111110 0111111110100111111111111110       11011111101111111110    000111111111100000000000000000000                        
            000100001111111111111001111111 0111111111111111111111111111110    1111011011111111011110000111111001101100000000000000000000                        
                 000111111111111001111111 01111   11 1111111 1111111111111000111111111100000000011111111111111011000000000000000000000                          
                  000011110001100111111000110001 11  111111  111111111111111111110000000000000000000000000110110110000000000000000                              
                         0011111100000001110000000011111  111110001011110000000010000000000000000000000000000000000000000000000000                              
                              0000011   1001000000111111  811000000000000000000000101111000000000           0000000000000000111000                              
                                          01110001111111  18  011011100111111111111000  000 000000000           00000000000000000000                            
                                            0111111111    118800000000000000              0000001111             0000000000000000000                            
                                               0111111  1     0 000000                      01111111               0000000000000000000                          
                                                  011   11   1   00000001111 1                011110                010000000000000000                          
                                                              00 00000001111                     00                   0100000000000000                          
                                                                000110001111                                            01110000000000                          
                                                                 000011111                                                 00110000000                          
                                                                    0 0111                                                    00111000                          
                                                                         0                                                         00000                        
                                                                                                                                                                
                                                                                                                                                                
                                                                                                                                                                
                                                                                                                                                                
                                                                                                                                                                
