                                                                                                                                                                
                                                                                                                                                                
                                                                                                                                                                
                                                                                                                                                                
                                                                                                                                                                
                                                                                                                                                                
                                                                         000                                                                                    
                                                                  0011111111                                                                                    
                                                              0000000000001111                                                                                  
                                                           0110000000000011111111                                                                               
                                          000000111100  0000   000000000000000011111                                                      0                     
                                   001111111111118111110          00000000000000000111                                                  0 10                    
                             001111111111111111811181111            0111100000000000000111 0                                          01100                     
                        0111111110000000111111111111111000          0 1111111100000  000001111 0                                    110000                      
                     0111110001111111111111011111111111111        0001111111111100       000001111                               011000000                      
                  011111111111111111111111110011111111111110     0111111111111110            0000011 0                        011000000000                      
               0011100111111000001111000111110011111111101110    11111111001110110            00000001                      11100000000000                      
              11111110110       0111101111111100111111111001100011111101111111111110        0010000000000               0111000000000000                        
            01110111111110    00011110111111110 111111111   111111111111111000111110     00011111110                 0111000000000000000                        
               0110011111110000111111011111111  0111111110 0111111110111000   011111000001111011110         0000011111000000000000000000                        
              10000000111111111111110011111110 01181111111111111111111110      011111111111111011110      0011111111100000000000000000                          
                00000111111111111110011111 1000111  1111111111111111111111     0111011011011111111110    011111101110000000000000000                            
                    0 001111000111111111110 001001  1   11111  111111111111000111111111111111111011111001111111110100000000000000000                            
                          001 111111011000011100000111111111111111111111111111111111111100000000000000100110111110000000 00000000000                            
                               0000000000 1001000000011111    1110111111111111111100000000000000000000000000000000000000000000000000                            
                                    0       00110001111111    8100000000000000000000000000000010000000      00000000000000000000000000                          
                                         00011011111111111    18 011100001100110001111111000000000                 000000000000000000000                        
                                         00000000011111111  1 11 00000111111111110000    000 000000011 0             0000000000000000000 0                      
                                          0000000000111     1111 100000                    00000001111                 0000000000000000000                      
                                            0011          0       0000000000                 011111111                    0000000000000000                      
                                                               0 00000001111                   00111                         00000000000                        
                                                                000000011111                       00                            000000000                      
                                                                  0110000110                                                            000000                  
                                                                    0111 0                                                                                      
                                                                      01 1                                                                                      
                                                                                                                                                                
                                                                                                                                                                
                                                                                                                                                                
                                                                                                                                                                
                                                                                                                                                                
