                                                                                                                                                                
                                                                                                                                                                
                                                                                                                                                                
                                                                                                                                         00000                  
                                                                                                                                    0011111111                  
                                                                                                                                011111111111                    
                                                                                                                             0111100011110                      
                                                                                                                           011000001111000                      
                                                                                                                         01100000000111111                      
                                                                          000111                                        1100000000111000                        
                                                                    0001111111111111                                  010000000000000000                        
                                                                001100000000001111111111 1 0                         1100000000000000000                        
                                                 000000000  00000    00000000000000000000111111111111111           1100000000000000000                          
                                        00111111111111111110          000000000000000000000000000000000000      011100000 000000000000                          
                                 001111111111111118111111111 0        0 001110000000000          000000     0 118111000000 00000000000                          
                            01111111110000011111111111111111              111111111110            00000        01010000000 0000000000000                        
                        001111100011111000000001111111111111000          0111111101110           0010010      0100000000000 0000000000000000                    
                      0111111111111111111111111001111111111011 0       01111111101100110        00100100000   000000000000   00000000000000000                  
                   0111110011111110000111101111100111011101111100     01110111100110101110     01110000100000000000000000000000000000000000000                  
                  111111111110      0011100111110 0111111111101110    1111110001101111001100 000000100000000000000          000000000000000000                  
                  011111111110    0 00111011111110 0111011001100110001111111011110  00111011110000000000000000                     0000000000000                
                   0010001111100000011110011111110 01111111110   0111101110011100     00110000000000000000000                               0000                
                      0100111111111111110011110110 011111111000 0111111111111110       01100000000000000000000                                                  
                       0 00111111111111001110110 0011111111111111001111111111111110   010000000000000000000000                                                  
                             001100011001111110 001111  11111111011111111111111111100000000000000110000000000000                                                
                                00111100000000011110001111  111111111111100000000000000000001110        0000                                                    
                                      0000001 0110000 001011110000000100000000000000000111110                                                                   
                                              0100000001110110000000000000001000111111110                                                                       
                                             00 00000000011 111111111111101100000000                                                                            
                                             00 000000011100  00000000000000 000000000                                                                          
                                              0 0000001111 0             00 0000000000                                                                          
                                                1000101111                000000000000                                                                          
                                                 0110101                    0111111111                                                                          
                                                111111                         0011111                                                                          
                                                 111                                0000                                                                        
                                                  11                                                                                                            
                                                                                                                                                                
                                                                                                                                                                
                                                                                                                                                                
                                                                                                                                                                
