                                                                                                                                                                
                                                                                                                                                                
                                                                                                                                                                
                                                                                                                                                                
                                                                                                                                                                
                                                                                                                                                                
                                                                  00                                                                                            
                                                              001111                                                                                            
                                                           0111110001110                                                                                        
                                                        01100000011000010001                                                                                    
                                                      011000000000000000011000001111                                              00000111110000                
                                             00     000  00 0000 000000000000000000000001111                               00111111111111111                    
                                 00111111111111110           000000000000000 0000000000000000011                       011111111111111111111                    
                           00011111111111111111111 0            1111111110000          00000000001                 00111000011111111111111                      
                     0011111111000111111111111111100            111111111111             0000000                011100000000011111111111                        
                  011111000111100001101111111101111110        0011111110111100          0111010        000000111100000000000111111111111                        
               0111111111111111111111101111111111111110      011111110011101110         0111110         181111111000000000001111111111                          
            01110011111111111111000111000111111011101110    011111111111111111110     01110111100     01111100110100000000001111111111                          
          01111101110    0 0111001111110001111111111111100 01111181001110001111100 000111111011110   01111111101000000000000000000                              
         01101111111       01111011111110011111111110 011111111111111110   0111111111111011011011111111011011000000000000001000000                              
           11001111110000001111001111111 001111111110  011111111111110        0110111011001000000000000000000000000000000001111111                              
          111000011111111111111011110110 0111111111010111111111111111100     01111011100000000000000000000000000000 00000001111111                              
              000111111111111100111111000111111111111110011111111111111110 001111110000000000000000               000000000011111111                            
              0   00111100111001111110011111   11  1111111  1111111111111111111000000000000100000 0000              0000000001111111                            
                      00111110000000011111000111   111111111111111111111000000000000001111000 00000000                0000000111111111                          
                           00000000  010000 0011111 111111111100000111100000000001111100   00000000000                  00000011110111                          
                               00   10100000000011110111000000000011000011011111100             000011                    001001111111                          
                                   0011000000011111111111011111101000011111000                                              0111101111                          
                                    01100001011111  01111111110000000000000000                                                0111111                           
                                    00101111111111              00000000001111                                                  01 1                            
                                    00 111111111                  0111011111                                                                                    
                                      0 1111 1                      0111111111                                                                                  
                                        1 11                            001111                                                                                  
                                          11                                                                                                                    
                                                                                                                                                                
                                                                                                                                                                
                                                                                                                                                                
                                                                                                                                                                
                                                                                                                                                                
                                                                                                                                                                
