                                                                                                                                                                
                                                                                                                                                                
                                                                                                                                                                
                                                                                                                                                                
                                                                                                                                                                
                                                                                                                                                                
                                                                                                                                         000                    
                                                                                                                                   00111                        
                                                                           000                                                 011111111                        
                                                                   000111111                                                011110011111                        
                                                              001111000011111111                                          01111011111111                        
                                                           01100000000000001111111                                      0110011111111111                        
                                  0001111111111111111100  000     00000000000001111111                                0 10000011111111                          
                          001111111111111111111111111111          000000000000000000001111 1                         11000000001111000                          
                      0111111111100000001111111111111110            00111100000000000000000001111111               0110000000110001111                          
                   011111111111111111111110111111111111100            111111111010        000000000011           0110000000000011110                            
               0111100111111111111111111110011111111111118        000111111111110            000000000         0110000000000000000                              
              1111111111     0001111001111100111111111111110     01111111111111110            00000       001111111000 00000000000                              
             01101111110       0111101111111 011111111111110    01111111110011001100         1111110       011010100000 0000000000                              
              11100111111000000111100111111100111111111100111000111111000111111111110     00011111000     0110100000000 000000000000                            
                0010011111111111110011111110 01111111110  011111111111111110000111110   00111111111110   01101001000000 00000000000000                          
                 00011111111111111011110110 0111811111110001111111110111000    0111111011111001101011010010000000000000  000000000000000                        
                      01111111110011111110 011111111111111111111111111111        0110011011001100000000000000000000000    0000000000000000                      
                          111100111111100011111   11 1111111111111111111110     0111111100000000000000000000          00000000000000000000                      
                            00010000001111100000      111111  11111111111111000111111100000000000000100                   0000000000000000                      
                                00  118 001000000111  11111111111111111111111111100000000000000000000   00                    000000000000                      
                                         01100000000110111111110000001111000000000000000000100000000000000                          00000000                    
                                        0 0 100001111110100000000000000000000000000011111100000000000000                                   000                  
                                             111111111  011111111111101111111111111100         00000000000                                                      
                                              11111111   00000000000000000000000                       00                                                       
                                              0   11            00 00000000000                                                                                  
                                                  1              0000000011111                                                                                  
                                                                  011001111111                                                                                  
                                                                    01111111                                                                                    
                                                                      011111                                                                                    
                                                                          00                                                                                    
                                                                                                                                                                
                                                                                                                                                                
                                                                                                                                                                
                                                                                                                                                                
