                                                                                                                                                                
                                                                                                                                                                
                                                                                                                                                                
                                                                000000                                                                                          
                                                       00001111111 1                                                                                            
                      00000011111111111111000      00110000000001111                                                                                            
              00111111111111111111111111811110    000  000000000001111                                                                                          
          011111110001111000001111111181111111 0         00000000000111111                                                                                      
      0111111111111111111111111111111111111110          000000000000000111                                                                                      
    111111101100 0000011111111111011111111111110          011111000000000111                                                                                    
   01101111111       011110000111001111111111111          1111111110000000001011                                                                                
    111001111100  0000111001111111 01111111111110     011111111811111100   0000011                                                                              
      0000111111110111111011111111001111111111110    01111111111111100       000001111                                            00                            
       001111111111111110011111110 0111111110001100011111111100110111           00000111                                     00100                              
          01111111111110011111110 0111111111   11111111111001111111110            00000011                              00110000                                
             011001111011111110 001111111111001111111111111110001101110         0000000011                          001100000000                                
                1 111111111100001111  111111111111111111110000  0111110     00011111100 0000                    0111100000000000                                
                   00000000001110001  1  111111111111111111      011111000011111111110                      011110000000000000                                  
                      0   1110000 0111   11111  111111111111      1111111111101111110         000      00111100000000000001000                                  
                        001000000001111111111111111111111111000011111111011011111111110     00011111111100000000000000000000                                    
                          0000000000011001111111101111111111111111111111111111111101110   0011111011011000000000000000000000                                    
                         1000010011110111111000000000011100011111111100110000000111111111111111111011000000000000000000000                                      
                         01011111111  111 1111111111110000000000000000000000000000000000001101111100100000 00000000000                                          
                        11111111111  1      0000000000011111111100110010000000000000000001000000000000000 000000000000                                          
                        1111 1                  00000000000000001111000000000000000          00000000000 00000000000 0                                          
                         1                      100000000000              000000000000           00000  00000000000000                                          
                        01                      101010111111 0              0000001111              000000000000000000                                          
                                                0101011111                   011111110               0000000000000000000                                        
                                                  1110111                      01111                  010000000000000000                                        
                                                  1111      1                     00                    0100000000000000                                        
                                                    11                                                    01000000000000                                        
                                                                                                            011000000000                                        
                                                                                                               0010000                                          
                                                                                                                  000000                                        
                                                                                                                        00                                      
                                                                                                                                                                
                                                                                                                                                                
                                                                                                                                                                
                                                                                                                                                                
                                                                                                                                                                
