                                                                                                                                                                
                                                                                                                                                                
                                                                                                                                                                
                                                                                                                                                                
                                                                                                                                                                
                                                                                                                                                                
                                                                                                                                                                
                                                                                                                                     000                        
                                                                0000011111                                                       01111                          
                                                          0001111111111111                                                    011100                            
                                      00000000000      011000000000000111111 1                                             011100000                            
                            000011111111111118111100          00000000000011111                                          01100000110                            
                     0011111111110111111111111181111          00000000000000000011 1                                   0110001100000                            
                 00111111011111100001111111111111110            001110000000000000011111                             011000011001110                            
              0111111111111111111111110111111111111111          0 111111100000    000000011111                     011000000001100                              
           0111100111111110111111111111001111111111111        0011111111111100         00000000011               01100000000110000                              
          11111111110      01111001111110011111111111110    01111118111111110             0000000000           0110000000000001100                              
          11111111110    0 00111011111110 11111111111110    111111111001100110           000000             01110000000000000000                                
          0110001111100000011111011111111 01111111110011100111111100111111111110       00111110       0011111111000 0000000000                                  
             000011111111111111001111111000111111010  01111111111111110000101110     0111001110        01111101000000000000000                                  
              0011111111111111001111111  01181111111001111111110111100    01111100000111111111110     11101100000000000000000000                                
                   0111111111011111110 01111  1111111111111111111111        110011111101111111111000011011001000000  00000000000                                
                      0111101111110000111111  1  1111111 1111111111110    00111001100100100110010001000000000000000  0000000000000                              
                         00000000011010000 0111  111111  111111111111100001111111011000000000000000000000000000000   000000000000000                            
                             00   11010000 00111  11111111111111111111111111100100000000000000000000             0000000000000000000                            
                                  010 0000000000111110111100000011110000000000000000000000000000                    000000000000000000                          
                                   00 00000011111011100000000001000000000000000000111110000000000000                    00000000000000                          
                                    0 0000111111  0  1111111111100111111111111110000   0000000000000                        0000000000                          
                                    001011111110     000000000000000000000                0000000000                                 000                        
                                    00111111 0             0000000000000 0                    000011                                                            
                                      0 1110                100000001111                                                                                        
                                                             11001111111                                                                                        
                                                              0111111111                                                                                        
                                                                011111                                                                                          
                                                                   001                                                                                          
                                                                                                                                                                
                                                                                                                                                                
                                                                                                                                                                
                                                                                                                                                                
                                                                                                                                                                
