                                                                                                                                                                
                                                                                                                                                                
                                                                                                                                                                
                                                                                                                                                                
                                                                                                                                                                
                                                                                                                                                                
                                                                                                                                                                
                                                                       00000                                                                                    
                                                                0011111111                                                                                      
                                                            0110000000000111                                                                                    
                                                         01100000000000001111111                                                        11                      
                                     00011111111111100          000000000000001111                                                    1100                      
                              000111111111111111111811          000000000000000000111                                               1100                        
                         01111111100011111111111111111              11111000000000000011 1                                        110000                        
                     01111111111110000110111111110111101           08111111111110    0000111 1 0                               011000000                        
                  11111111111111111111111011111111111111        0111111111111110         0000011 1                           01100000000                        
               0111001111111111111100011110011111101111111     01111118111111110            00000011 0                    01100000000000                        
             11111101100    0001111011111110011111111111110   0111111111101111110            000000011 1               011100000000000                          
            11011111110       01111011111111 0111111111000111111111110011111111111         01110000                 011100000000000000                          
            01110111111100000111110011111110 0111111110   1111011111111110  0111110    00011111110              0011100000000000000000                          
              01000011111111111111001111111 0011111111100111111111111110     011111000011111111110        01111111100000000000000000                            
                 0001111111111111001111111 01111111111111111111111111110       110011111101110111110    010111111110000 0000000000                              
                  0 001111111111001111110 01111   11 1111111 1111111111110   00111011011111101101111000011111110010000000000000000                              
                        001111111111110001110000111 1111111  1111111111111001111111111100000011011111111111111110000000 0000000000                              
                            00001000001 101000000001111    1111111111111111111111110000000000000000000000000000000000000000000000000                            
                                 00       01100001111111  88 000000111100000000100000000000000000000000000000000000000 000000000000000                          
                                      0    11 1100111111  118100000100000000000000000101000000000                 000 000000000000000000                        
                                              011111111   1118000100001111111111111100000000000000000               00000000000000000000                        
                                                  011     11111000000000000              0000000001111                 00000000000000000                        
                                                      00     1 0   000000                  001111111 0                   000000000000000                        
                                                              000000000111 1                  011110                         00000000000                        
                                                               00000000111 1                     001                              00000000                      
                                                                 110001111                                                                                      
                                                                  011110                                                                                        
                                                                    1111                                                                                        
                                                                      01                                                                                        
                                                                                                                                                                
                                                                                                                                                                
                                                                                                                                                                
                                                                                                                                                                
