                                                                                                                                                                
                                                                                                                                                                
                                                                                                                                                                
                                                                                                                                                                
                                                                     1                                                                                          
                                                                  11000                                                                                         
                                                                111001000100000000000000011111                                                                  
                                                              11000000010000000000000000000000000011                                                            
                                                              0000000000000 000 00       0 0000000000001                                                        
                                                           01000000  0  000000000            000000000                                                          
                                    1                   0011     0000000000000010            0111000                                                            
                                    1 1 11 0        0110100       000001111110110            0111110        0000                                                
                                    111111111001111110                 11111100110100      0010011000        0111111100000                                      
                                    1011010111111111811110             011111001000111     01001001011     11111111111110111111000                              
                                    11000111111188111111110           0110111000011001000000000000000000000000011001000000000000111110                          
                                     10111111181111110011010000       01111000000 0000000000000000000000000000000000000000000000000011111                       
                                   000111111111101111101101100110      0011100000     00000000000000000000000000000000000 000000011111111110                    
                                 0110001111111111110110110010101000    10110010      000000000000000000000      0000000  0000001111111111111                    
                               11101111100000000000010010011001000110010000000000    000001000000000000000         00   000000011111111111111                   
                           011110111111000000000010000010011000010  0000000000000000000110         0000000           0 0000111111111111111111180                
                          1111011111100000000011100100000100010000  0000000000000000110                              00000001111111111111111                    
                          11011111100000001000000000010000010010000000000000000011100                                 0000001111111   11 1     1                
                         0111111100011111000000000111000  0000000000000000000011000000                                 000011111 0          11 1                
                        111111111111111000 00010001100000 0000000000000000000000  000000                                00011111 0             8                
                        111111100100        000000000000 00000000010011111100   00000000                                01111111 0                              
                      01111111100000    00 0000000000000 000001111111110     00000000000                                 1111111 0                              
                      01110000000000000000000000 000000 000  000000111            00000000                                1111                                  
                        0001100000000000000000000000010000000000011111                                                    1111                                  
                                00000000000000000        011000001111111                                                 111  1                                 
                                 0                         1110000111111                                                01                                      
                                                             01111111111                                                  10                                    
                                                               0011111                                                  8                                       
                                                                    0000                                                                                        
                                                                                                                                                                
                                                                                                                                                                
                                                                                                                                                                
                                                                                                                                                                
                                                                                                                                                                
                                                                                                                                                                
                                                                                                                                                                
