                                                                                                                                                                
                                                                                                                                                                
                                                                                                                                                                
                                                              1000                                                                                              
                                                            11010001000000                                                                                      
                                                            00100100010000000000000111                                                                          
                                                          1000000000000000000000000000000011                                                                    
                                                        0 000000  00  000 000  00  0000000000011 1                                                              
                                                       01000  000000000000000000          0000000011                                                            
                                0  1 1            0111110     00100111111111110             0000000111 0                                                        
                                 11111111  0 00111                  111111101100            01100000001                                                         
                                11101111100111111110                01111110100110         11111110                                                             
                                0 00100011111111181111100           0111110011001110    0011011110                                                              
                                  100011111188811110111100         011011100000100100 0001111011100       010                                                   
                                  0011111111111111110111110010      0111100010  00000000000000001110    00011110                                                
                                  0111111111111110111110010111000   001110000     000000000000000000000011111111110                                             
                                11000111111111101111001011001001100010010000      0000000000000000000000000111111111110                                         
                              0110111100000000000000011011000010 0000000000000   00000000000000000000000000000111110001110                                      
                       88   011001111110000000001100000000000000  00000000000000000011000000000 000000  000000000000000011 1                                    
                         111110111111000000000000000000000000000000000000000000011100         00000000 0   00000000000000011 1                                  
                         0111111111000000010000000000000 000000000000000000011100               000000       000000000001111118                                 
                         0111111110000111100000000000000  0000000000000000100    0                 000        00000000111111111                                 
                         011111111101111100 000000000000 00010010000111100   0000000                          0000010111111111118                               
                        0111111110001000     00000000000 00000000011     10000000000                           00011111111111111 1                              
                        11111111100000    0000000000000000   00001111111  1110000000                           000111111111111111                               
                       0111110011000000000000000000000000000000001111111      000000                           1011111    111111111                             
                       00110000000000000000000000000 0     0111100111111                                      011111     11       11                            
                         000000000000000000000                0111111111  111                                 0111111        1     1                            
                                    0                              00000                                      1111                                              
                                                                                                             0111 1                                             
                                                                                                              11 1                                              
                                                                                                            1                                                   
                                                                                                                                                                
                                                                                                          08                                                    
                                                                                                          1                                                     
                                                                                                                                                                
                                                                                                                                                                
                                                                                                                                                                
                                                                                                                                                                
                                                                                                                                                                
