                                                                                                                                                                
                                                                                                                                                                
                                                                                                                                                                
                                                            00001111                                                                                            
                                                      00001111111100                                                                                            
                            0000011111100000      00110000000000111111                                                                                          
                  0001111111111111111111111110    00   00000000000111111                                                                                        
             001111111111100011111111181111111 0         00000000000001111                                                                                      
          111111000111111100000101111111111111          000110000 0000001111                                                                                    
      011110011111111111111111111001111111111100          01111100000000001111 1                                                                                
    01111110111001000001111000111101111111111118          1111111111000000000001                                                                                
   0 1111111110       011100111111001111111111110     011111111111111100    0000111                                                                             
    0110011111100 0000011100111111100111111111111     1111118111111110         0000011 1                                                                        
      0010011111111011111101111111100111111110011100011111111101110010           0000111                                                                        
        000111111111111110111111110 011111111   11111111110111111111110           00000011                                       00000                          
            011111111111001111111  011111111100111111111111111000111110         001000001111                              00111000                              
              001100110011111110 01111 11111111111111111111000   111110    000011111110   00                        00011000000000                              
                  0111100010000011011  11 111111111111111110      01111000011111111110                         00111100000000000                                
                     00100000110000 0111  111111  11111111111    00110111111111111110                    00111110000000000000000                                
                          10100000 001111111111111111111111110001111111101101111111111       01 111111111100000000000000000000                                  
                          0 00000000111111011111110001111111111111111111111111111111110   0111111111111000000000000000000000                                    
                           0000000000011111110000000000111000000011000001000000011111111111111111011000000000000000000000000                                    
                         8010000101111001 1  11111111110000000000000000000000000000000010111111111011000000000000000000000                                      
                        1 1111111111         000000000001111111111111011010000000000000001010110010000000 000000000000                                          
                         11111111                0   0 0000  0000000000000000000000         000000000000000000000000                                            
                         111                     1000000000                00000000000          0000000 000000001100                                            
                                                 110011111111               0000011111            000000000000000000                                            
                         1                       01010111111                 011111110              000000000000000000                                          
                                                  111111 1                     01111                 00000000000000000                                          
                                                    1110                          01                  0100000000000000                                          
                                                    0 11                                               010000000000000                                          
                                                                                                         0100000000000                                          
                                                                                                           01100000000                                          
                                                                                                             0010000                                            
                                                                                                                001000                                          
                                                                                                                   000                                          
                                                                                                                                                                
                                                                                                                                                                
                                                                                                                                                                
                                                                                                                                                                
