                                                                                                                                                                
                                                                                                                                                                
                                                                                                                                                                
                                                                                                                                                                
                                                                                                                                                                
                                                                                                                                                                
                                                               0000111                                                                                          
                                                           0011111110000                                                                                        
                                                       0110000000001111111                                                                                      
                                                     0100000000000000000011111                                                                                  
                                 00111111111111110           0000000000000000001                                                                                
                           00111111111111111111181 0        0 0011000000000000000111 1                                                                          
                      011111111000111111111111111100            111111110000000000000011 0                                                  0                   
                  011111101111100000101111111101111110          11111111111100     000000111                                             011                    
              0111110011111111111111110011111111111111       011111111111110           0000011 1                                     0010000                    
            01111111111111111111100011100111111111111110    01111111101111111            000000011                               001100000                      
          11111100110      011110011111100111111111111100  01111111111111111100         00000000011                         00111000000000                      
        0 10111111110      0011101111111100111111111000111111111110111101110111       001111110                        00111100000000000                        
          01111111111000000011110111111110 111111111   1111111110111110  0111110   00111011110                    0011110000000000000000                        
          1011000111111111111110011111110 01111111111001111111111111      001111111111011111100       01111111111100000000000000000000                          
           00001001111111111111001111110 01111111111111111111111111110     011011111101110111110    0001111111111000000000000000000000                          
                00111110011111011111110 0111   1  8111111 1111111111110   1111111101101101101111000011111100110110000000000000000000                            
                     0011110011111110 0111000111  111111  111111111111111111111101100000000001111111101111110100000000000000000000                              
                          001100000000010000000011111111111111111111111111111000000000000000000000000000101111100000000000000000                                
                              001     00110000011111  81 00000000111000000000000000000000000000000000000000000000000000000000000                                
                                    0   111000111111  11  00100110000100010001111111100000000            00000000000000000011000                                
                                          0 11111111    18100000001111111 1110000    00  000000000           0000000000000000000                                
                                            011111111    1000000000                   000000001111             0000000000000000000                              
                                                0   1     0 000000000                   01111111                00000000000000000000                            
                                                    0    110 00000011111                   01111                  000000000000000000                            
                                                           0000000111111                      00                    0000000000000000                            
                                                             00100111110                                               00000000000 0                            
                                                                011100                                                    0001100000                            
                                                                  01 1                                                         0000000                          
                                                                    0                                                                                           
                                                                                                                                                                
                                                                                                                                                                
                                                                                                                                                                
                                                                                                                                                                
                                                                                                                                                                
