                                                                                                                                                                
                                                                                                                                                                
                                                                                                                                                                
                                                                                                                                                                
                                                                                                                                                                
                                                                                                                                                                
                                                                                                                                     00000                      
                                                                                                                                011111                          
                                                                          000001                                            0111110001                          
                                                                   0001111111111                                          011000111111                          
                                                               0111000000001111111                                      111000111110                            
                                         000011111111100    00100000000000000111111111                                01000011111111                            
                               000011111111111111111111110          00000000000000000111                              10000000111111                            
                         001111111111000111111111111181111          0000000000000000000000001111 1                 0100000000111000                             
                     0111111100011111000001011111111111110              1111000000000 0000000000000011            1100000000000111                              
                  001111111111111111111111110111111111111111           1111111111110        000000000000        011000000000000000                              
                111111011101100001111100111100011101111111110       011111111101110             00000        0011100000000000000                                
              0 1011111110       01110011111100111111111100010     01110111100111111           000000       1811100000 000000000                                
               011101111100  00000111011111111 0111111111111110   01111111111011101110        0111110       0100000000 000000000                                
               0110000111111111111111011111111 011111111110 011111111111000111111100110     00110011000    01000000000000000000000                              
                  0010111111111111110011111110001111111111   11111011111111110  0111111000000110110011100 0000000000000 000000000000                            
                    001111111111111001111110 00111 1111111001111111111111110     0010001111110000000000000000000000000  00000000000000                          
                        0011111111011111110 011111  111111111111111111111110       011001100000000000000000000000000000  000000000000000                        
                            0111111111000011111001  1   1111111 11111111111110    111110000000000000000000            000000000000000000                        
                               00000000   111000 011    111111  111111111111110001110000000000000000000                   00000000000000                        
                                     1111 000100000001111111111111111111111111111000000000000000100000  00                    0000000000                        
                                      0 1   10110000011111110011100000011110000000000000000011000000000000                           00000                      
                                           00 011111111111   000000000100000100001000111111000000000000000                                                      
                                                0011111111  88101110111001111111   11000          00000000                                                      
                                                 0000111    11110000000000000000                                                                                
                                                          0 1 180 00 00000000000                                                                                
                                                                   0000000111111                                                                                
                                                                    011111111111                                                                                
                                                                      01111111                                                                                  
                                                                         011 1                                                                                  
                                                                             0                                                                                  
                                                                                                                                                                
                                                                                                                                                                
                                                                                                                                                                
                                                                                                                                                                
