                                                                                                                                                                
                                                                                                                                                                
                                                                                                                                                                
                                                                                                                                                                
                                                                                                                                                                
                                                                       011                                                                                      
                                                                   0011110                                                                                      
                                                                01111110011100                                                                                  
                                                              010000000110001110                                                                                
                                                            0100000000000000000110000111                                                                        
                                                          011  00 0000000000000000000000111111 0                                                                
                                                  0000    0        0001000000000000000000000000111 1                                          000000            
                                           001111111111110            00111111100000       00000000001                                  0011000000              
                                      01111111111111118111              11111111110            000000000                          0011110000000000              
                                  0011111111111111111111111000        00111111011110           00000000000                   0111110000000000000                
                              011111100000011111111111101111111      011101110011001100       01111110                  011111000000000000000000                
                           01111111111110000111101111111110111100     111111111111111110    001111110         01111111110000000000000000000000                  
                        111111111111111111111111100110111011100110   01011100011000111110 0001111111100     00011111111000000000000000000000                    
                        11111111111111111100000111000111011001100111111111111110   001111110110011111110   011101101100000000000000001111000                    
                     111010111111100000011001111111100111111111   0111111101110       11001011011011011110111111011001000000000000000000                        
                   011111100110       001110011111110 111111101000111111111111100    0111000000000000000000000001001000000000000000000                          
                  0 11111111110    000011110011111110001111111011100111111111111100001100000000000000000000000000000000000000000000000                          
                 01011100111111110000111111001110010 0111111111111011 111111111111111100000000000000000          000000000000001111110                          
                   00010000011111111111111100111111 01111  11 1111111 111111111100000001000000000000000              00 00000000111110                          
                     0000000011111111111110011111000110001111111111111110000000000000000011110000  000000000          000000000000000000                        
                          00001111000000000010000 11000 01111111011000000000000001111  110      0000000000             00000000001111100                        
                                  001110000000001011000000011100111000001111111111100               001111               01000001100000000                      
                                       000001     01000000000111011111110000000                          0                01100000110000                        
                                        00000000000 0000001111   100000000    00000011                                      01100000010000                      
                                        00000000000110000111111     0  000000000001111                                        0111000000                        
                                        1000        1101111111       00000001110111111                                           0111100                        
                                        0             11111111         000000011111110                                              001111                      
                                                        1111                     011                                                     00                     
                                                           1                                                                                                    
                                                                                                                                                                
                                                                                                                                                                
                                                                                                                                                                
                                                                                                                                                                
                                                                                                                                                                
                                                                                                                                                                
