                                                                                                                                                                
                                                                                                                                                                
                                                                                                                                                                
                                                                    00                                                                                          
                                                            00011111                                                                                            
                                                       001001111001111                                                                                          
                  0000111111111111111111111110     001100000000000111111                                                                                        
             01111111111100000011111111111111110    0   000000000000000011                                                                                      
        0011111111111111111100001111111111111111          00000000000000000001                                                                                  
      111111011001000111111111111011111111111100          001110000000000000000111                                                                              
     0101111110       11111000111001111111111111            11111111000000000000000011                                                                          
      1100111110   0 0111101111110011111111111110       00011111111111110     000000000111                                                                      
       001011111111011111011111111 01111111111111     011111111111111100         00000000000                                                                    
         0011111111111110011111110 011111111111110    11111111100111111             0000000000                                                                  
           0111111111110111111110 01111111110  01111111111111111111101110          00000000000                                                                  
              01111110011111110 0011111111110  01111111111111111011111111        001111110                                                                      
                01111111111100001111  11111111111111111101111110   1111110    00111111110                       00000001111000000                               
                   00000000001111011  11 11111111111111111111      00111110000111111111100        1111111001111111111111111111111111110                         
                     01   11010000 0      111111  111111111110       011011111101111011111     0001111111111000000000001111111111111111                         
                            0100000001111111111  11111111111111   001111111101111111110111100001111110111111100000000011111111111111111111                      
                            1010000000111111111111111111111111111111111111111000000000001011111111111101101000000000011111111111111111                          
                              1 000111111   1011110000011111111111111100000000000000000000000000001101101000000000001111111111111111                            
                                11111111     00000000000000000000000010000000000000000000000000000000000000000000000111111111111                                
                                0 11111   11101111111111000011000110000100111110000000000           00000000000001111111111                                     
                                  0    1   1 0000000000000011111111111110000   0000  000000000         00000000011111111                                        
                                      1            0000000000000000              00000000000            0000000001111111                                        
                                                    110000011111                    00111110             000000011111111                                        
                                                     01111111111  1                      000               1000111111111 0                                      
                                                       01111111    1                                       0101011111111                                        
                                                          0111                                              010111111111                                        
                                                             0                                               01111111111                                        
                                                                                                              0111111111                                        
                                                                                                               1111111                                          
                                                                                                                11111                                           
                                                                                                                  11                                            
                                                                                                                   1                                            
                                                                                                                  01                                            
                                                                                                                     1                                          
                                                                                                                                                                
                                                                                                                                                                
