                                                                                                                                                                
                                                                                                                                                                
                                                                                                                                                                
                                                                                                                                                                
                                                                                                                                                                
                                                                                                                                                                
                                                                                                                                   0                            
                                                                                                                                0110                            
                                                                       000000000                                               100                              
                                                                 0001111111111                                                1000                              
                                             000000000       0110000000000011111                                            110000                              
                                  000011111111111111111100  000   000000000000011111                                        100000                              
                           0011111111111111111111811111111          000000000000011111 1                                  11000000                              
                      001111111111111000011111111111111110            01110000000000000111 1                              00000000                              
                   01111111111111111111111100111111101111110          01111111000000000000001111 0                     01000000000                              
                11111001111111001111111111110011111111111111        0011111111111100      000000111111                110000000000                              
              111111111110      0111100111111 011111101111110     0111111111111110            0000000011            01100000000000                              
               11111111110    0 00111011111111 011111111111110    111111110001101110           00000000000        0110000000000000                              
               0010011111100000111110011111111 01111111110001100011111101011111111110         0110000       00011111000  0000000                                
              000001 0111111111111110111111110 0111111111   1111111111111111001110111      0001111110       001111010000 0000000                                
                  00011111111111111001111111  011111111110001111111110111000   0111110  00011110011000      000010000000 00000000                               
                      011111111111011111110 01111111111111111111111111111       01101111111110111011111    0110000000000 000000000                              
                         001111111111111000011111   1  11111111111111111110      011001101110110010011010001000000000000  0000000000                            
                              0110000000111110000111  111111  11111111111110   0111111111000000000000000000000000000000  0000000000000                          
                                 001    1 0010000000011111  11111111111111111111111111000000000000000000000000000000000  0000000000000                          
                                    0      001100001111111  8110001111111111111111000000000000000000000                000000000000000                          
                                         00  1111101111111     1000001010000000000000000000000110000                      000000000000                          
                                               001111111    1181011110000110001000011111111100000000000000                    0000000000                        
                                                 0011111    881100000011111111   111000     000000000000                                                        
                                                             111 0  0000000000                 000000000                                                        
                                                                000000000000                      001111                                                        
                                                                 00000001111                                                                                    
                                                                  100000111                                                                                     
                                                                   1100011 1                                                                                    
                                                                    011110                                                                                      
                                                                       01                                                                                       
                                                                                                                                                                
                                                                                                                                                                
                                                                                                                                                                
                                                                                                                                                                
