                                                                                                                                                                
                                                                                                                                                                
                                                                                                                                                                
                                                                                                                                                                
                                                             0000111                                                                                            
                              00000000                 0000111111111                                                                                            
                000111111111111111111111111110     001000000000001111111                                                                                        
           0011111111111100000011111111111111110    0   000000000000000011                                                                                      
       111110111111111111111110111111111111111 1         0000000000000001000                                                                                    
     1111111011001 00011111111111011111111111100          0011000000000000000011                                                                                
     0100111110      011110000111001111111111111            18111110000000000000001111                                                                          
      010011111000000011100111111001111110111111        000 1111111111100    0000000001111                                                                      
       000011111111111111011111110 11111111111110     011111111111111100         00000000000                                                                    
        00111111111111110111111110011111111111111    011111111010111110            00000000000                                                                  
            01111111110011111110  01111111110 01111111111811111111111110           00000000000                                                                  
              01111110111111100 0111811111110 011111111111111111111101110        011111110                        000011111111110000                            
                01111111111000011118  11111111111111111101111100  0111110     0011111110                   001111111111111111111111111 100                      
                   0000000001111001   1  11111111111111111110      0111110000011111111100       001111111111000000000011111111111111111                         
                      1   81010000 111   1111111 1111111111110      0110111111111110011111     111111111111100000000000111111111111111 1                        
                        0   010000000011111111  111111111111110   01111111101110110110011110001111111011001000000000001111111111111111                          
                            0 10000011111   111111111111111111111111111111111000000000001001111111111101100000000000111111111111 1                              
                               100111111     10110000111111111111111110100000000000000000000000000000010100000000000111111111111                                
                                11111111      0000000000000000000000100000000000000000000000 0 0000000000000000000011111111                                     
                                0 1111  11118 0111111110000110001100001000111110000000000             0000000000011111111                                       
                                      1      0000000000000011111111111110000  0000  00000000            0000000000111111                                        
                                                  000000000000000000             00000000000              00000000111111                                        
                                                   0100000111111   0                00111111               0000000111111                                        
                                                     111111111   11                       00                01000111111111                                      
                                                      011111111                                              0101011111111                                      
                                                         011 1                                                 111111111 1                                      
                                                             0                                                  1111111111                                      
                                                                                                                 11111 1                                        
                                                                                                                  11111                                         
                                                                                                                     11                                         
                                                                                                                                                                
                                                                                                                                                                
                                                                                                                       1                                        
                                                                                                                                                                
                                                                                                                                                                
                                                                                                                                                                
