                                                                                                                                                                
                                                                                                                                                                
                                                                                                                                                                
                                                                                                                                                                
                                                                  10                                                                                            
                                                                1110011000 0                                                                                    
                                                              01010010000000000000000000000111                                                                  
                                                              00000000000000000000000000000000000011                                                            
                                                           01000000 00  00 000 00          0000000000011                                                        
                                   1                      01000 00  0 00000000000            00000000000                                                        
                                  01 1                01111      0000000001100110            0111000                                                            
                                  1111 1111       0110000000      0000111111101100          01111110        00                                                  
                                  11111111110001111100                011111100101100      011001100        0111100                                             
                                  0 0110001111111118811110             111110001000010   0010010001110    000111111111111000                                    
                                   110001111111181111111110           111011000000000000000000000000000 0000101101101100001111110                               
                                    0011111111111111111111100000      0111100010   00000000000000000000000000000000000000000000111110                           
                                   0011111111111111111010011011100    0101100000     000000000000000000000000000000000000000000000111110                        
                                 1110011111111110110100110110110010  0010100000      00000000000000000000000  00000000000000000111111111 0                      
                               11101111100000000000010110011001000000010000000000  000000100  000000000000       00000  000001111111111111                      
                           011110111111000000000011000010000010010  000000000000000001110          0000000         0   0000001111111111111                      
                          01110111111000000000110001100000000010000 000000000000000110                              00000011111111111111111 1                   
                          0101111111000000100000000000000001000000000000000000011100                                 00000111111111111111  180                  
                       1101111111000111111000000001111000 00000000000000000001000 0000                               000001111111   11 1    1                   
                        011111111100111100 00000000000000 00000000000000011000  000000 0                              00011111 0       1 11                     
                        1111111100100     0 000000000000  000010011101000000   000000000                              00111111 0           11                   
                       11111111100000    00 00000 000000 000 000000111 1      0000000000                               1111111 0                                
                      011110000000000000000000000000000000    00001111 1            0000 0                             11111111                                 
                        00011000000000000000000000000110 010000001111111                                                1111                                    
                                 00000000000000            1110000111111                                                111 10                                  
                                                             11111111111                                              0    1                                    
                                                               011111111      1                                         1                                       
                                                                    0001                                              8                                         
                                                                                                                                                                
                                                                                                                                                                
                                                                                                                                                                
                                                                                                                                                                
                                                                                                                                                                
                                                                                                                                                                
                                                                                                                                                                
                                                                                                                                                                
