                                                                                                                                                                
                                                                                                                                                                
                                                                                                                                                                
                                                                                                                                                                
                                                                                                                                                                
                                                                                                                                                                
                                                                   000000000                                                                                    
                       000011111111111111111110000         001111111111111                                                                                      
                 01111111111111100011111111111111110  0001000000000000111111                                                                                    
            0111111111111111111111001111111111181111 0        000000000111111                                                                                   
           11111111001000011111111111001111111111110          000000000000111111                                                                                
          111111111       01111000111001111111111111            01100000000001111                                                                               
          11001111100 000011110111111100111111111111            111111100000000111                                                                              
           010011111111111111001111111 01111111111111      001011111111110000000011111                                                                          
           0 0111111111111110011111110 011111111111110    0111111811111111100    000011                                                 0                       
                111111111110011111110 0111111111000110000111111111110111110         000111 0                                          0  0                      
                  11111111011111110  01111111111   011111111111111111111111            00011 0                                      1100                        
                    0 111111111100001111 11111111011111111111111111011111110           0000001 0                                011100                          
                      00100000001111111   1111111111111111111111000  0111110         00000000011 1                           011000000                          
                            18111011001  1   1111111111111111110      111110     000111111100  000                      001110000000                            
                             11000000 0     111111  1111111111110      011111110111111111100                       00111000000000000                            
                              000000000011  1111111111111111111110   0011101101111111111110         000      00111110000000000000000                            
                            1100101111111100111111111111111111111111111111111111111101111110      00111111111100000000000000000000                              
                            101010111111   10110000000001111111111111111111111111111111011110 000111111111110000000000000000000000                              
                            1111101111  118 011111001100110000000100001100000000000000001111111111111110110000000000000000000000                                
                             111 11   1111 000000 11000111000010000000000000000000000000000000001111111101100000000000000000                                    
                            1  1       11           000000001111111111111111101000000000000000100000000000000000000000000000                                    
                              11                    0000000000000  000000000000000000000          00000000000000000000000000                                    
                                                    10000010110000              000000000000           000000000000000000000                                    
                                                    1010111111                   00000011111             0000000000000000000                                    
                                                    0 01011111   1                01111111                00000000000000000000                                  
                                                     010101                         001110                  000000000000000000                                  
                                                      0111                             001                    0000000000000000                                  
                                                         1                                                      00000000000000                                  
                                                                                                                  000000000000                                  
                                                                                                                     000000000                                  
                                                                                                                          000000                                
                                                                                                                                                                
                                                                                                                                                                
                                                                                                                                                                
