                                                                                                                                                                
                                                                                                                                                                
                                                                                                                                                                
                                                                                                                                                                
                                                                                                                                                                
                                                                                                                                                                
                                                                                                                                                                
                                                                    0011                                                                                        
                                                              00011111                                                             0001111 1                    
                                                          0001111111111111                                                   0011111111111                      
                                                       0110000000000000011111                                            00111111111111111                      
                                     000001011110   00000  0000000000000000000001111                                  011111111111111111                        
                             00011111111111118111110         0000000000000000000000000111111                       0111000111111111111                          
                      0011111111111111111118111811 1          0001111000000000000000000000000011                 011000000111111111111                          
                  0111111100000000001111111111111110            0 111111111100         00000000000             011000000000111111111                            
               011111111111111111111110111111101111111        00181111111111             000000             011100000000000011111111                            
           01111001111111111111111111100111111111111110      01111111111111110          0010000       0011111110000000000000111000                              
          11111111110    0 01111001111100111111011101110    01111111100111001100        0111110        0111101100000000000000000                                
          1101111110       0111101111111 0111111111111110  0111111010111111111110     011101111000    11011000000000000000000000                                
          111001111110000001111001111111001111111110  011111111111111110000111110000001111110111100 001011001000000000000011111111                              
            0010011111111111111011111110 01111111110  011111111101111000   0111111110110011011001011100000000000000  0000001111111                              
             00011111111111111001111110 011181111101111111111111111110       0110011001000000000000000000000000000   000000000000000                            
             0    00111111111011111110001111  11111111001111111111111110    0111110110000000000000000             00000000000000011110                          
                      0111110011110001111111  11  111111  1111111111111100011111110000000000000000                   0000000000000000111                        
                         0000000001 111110 01111  111111  11111111111111111110000000000000010000000000                  0000000000000000                        
                             00 1 1 010000 0111111111111111100000111110000000000000001111000  00000000                     0000000000011                        
                                 00010000000001111001100000000000000000000001000111100    000000000000                         001100000                        
                                 100100000001110011111100000111111101111111111100               000000                            001110                        
                                0101100001111111100111111 111000000000000000                                                          0                         
                                 1011011111110               000  0000000000                                                                                    
                                  01 1111110                   0000000011111                                                                                    
                                     111 1                       01111111111                                                                                    
                                     1 1                           011111111                                                                                    
                                                                       00111                                                                                    
                                                                                                                                                                
                                                                                                                                                                
                                                                                                                                                                
                                                                                                                                                                
                                                                                                                                                                
                                                                                                                                                                
