                                                                                                                                                                
                                                                                                                                                                
                                                                                                                                                                
                                                                                                                                                                
                                                                                                                                                                
                                                                 00000000000                                                                                    
                                    0000                   000011111111111                                                                                      
                     00111111111111111111111111110     0111000000000001111                                                                                      
               0011111111111100000011111111111111110    0   0000000000001111                                                                                    
           011111111111111111111111111111111118111 1         00000000000000111                                                                                  
        0 1111111100 0 00111111111110011111111111100          0010000000000011111                                                                               
         111111111       011110100111011111111111111          0 1111100000000000111                                                                             
        01100111110000000111101111111001111111111111        001 1111111100000000001111                                                                          
          000 111111111111110011111110011111111111110     1111111111111111100    0000011                                                                        
           00111111111111110011111110 0111111111101100  011111111101111111         0001111 0                                                                    
              0011111111110011111110 01111111111  0111111111111111111111110           000011 0                                                                  
                  1111111011111110 00111811111110001111011111111111111111110           0000011 0                                                                
                    1111111111100011111  11111111111111111101111110001101110        000000000111                                          01                    
                      0000000001111001   1  11111111111111111110     0111110    000011111110 0001                                    00111                      
                        0  111110000001     1111111 111111111110       111111100111101111100     0                             000011000                        
                            01000000001     111111  1111111111111    001110111111111111110                             00000110000000000                        
                            100000000001111111111111111111111111110011111111101111111111111       0111000  000000111111000000000000000                          
                            0000001011100110011111111001111111111111111111111111111111011110   0110111111111100000000000000000000000                            
                           101111111111  01 11100000010001111100111011110100000000011111111111111111111111101000000000000000000000 0                            
                           01111111111  8 00001 1111111111000010000000000000000000000000000011111111110110000000000000000000000000                              
                           110 11 1 1  1 0        0000000001111111111001100110000000000000000000 1111111100000000000000000000000                                
                          0  1       81             0000000000 0000000000000000000000000      000000000000000000000000000000                                    
                            1                       10000000000                00000000000         00000000000000000000000                                      
                                                    11011111111  0              0000001111 1         0000000000000011100                                        
                                                      01011111   1                11111111             00000000000000100                                        
                                                      10111 11                     01110                000000000000100000                                      
                                                      01110     1                     01                 00000000000000000                                      
                                                         1                                                0100000000000000                                      
                                                                                                           010000000000000                                      
                                                                                                             0100000000000 0                                    
                                                                                                               01100000000                                      
                                                                                                                  011000                                        
                                                                                                                     00100                                      
                                                                                                                         000                                    
                                                                                                                                                                
