                                                                                                                                                                
                                                                                                                                                                
                                                                                                                                                                
                                                                                                                                                                
                                                                                                                                                                
                                                                                                                                                                
                                                                                                                                                                
                                                                    000011                                                                                      
                                                              000111111110                                                                                      
                                                           0110000000001111111                                                                                  
                                                        011000000000000000111111                                                          0                     
                                     00011111111111000          000000000000000111                                                      0  0                    
                               00111111111111111111811          0001100000000000001111 0                                              0100                      
                         00111111100111111111111111110            0 1111111000000000000111                                          110000                      
                     01111111111100000111111111111111111          0 1111111111100     00001111 0                                 011000000                      
                  011111111111111111111110111111111111111       011111111111111           000011 1 0                          0110000000                        
                011111111111111111111111110011111101111111     01111111100111111            00000011 0                     0111000000000                        
             011111011000   0001110011111110011111111111110   01111111111111111100          0000000001                  0111000000000000                        
            11011111110       01111011111111 1111111111000111111111110111111110111        01111100                   0111000000000000000                        
            11110111111000000011110011111110 0111111110   1111011110111110  0111110    01111111100              0001110000000000000000                          
             001000011111111111111001111111 0011111111100111111111111110     011111000011111111100        0 11111110000000000000000000                          
                00001111111111111001111111 01111111111111101111111111110       11001101101111111111     010111111110000 000000000000                            
                  00011111111111001111110 011118  11 1111111 1111111111110   01111111011111111101111000111111100110000000000000000                              
                       0001111111111110001111000111111111111 111111111111111111111111110000000001111111111111111001000000000000000                              
                            00111000000 10100000000111     11111111111111111111100000000000000000000000000001000000000 0000000000000                            
                                 00       01100001111111     100000011100000000100000000000000000000000000000000000000 000000000000000                          
                                      0    11 1100111111    8800001100000000000001001111000000000               0000  0000000000000000                          
                                              011111111   111810000000111111  11110000 000000000000000             000000000000000000000                        
                                                  111     1111 00000000                  0000000011111               0000000000000000000                        
                                                      00     1 0   00000                   001111111                    0000000000000000                        
                                                              0 0000000111                    011110                       0000000000000                        
                                                               0000000101111                     001                          0000000000                        
                                                                0010000111                                                          000000                      
                                                                   11110                                                                                        
                                                                     111                                                                                        
                                                                       0                                                                                        
                                                                                                                                                                
                                                                                                                                                                
                                                                                                                                                                
                                                                                                                                                                
