                                                                                                                                                                
                                                                                                                                                                
                                                                                                                                                                
                                                                  0000                                                                                          
                                                            00111111                                                                                            
                                                       001000000000111                                                                                          
                     0000001111111111111111110     001100000000000000010                                                                                        
              0011111111111100111111111111111110    0   000000000000000001                                                                                      
          00111111111111111000001111111111181111          00000000000000000000                                                                                  
       11111001111111111111111111011111111111110          000111000000000000000011                                                                              
     0 111111110      011111111110011111111111111           11811111000000000000000011                                                                          
      1100111110     0011101111111001111110111111       000181111111111110    000000000111                                                                      
       010011111000001111001111111 011111111111110     01811111111111110          0000000000                                                                    
         0011111111111111011111111 011111111111110    011111111000111110            0000000000                                                                  
          00111111111110011111110 001111111110 01111111111811111111111110           010000000111                                                                
              011111110011111110 0011111111110  11111111111111110011101110        011111110                                                                     
                011111111111100001118 111111111111111111101111000  0111110     01111111100                                                                      
                  001100000000111111   11 11111111111111111110      011111100011111111110         0000         0000000000000000                                 
                     00111 8111000001 1   1111111 1111111111110      0110011111111110111110     00111111111111111111111111111111111100                          
                           11010000001    111111  11111111111110   0111111110111111011011110 001111110111111000000000001111111111111111110                      
                            1010000000111111111111111111111111111111111111111100001111011111111111111111111100000000001111111111111111101111 0                  
                               100001111110011111110001111111111111111101000000000000000000000011111111110000000000000111111111111111110                        
                                10111111   10100000000001000000000000000000000000000000000000000000001101101000000001111111111111110                            
                                 11111    1 011111111111100001100110000100011110000000000         000000000000000001111111111111                                
                                   111   11000 000000000000111111111111100000  0000 0000000000        000000000011101111111111                                  
                                     1             000000000000000               00000000010           00000000011111111                                        
                                                    010000011111                    01111100            00000000111111                                          
                                                      1111111111   1                   001               0000001101111                                          
                                                       0111111                                            101011111111 1                                        
                                                         011 1                                            01010111111111                                        
                                                            01                                             11111111111                                          
                                                                                                            1111111111                                          
                                                                                                            0111111111                                          
                                                                                                             011101110                                          
                                                                                                              111111                                            
                                                                                                                11 1                                            
                                                                                                                1                                               
                                                                                                                                                                
                                                                                                                                                                
                                                                                                                                                                
