                                                                                                                                                                
                                                                                                                                                                
                                                                                                                                                                
                                                                                                                                                                
                                                                                                                                                                
                                                                                                                                                                
                                                                     011                                                                                        
                                                                  011100                                                                                        
                                                               01111100111000                                                                                   
                                                             010000001110011000111                                                                              
                                                           0100000001000000001100000001111                                                                      
                                                         011000000000 0000000000000000000000000011                                                              
                                            0000001100   0       000000000000000 000000000000000000011                         000111111111111111100            
                                     0011111111118111110          0001111111100010          000000000000                 00111111111111111111111111             
                               0001111111111111111181111              111111111110            000000                 01111000000011111111111111111              
                          00111111100001111111111111111100           0811111011110           0111110        011111111100000000000011111111111111 0              
                      011111100111110000010111111110111111 0       111111110111011100       01111110        0111111110000000000011111111111111 1                
                    11111011111111111111111001111011111111100     01111111111111111110     01110111100     111111011000000000001111111111111                    
                 011100111111111101110000011001111111011101110    011111100110001101110000011101101111000001111011001000000000001111111111                      
               111111011100     0011100111111001111011111110111001111111111110   01111111101001101100111110000000000000000000000011111                          
              11011111110       00111011111111 01111111111   0111101111011100      011001100100000000000000000000000000000000111111111                          
               0110011111100000001111011111110 011111111110  0111111111111110      01110000000000000000000        00000 00000011111111                          
               101000011111111111111001110010 001111111111111110111111111111110   011101000000000000000               0000000000111111                          
                 000001111111111111100110111 00111 111111111101111111111111111111111000000000000000000000000           000000001111111                          
                    000011110000011011111100011111   11  1111111  111111111111000000000000011100000000000000             000000111111111                        
                            011100000000001111100001111   1111111111000000111000000000011100      0000000000               0000011111111                        
                                0000000011 010000000011111111100010000000000000101111100                 000                010011111111                        
                                     0     01100000001111111000000001101111111111000                                          1111111111                        
                                      0000000 0000011111     11111110000000000000000                                           011101111                        
                                      10000001101111111111 11 00   00000  0000000111                                             1111011                        
                                      100000001 1111111111             0000000011111                                              011111                        
                                      0         11111111                  0111111111                                                11 1                        
                                                  1                          0011111                                                  1                         
                                                    0  11                                                                                                       
                                                                                                                                                                
                                                                                                                                                                
                                                                                                                                                                
                                                                                                                                                                
                                                                                                                                                                
                                                                                                                                                                
