                                                                                                                                                                
                                                                                                                                                                
                                                                                                                                                                
                                                                                                                                                                
                                                                                                                                                                
                                                                       001                                                                                      
                                                                   0011110                                                                                      
                                                                01111110001110                                                                                  
                                                              010000000111000111                                                                                
                                                            0100000000000000000010000111                                                                        
                                                          0110 00 00000000000000000000001111                                                       0            
                                                 0001000           0001000000000000000000000000111 1                                         0001100            
                                          0011111111111111            00111111100000       00000000001                                 00110000000              
                                      0111111111811111111100            11111111110            000000000                          00111000000000                
                                  0011111111111111111111111000        00111111111110            0000000000                   0011110000000000000                
                              011111100000001011111111111111111      011101110011001100        1111110                   011110000000000000000                  
                           01111111111110000111101111111100111110     111111111111111110     001111110        00000011111000000000000000000000                  
                        1 111111111111111111111110001111111110011000001111100011000111110 0001111111100     00011111111000000000000000000000                    
                       111111111111111111100000111000111011101100111110111111110   011111110110011111110    11101101110000000000000000000000                    
                     11101011111110 000011100111111100111111111   0111111111110       11001011011011011110011111011000000000000000000000                        
                   011111100110       001110011111110 011111110000111111111111100    0111000000000000000000000011011010000000000000000                          
                  0 111111111100   000011110011111010 0111111101110011111111111110 001100000000000000000000000000000000000000000000000                          
                 00001110111111110000111111001110011 0111111111111111 1111111111111111000000000000000000        0000000000000000111110                          
                   00000000001111111111111100111111001111  11  111111111110111110000000100000000000000              000 00000000111110                          
                     0000010011111111000110011111000110001111111111111110000000000000000111110000  000000000          000000000000000000                        
                           0001111100000001000000 11000 01111111011000000000100001111  1100     0000000000             00000000000011000 0                      
                                  000111000000001001000000001000011000001101111111100              0001111               01000000000000000                      
                                        000001    0 000000001111101111110000000                        000                0110000001000000                      
                                        10000000000110000011111 1110000000  0000000011                                      01110000000000                      
                                        10000000000  10001111111   0 0 000000000001111                                         01110000000                      
                                        0100          1111111111     00000001111111111                                           0011110                        
                                                      0 111111         000000111111110                                               00011                      
                                                        0                       0011                                                                            
                                                                                                                                                                
                                                                                                                                                                
                                                                                                                                                                
                                                                                                                                                                
                                                                                                                                                                
                                                                                                                                                                
                                                                                                                                                                
