                                                                                                                                                                
                                                                                                                                                                
                                                                                                                                                                
                                                                                                                                                                
                                                                                                                                                                
                                                                                                                                                                
                                                                         00001                                                                                  
                                                                    00111111                                                                                    
                                                                 011111110001111                                                                1               
                                                              01100000000011111111                                                             1                
                                                            01000000000000000000011111 1                                                    0 10                
                                                 0000000  000       0000000000000000011111 0                                              0 10                  
                                         00111111111111110          00011100000000000000001111 0                                        011000                  
                                     011111111111111181111            0 1111111111100     0000111110                                  01000000                  
                                0011111111111111111111111100           0111111111110           0001111 0                           01100000000                  
                            00111111000000000111111111011111 1       111111111111110             000000111                      01100000000000                  
                         01111100111111111111100111111111111110     011111110011101110          000000000001                0111000000000000                    
                       01111011111111111111111100011111101100111    0111111011111111110        01111110                 00111000000000000000                    
                     0111111111111000011000011110001110111011001100111111101110000101110    0111111110        0 111111111000000000000000000                     
                   011110011100   0 00111011111111 0111111111   011101110111100   0111110000111111111100      00111111110000 0000000000000                      
                  11111111110     0 00111011111111 01111111010 01111111111110       011011111001111111110    111011001100000000000000000                        
                 111111111111000000011111001111010 0111111110111111111111111110    00110011011011011011110001111101100000000000000000000                        
                  0111101111111111111111101110011 01111111111111111111111111111100011111111100000000000000100000010000000000000000000000                        
                   000000001111111111111000111110011111  1  111111  1111111111111111100000000000000000000000100000000000000 00000000000000                      
                         000111100000110001111001110000011111111111111000011110000000000000000000000000            000000  00000000000000000                    
                              00011111010000001 11100000000111     100000000000000000000101111000000000                 00000000000000000000                    
                                      00011     1000110001111111     0000110011111111111000   00000000000110              00000000000000000000                  
                                              0    1111111111111    810000000000000             0000000111                   00000000000000000                  
                                                       001111111    1110000                       00111101                      00000000000000                  
                                                             011    11 0 000000000                   00111                          000000000000                
                                                                       10000001111                                                                              
                                                                     0000000111111                                                                              
                                                                      0 0010101100                                                                              
                                                                          011000                                                                                
                                                                            0110                                                                                
                                                                                                                                                                
                                                                                                                                                                
                                                                                                                                                                
                                                                                                                                                                
                                                                                                                                                                
