                                                                                                                                                                
                                                                                                                                                                
                                                                                                                                                                
                                                                                                                                                                
                                                                                                                                                                
                                                                0011                                                                                            
                                                           0011111100                                                                                           
                                                        011000100011111111                                                                                      
                                                      1100000000000000111100                                                                                    
                                                   0010 000000000000000001110011                                                                                
                                   0001111111110            000000000000000000000111                                                                            
                             001111111111118111811          0001111100000000000000000011 1                                                                      
                        00111111111111111111111111              1111111111110     0000000111 1                                                                  
                    01111111100000111111111110111101          01811111111110           000000111                                                                
                011111001111111111111001111111111111 0      0111118111111110             000000011                                             000              
              11111011111111111111111100111011101111111     111111110011101110          01000000001                                 000001110000                
            011001111111000111100000111000111111111111100  01111810011111110110       011111110                             0011111100000000                    
          11111101100      01111011111111011111110110001111111111111110000111110    0111011110                      001111111100000000000000                    
        0 10111111100    0 01111011111111 0111111111   011111111011100    011111000011111111100       011111010111111000000000000000000000                      
         00110111111100000111111011111110 011111111110011111111111110       01001111101111111110    000111111111100000000000000000000000                        
          111000011111111111111001110111 001111111111111111111111111110    0111111001111111011110000111111001111110000000000011111000000                        
            000100111111111111001111111 00111   11 111111  111111111111000111111111100000000011011111111111011000000000000000000110000                          
                000111110001100111111000110001 1   111111111111111111111111111000000000000000000000000011011011000000000000000000011                            
                      001 1111100000000110000001111111111111100001111000000001000000000000000000000000000000001000000000000000                                  
                            00000111  00100000001111    10000000000000000000000101111100000000           000000000000000110000                                  
                                        011000011111    810011011100111111  1111000  0000000000000          000000000000111110                                  
                                        001110111111    18 01000000000000              00000001111           0000000000001111100                                
                                          0011111111     1 0000 0 0                      0011111              010000000000111000                                
                                              011   1      0  000000001111                  0111                10000000001110000                               
                                                  0 1     1100000000111111                                       01000000100001100                              
                                                             0000111111111                                         110000011100000                              
                                                               000111111                                            01110000000000                              
                                                                   001 1                                               011100000                                
                                                                                                                         0011100                                
                                                                                                                             00111                              
                                                                                                                                  0                             
                                                                                                                                                                
                                                                                                                                                                
                                                                                                                                                                
                                                                                                                                                                
