                                                                                                                                                                
                                                                                                                                                                
                                                                                                                                                                
                                                                                                                                                                
                                                                                                                                                                
                                                                                                                                                                
                                                                      0011                                                                                      
                                                                   0111100                                                                                      
                                                                 111110001100011                                                                                
                                                              01000000011000100001 1                                                                            
                                                            0110000000000000000100000001111                                             0000000000              
                                                          0000 00 00000000000000000000000000000011                              0011111111111111                
                                            000111111110           00000000000000000000000000000000001                     011111111111111111111                
                                      01111111111111111111             0111111100100         00000000000               01111000001111111111111                  
                                00011111111111111111111111              11111111110            00000               00111000000000011111111111                   
                            0111111100000111111111111111110000        00111111111111          0111010       00111111100000000000111111111111                    
                        011111111111111000011101111111111111110      011111110011001100      00111110       011111010000000000011111111111                      
                      011111111111111111111111001011011101111110     0111111111011110110    01110011100    01101101100000000000011111111                        
                    1111111111111101111100000110001111111111011100  0111111000110001111100000110110111100 0100100100000000000000000000                          
                 0111111011100   00001110011111100011111110110001111111111011110    010111100100100100000000000000000000000000111000                            
                011111111110       001110011111110 01111111110  011111111001110       0100000000000000000000000000000000000000111111                            
                1111101111110000000011110011111110 01111111101000111111111111110     011100000000000000000       00000  00000001111111                          
                 01110001111111111111111001111010 001181111101111001111111111111100001100000000000000000             00000000000111111                          
                   00000001111111111111001110110 0011111 11111111111 11111111111110100000000000001000 0000             00000000011111111                        
                       0011111100001110011111100011111  11  1111111111111011111100000001000011100000000000               000000011111111                        
                            00111110000000000001110000011111111111111100000000000000000011100    000000000                 0100011110011                        
                                 0000000000011 001000 111111110110000000000100001111   10              000                   01111111110                        
                                       011      011000011110000011000011111111111100                                           111100111                        
                                        00000000001 0000011   11  1111000000000                                                  1111001                        
                                        00000000     000000        0000000  0000000000                                             01110                        
                                      01000000 0     1100110        000000000000001111                                               01                         
                                                      0 001           0000001111111111                                                  0                       
                                                        1101             0  0 00111111                                                                          
                                                                                   01                                                                           
                                                                                                                                                                
                                                                                                                                                                
                                                                                                                                                                
                                                                                                                                                                
                                                                                                                                                                
                                                                                                                                                                
