                                                                                                                                                                
                                                                                                                                                                
                                                                                                                                                                
                                                                                                                                                                
                                                                                                                                                                
                                                                                                                                                                
                                                                                                                                                                
                                                                          01                                                    000011111111110000              
                                                                       011111111                                          001111111111111111111111              
                                                                    0111111111111111111111111111111111                011110000000000111111111111111            
                                                                 01100000000100000000000000000000000000           00111000000000000011111111111111              
                                                               11000000000000000000000        0000000     0 0111111110000 0000000000111111111111                
                                                    1110  00000      0000000000000000           00000         110100000000  000000001111111111                  
                                               011111111            0000001100000000            010010      01101000000000 000000000000111                      
                                         0011111111118111110             011111101110          0100100000   00000000000000 0000000000000                        
                                   0011111111111181111111110              11111101111100      011000000000000000000000000   000000111111                        
                             000111111100111111111111101111000          001111100010001110    0100000000000000000    00000  000000001111                        
                           1111111111111000000011111111101110111       01110111000111100000000000000000000000            0000000000000111                       
                        011100011111101100000010011100111111111100     0111110001100 00110000000000000000000                00000000000111                      
                      011111111111111111111111110000110011001100110    010111000010     00000000000000000000                   00000000011                      
                    1111011111111111000111000001100011111111110101110011011100110       0000000001000 00000000                   00000001111                    
                  0111111101100      00111001111110 011110110010   00110001111011000   000000001000 0000000                        000001111                    
                  0 1011111110     0 001110011111110 011101110000  0100111011100111000000000010                                      0100111                    
                   011100111110000000011110011111110 0111111110011100011110100000000000001110                                          1111                     
                      00000111111111111111011100010 001111111111111001110000000000000001100                                             0 11                    
                        00001111000000011000001110 0011111110111000000000000000001111100                                                                        
                        0      000110000000000100000000000000000000000000000001100000000                                                  01                    
                                    0000000000000011110 0011000100011001111100000000000000                                                                      
                                        0   0    01000000011  1      11000 00    000000000                                                                      
                                                 01000000000100                00000000000                                                                      
                                                 0 0000000111110                   000000000                                                                    
                                                   00000111111                                                                                                  
                                                  110111111111                                                                                                  
                                                   111111111                                                                                                    
                                                    1 1111                                                                                                      
                                                      1  1                                                                                                      
                                                                                                                                                                
                                                                                                                                                                
                                                                                                                                                                
                                                                                                                                                                
