                                                                                                                                                                
                                                                                                                                                                
                                                                                                                                                                
                                                                                                                                                                
                                                                                                                                                                
                                                                                                                                                                
                                                                   001                                                                                          
                                                                011110                                                                                          
                                                             01111100011100                                                                                     
                                                          0110000000110001000011                                                                                
                                                        011000000000000000001000000111                                                                          
                                               000    0000  0  000 000000000000000000000111111                                                                  
                                    001111111111111100         00010000000000000000000000000000011                              00011111111111                  
                             0001111111111111111111111            01111111110110        000000000000                      0011111111111111111111     1          
                        001111111100111111111111111110              11111111110            00000000000                011111000011111111111111                  
                    011111111111100000010111111110111111         001111111111110           0110000                0011100000000111111111111111                  
                 01111101111111111111111100111111111111110      011111110011101110         1111110        0111111111000000000011111111111111                    
               01110111111111111111101111100111111101110011     1111111111111111111      0111011100      001111111111100000000111111111111                      
            0 111110110001  000111100111111001111111111111100000111181001110001111100 00011111111111    01111110110010000000001111111111                        
           011011111110       00111011111111 01111111110  01111111111111110   01111111111100110110111000111110110010000000000000111111                          
            11110111111000000001111011111111 01111111110   11111111101110        011011011101000000100100000010010000000000001111111                            
             0010000111111111111110011111110 011111111111011111111111111100     0111101000000000000000000000000000000000000011111111                            
                000011111111111110001100110 011111111111111011111111111111110 001110110000000000000000           0000000000011111111                            
                  000111110111110011111110 01111   1  1111111  1111111111111111111000000000000000000               00000000000111111                            
                       00111100000111100011110001 11  1111111111111111111110000000000000001100000 000000             00000000111111111                          
                           000010000000 1011000 011111 1111111111000000000000000000011111000000000000000               000000111111111                          
                                 00  1    00100000000010111000000000011000011011111110          00001111                 1000011111111                          
                                      00   01100000000110111000011111111111111000                                         011111111001                          
                                         000001100011111 11 1  11000000000000000                                            1111101110                          
                                          00000111111111         000000000000111                                             0111111 1                          
                                                  1 1111           0011000111111                                               01111                            
                                                    11 1             00111111111                                                 1 1                            
                                                                          0111 1                                                                                
                                                                               0                                                                                
                                                                                                                                                                
                                                                                                                                                                
                                                                                                                                                                
                                                                                                                                                                
                                                                                                                                                                
                                                                                                                                                                
