                                                                                                                                                                
                                                                                                                                                                
                                                                                                                                                                
                                                                   000                                                                                          
                                                            00111111                                                                                            
                                                        00100000000011                                                                                          
                        00000001111111111111000     0011000000000001101000                                                                                      
                00011111111111111111111111111111    00   0000000000000000000                                                                                    
            011111111101111000000111111111181111 0         0000000000000011100                                                                                  
        0111101111111111111111111101111111111110            0111000000000000000011                                                                              
      11111111100    00111111111110011111111111110          0 181111100000000000000011                                                                          
      1110111110      0111101111110011111111111110        00181111111111100   00000000011                                                                       
       0100111110000001111001111111 01111111111111      118111111111111100        0000000011                                                                    
         00011111111111111011111111 011111111111110   001111111100111111             000000001                                                                  
          001111111111110011111110 001111111110 01110111111811111111111110           00000001111                                                                
              1111111110011111110 001111111110  011111111111111110111111110        0011100000001                                                                
                0111111111111100001111811111111111111111100111110   0111110     00011111110                                                                     
                  0111101100000111111   11111111111111111111110     001111100001111111111                                                                       
                      00000  11100000  1   1111111 1111111111110      011011111111111111100       0100                                                          
                        0 11 010000 0      11111   11111111111110   01111111101101101111110     001111111111111111111111111110000                               
                            0110000000111 11111111111111111111111111111111111111111111111110000111111011111110000000000001111111111110000                       
                             11000000000110111111111001111111111111111111100010000000000110111111111111111111000000000001110000000000000000000                  
                             11000000111011111000000000001111000000000100000000000000000000000010111111110100000000000011111100000000000                        
                              100111111  00111111111111110000010000100000000000000000000000000000010010110100000000000011111111000000                           
                               111111   10000  0000000000001111111  11111111000000000000          00000000000000000001111111000000                              
                               111  1 1             0000000000                  000000000011 0       000000000000001100111110000                                
                                 0                   1000000011110                0000011111          000000000011100110                                        
                                                      1101111111  1                 011110            0000000001111110                                          
                                                        11111111                       011             000000010111111                                          
                                                        011111                                          10101001111111                                          
                                                          01                                            01010111111111                                          
                                                            0                                            1011111111110                                          
                                                                                                         0101101101111                                          
                                                                                                          111110110001                                          
                                                                                                           111100110                                            
                                                                                                            1111000                                             
                                                                                                             01110                                              
                                                                                                               0 1                                              
                                                                                                                                                                
                                                                                                                                                                
