                                                                                                                                                                
                                                                                                                                                                
                                                                                                                                                                
                                                                                                                                                                
                                                                                                                                                                
                                                                  00                                                                                            
                                                              001111                                                                                            
                                                           0111110001110                                                                                        
                                                         11000000011000110                                                                                      
                                                       1100000000000010000110001                                                                                
                                                     11000000000000000000000000000111111                                                                        
                                           00000    00      000000000000  00000000000000011111                                                                  
                                  0001111111111111          000111111000000000     000000000000111                                                              
                             001111111111111118111              11111111111100           00000000011                                                            
                        0011111111111111111111111100            1811111111110             0000000000                       00001111111111111111111              
                    0111111000000000101111111101111111       011111111111111110         01111110                     0011111111111100000000000                  
                 011110001111111111111001111111111111100     11111111111111111110      001111110        00000000001111100000000011111111000000                  
               111111111111111111111111001111111011101110    11111100111111110111     11110111100       011111111110000000000000111111100000                    
            0111001110110000011100111111001111011111110110011111111111110  01111110000111011011111    011111101111110000000000111111111110                      
           1111110110       0111001111111 01111111111   0111101110011100    000110111110011011011110001111111101001000000000011111110000                        
          110111111100   0000111001111111 001111111110 0111111111111110       01110111111010010011011001111111101001000000000001111110                          
           011001111111000111111001111110 01118111111111111111111111111110   11111110110000000000000000000000000010000000000000000                              
           10000001111111111111101110110 00111  1111111111111111111111111111111110100000000000000000      000000000000000011110000                              
               000111111111111101111110 011111  11  111111  1111111111111111100010000000000000000              000 0000000111111                                
                0   0001111010001111000111100011111111111111111111101111000000000000011100000 00000000           00000000000111111                              
                         000111100000 101000000010111111110111000000000000000111111100     00000000000            0100000001111111                              
                                00  1  010000000011111110100000110111001111110000             00111111              0000001111111001                            
                                      00010000011111     011111100000000000                       0001               010101111111110                            
                                       00 1010111111  111 000000000 0000000001                                        01011111100111                            
                                         0 101111111 1          00000000001111 1                                        111110111000                            
                                           0111111 1             0001111111111                                           011110011 0                            
                                              1  1                  0011111111                                             1111100                              
                                                0                         0111                                               11110                              
                                                                                                                               011                              
                                                                                                                                  0                             
                                                                                                                                                                
                                                                                                                                                                
                                                                                                                                                                
                                                                                                                                                                
                                                                                                                                                                
