                                                                                                                                                                
                                                                                                                                                                
                                                                                                                                                                
                                                                                                                                                                
                                                                000000                                                                                          
                      0000000000010000000              0000111111111                                                                                            
              00111111111111111111111111111110     0110000000000011111                                                                                          
        0001111111111011110000011111111111111110        0000000000001111                                                                                        
      011111011111111111111111111111111111111111         00000000000001111                                                                                      
      101111110     0011111111111011111111111100          00100000000000000001                                                                                  
     0100111110      011110111111011111111111111          0 181111000 000000000111                                                                              
    01001011111000000111101111111001111111111111        0018111111111100  000000000011                                                                          
       00011111111111111001111111001111111111111      111111111111111100       00000000000                                                                      
          01111111111110011111110 011111111111110   011111111100111110            0000000000                                                                    
            01111111100011111100 01111111110  0111111111111111111111110            00000000000                    00011111111111111111100                       
              0111111111111110 0011111111110 001111111111111111111111110         01111000                    01111111111111111111111111                         
                  1111111000001111   11111111111111111101111110  0111110     00011111110               00011110000000111111111111111 1       1                  
                   0000001111110001     11111111111111111110      0111110000011111111100        011111111100000000000011111111111111                            
                      1 11 01000000111  1111111 111111111111       0110111111110111011111     010111111110000000000001111111111111 1                            
                        0  0100000001111111111  11111111111110   001111011011101100110111000001111110011000000000001111111111111                                
                            110000111111    1111111111111111111011111111111100000001000101111110111110010000000000000111111111                                  
                             81011111111     00100001111111111111111111000000000000000000000000000000000000000000000111111                                      
                              11111111    11 10000000000000000000001000000000000000000000000000000000000000000000111111111                                      
                                1 11     111 1111011110000110001100000000100100000000000              000  0000000111111                                        
                                  0 1          00000000001111111111111110000000000  00000000             00000000001111111                                      
                                                 00000000000000000 0           00000000000                0000000001111111                                      
                                                  000000011111   0                 0011110                  00000001111111                                      
                                                   01111111111  1                       00                    00000111111111                                    
                                                     011111111                                                  010011111111                                    
                                                        0111                                                      1111111111                                    
                                                                                                                   011111  1                                    
                                                                                                                     11111                                      
                                                                                                                      0 11                                      
                                                                                                                                                                
                                                                                                                          1                                     
                                                                                                                                                                
                                                                                                                                                                
                                                                                                                                                                
                                                                                                                                                                
                                                                                                                                                                
