                                                                                                                                                                
                                                                                                                                                                
                                                                                                                                                                
                                                                                                                                                                
                                                                                                                                                                
                                                                                                                                                                
                                                                                                                                                                
                                                                                                                                                                
                                                                                                                                   00001                        
                                                                  0000111111                                                   0111111                          
                       000111111111111111111111111100       001100000011111111                                             01111100001                          
                 0011111111111111000001111111111111111 0  0000000000000011111111                                        01111011111111                          
             00111101111111111111111100111111181181111 0         00000000000011111                                    01110011111111                            
            0 01111111000 0001111111111101111111111110          000000000000000001111                               0110000111111111                            
            0110111110      0111100011110111111111111110          01111000000000000000001111 1                    011000000011111110                            
              0101111100000011110111111100111111111111 0          11111111100000    00000000000011              0 1000000001111010                              
               00111111111111110011111110011111111111110      011111111811111100         00000000011           1100000000000001111                              
                 11111111111110011111111 011111111111111     11111118111111110             0000000          01100000000000000000                                
                   01111111110111111110 0011111111100011000011111111110011111110          0100000      001111110000 00000000000                                 
                      1111101111111100 001111111111   111111111111000111111111110        0111110        0111101000000000000000                                  
                        1 1111111100001111  1111111001111111111111111110001101110     001110111000     0100100000000000000000000                                
                         00100000011111111  11111111111111111111111000    0111111000000110110011110   0111100000000000000000000000                              
                            1   8811100000111   11111111111111111111        0110011101100110010010010000000000000000 00000000000000                             
                                1110100000001111111118  11111111111110     001110111001000000000000000000000000000   00000000000000000                          
                                0  1110000111111    1111111111111111110000111111110000000000000000000000         000000000000000000000                          
                                    0 1111111111      111111111111111111111111000000000000000000000                 000000000000000000                          
                                      0 111111      810000000011111000000000010000000000001000000 0000                  00000000000000                          
                                        0 1       8881000101111000000000000000000001111100000000000000                       00000000000                        
                                            1   8888811110000000111111111111111111100  0000000000000                               0000000                      
                                                         00 0000000000000000                000000000                                                           
                                                          0000000000000110                                                                                      
                                                           00000001111   1                                                                                      
                                                             011111111                                                                                          
                                                               0111111                                                                                          
                                                                  0011                                                                                          
                                                                                                                                                                
                                                                                                                                                                
                                                                                                                                                                
                                                                                                                                                                
                                                                                                                                                                
