                                                                                                                                                                
                                                                                                                                                                
                                                                                                                                                                
                                                                                                                                                                
                                                                                                                                                                
                                                                                                                                                                
                                                                                                                                  00                            
                                                                                                                              0011 1                            
                                                                           00000                                            011000                              
                                                                   0001111111111                                          01100000                              
                                                              011100000000011111                                          10000000                              
                                     0001111111111111110    0000 0000000000001111111                                    100000000000                            
                            001111111111111111111111111111          0000000000000111111                               0 0000000000                              
                       00111111111100000011111111111111111          0000000000000000000111 1                         0100000000000                              
                    0111111111111111111111101111111111111000           011110100000000000000011111 1                11000000000000                              
                01111001111111111111111111110011111111110111          0 111111111110       0000000000111            1000000000000                               
              111111111110 0   001111000001110011111101111110      0111111111111110            00000000000       010000000000000                                
               11111111110      001110111111100111111111101110    011111111001111110            00000         01110000 000000000                                
              00010011111100000011111011111111 01111111111011100001111111111011111110         0110000       01111100000 00000000                                
               0000100111111111111110011111110 01111111110  01111111111100111111100111      001111110        0100000000 00000000                                
                   00111111111111110011111110 011111111110 001111011111111110  01111110    0111110111000   011000000000 0000000000                              
                     0011111111111011111111 0011111111111111111111111111110     001101111111100110011110000000000000000  00000000000                            
                         001111111111111000011111   11111111111111111111110       011001100100110010000000000000000000   000000000000                           
                            0 11100000000111110001     111111  11111111111110   0111111110000000000000000000000000000000 0000000000000                          
                                 011   18 0010000000111111111 11111111111111100111111110000000000000000000             000000000000000                          
                                          100110000001111   111111111111111111111110000000000000000000                    000000000000                          
                                        0    1111000111111    000000001110000000000000000000000100000  000                     000000000                        
                                              001111111111  18 001001100001100010000111111110000  00000000                                                      
                                                 01 1111    118 000000011111111   111100      000000000000                                                      
                                                    001   188888000000000000000                   00000000                                                      
                                                                00 00000000000                          00                                                      
                                                                  00000011111                                                                                   
                                                                   100001111                                                                                    
                                                                    01111111 1                                                                                  
                                                                      011110                                                                                    
                                                                         01                                                                                     
                                                                                                                                                                
                                                                                                                                                                
                                                                                                                                                                
                                                                                                                                                                
