                                                                                                                                                                
                                                                                                                                                                
                                                                                                                                                                
                                                                                                                                                                
                                                                                                                                                                
                                                                      001                                                                                       
                                                                   00111                                                                                        
                                                                011111000111                                                                                    
                                                              010000000110001110                                                                                
                                                            0110000000000010000110000111                                                                        
                                                           110 0000000 0000000000000000000111111                                                                
                                                    0     00       000000000000000000000000000001111                                            000000          
                                            00111111111110          000111101110000       000000000000                                 0001111000000            
                                      00111111111111118111              11111111110            000000000                        001111110000000000              
                                   0111111111111111111111100          00111111011110           000000                     0011111000000000000000                
                              01111110000111111111111111111111       01111111001101110        0111110                001111000000000000000000000                
                           0111111111100000011101111111111111110     0111111111111111110    001111110         11111111100000000000000011111000                  
                        111111111111111111111111000110111011100110   01111100011000101100 0001111111110     00111111110000000000001111100000                    
                      0 111111111111111111000011100011111111111011101111111111110  0111111111100111111100 0011111101100000000000000111111000                    
                      11111111111000000111001111111001111111110  01111011101110       11001001001001001111111111111000000000000000000000                        
                   111111101110      000110011111111 01111111010 011111111111110     0111000000000000000000000000000000000000000000000                          
                  1111111111110    0 001111011111110 01111111101111011111111111110  01100000000000000000000000000000000000000001111000                          
                 01111101111111100000111111011110010001111111111110111111111111111111100000000000000000            000  00000001111111                          
                  001100000111111111111111001110110 0111   11 111111  11111111110000000100000000000000000000         00000000000111111                          
                     000010011111111111110011111100011001111  11111111110000000100000000011110000  00000000           000000000000111001                        
                         00001111100000000011000 011000001111111010000000000000001101111100      000000000              0000000111111100                        
                                00011110100000011010000 111111100110000011111111111100               00011               010000011100111                        
                                       00000     0100000000111111111111110000000                                           1100001111000                        
                                      000000000000110000000111101101000000       00000                                      011110001100                        
                                      100000000000  0000001111 0    0 0000000000000111                                        0111100000                        
                                      100000        1000011111       00000000100011111                                           0111100                        
                                                    1 11111111         000000011111111                                              0111                        
                                                      111111             0       011 1                                                  0                       
                                                                                     0                                                                          
                                                                                                                                                                
                                                                                                                                                                
                                                                                                                                                                
                                                                                                                                                                
                                                                                                                                                                
                                                                                                                                                                
