                                                                                                                                                                
                                                                                                                                                                
                                                                                                                                                                
                                                                                                                                                                
                                                                                                                                                                
                                                                                                                                                                
                                                                                                                                                                
                                                                                                                                      0                         
                                                               00001111111                                                        0111                          
                                                          0011000001111111                                                     01110                            
                                    00000011000000     01000000000000011111111                                              01100000                            
                           0000111111111111118111110          00000000000011111                                           0110000000                            
                     0011111111100111111111111181111          00000000000000000111 1                                    011000000000                            
                001111110001111100001111111111111110            0011110000000000000111 1                               1100000000000                            
              0111111111111111111111110011111111111111          0 111111110000    000000011111                       11000000000000                             
           11111001111110001111111111110011111111111110      00111111111111100         00000000111                0110000000010000                              
         011111111110      01111001111110011111111101110    01111118111111110            00000000111            011000000000000000                              
          11111111110    0 00111011111111 01111111111110    111111111001100110           0000000              011000000000000000                                
          0110001111110000111111011111111 01111111100001111111111100111111111110        01111100      001111111100000000000000 0                                
             000011111111111111001111111  0111111010  01111011111111110000101110     0011011110         1111111100000000000000                                  
              0001111111111111001111111  01181111111001111111110111000    01111100000111111111100     010011001000000000000000                                  
                   0011111111011111110001111  1111111101111111111111        11001111100111111111100 0011110010000000000000000000                                
                      0011101111110000111011  1   111111 1111111111110    00111011001101100100010111000000000000000  0000000000000                              
                          000000001 010000 01 1   11111  111111111111100001111111111000000000000000000000000000000   000000000000000                            
                              0    1010000000011  1111111111111111111111111110010000000000000000000000        00000  000000000000000                            
                                  0 0 0000000010001110011100000011110000000010000000000000010000                   0000000000000000000                          
                                   00110000011111101100000010011000000000000000001111100000000000000                  0000000000000000                          
                                    10 000011111 1 0 11111110111001111111 1111110000  00000000000000                      000000000000                          
                                    001101111110       000000000000000000                00000000000                            00000000                        
                                      0 111111             0000000000000                     0011111                                                            
                                        0 11                100000011111                                                                                        
                                                             110111111                                                                                          
                                                              0111111111                                                                                        
                                                                011110                                                                                          
                                                                  0011                                                                                          
                                                                                                                                                                
                                                                                                                                                                
                                                                                                                                                                
                                                                                                                                                                
                                                                                                                                                                
