                                                                                                                                                                
                                                                                                                                                                
                                                                                                                                                                
                                                                                                                                                                
                                                                                                                                                                
                                                                                                                                                                
                                                                      00                                                                                        
                                                                  001111                                                                                        
                                                               01111100011                                                                                      
                                                            010000000110001100                                                                                  
                                                         0110000000000000000011001                                                                              
                                             000000    0000 00000000000000000000000000011111                                     00011111111                    
                                  00111111111111111100          00000000000 00000000000000000011                            001111111111111111                  
                          0001111111111111111111111111          0001111000000000      00000000000000                    0111111111111111111111                  
                      01111111110000011111111111111110              111111111110          000000000000              011110000011111111111111                    
                  01111100011111111111110111111110111111          0111111101110            0000000              00111000000000111111111111 1                    
               011111111111111111111111110111111111111111       01111111101111110          0111110        011111111000000000011111111111 1                      
            0 111100111111110011110000011100111111011101010     1111111111111101110      001111110       0011111111110000000011111111111                        
           111111111110      0011100111111100111111111111110  0111118100111111100110    011111111110    011011001100000000000001111111                          
           0111111111100    0001110111111110011111111110 011111111111111110  0011111100011101101111100001111101100100000000000001111                            
            00100011111111111111110111111110001111111110  0111111110011100     00110011011011001000100100000000000000000000011111111                            
               0000111111111111110011110110 01111111111100111111111111110        111001000000000000000000000000000000000000011111111                            
                 0011111111111110001111110 011111111111111001111111111111110   011111100000000000000000          000  00000001111111                            
                      0111100100011111100011111   11  111111  11111111111111001111000000000000000000                000000000001111111                          
                          0111110000000011110000 11   111111  111111111111111100000000000000000000000000              0000000011111111                          
                              0000000 8 001000000111  11111111110000001110000000000000011100000000000000                0000001111111111                        
                                         00100000000000011000000000000000000000111111100       000000000                  00000111110111                        
                                      00  10110000011111001000001101110011111111000                   00                    011111111100                        
                                           000111111111 1 011 11000000000000000                                               0111101111                        
                                            10001 111111        000   0000000000                                                011111                          
                                                       1          00000000111111                                                  0  1                          
                                                      0 1            011111111 1                                                    0                           
                                                                        011111 1                                                                                
                                                                             001                                                                                
                                                                                                                                                                
                                                                                                                                                                
                                                                                                                                                                
                                                                                                                                                                
                                                                                                                                                                
                                                                                                                                                                
