                                                                                                                                                                
                                                                                                                                                                
                                                                                                                                                                
                                                                                                                                                                
                                                                                                                                                                
                                                                     001                                                                                        
                                                                   011 1                                                                                        
                                                                011110001                                                                                       
                                                              0100110011100110                                                                                  
                                                            01000000110001100011100111                                                                          
                                                          0100000000000000001000000000000111                                                                    
                                                         010 00 00000000 0000 00000000000000000011                                                              
                                            0000011100           000110000000000000   0000000000000011                                                          
                                      001111111118111111            01111111111110           00000000011                              00000000                  
                                 00111111111111111181111              111111111110            0000000                      00011111111111111111111110000        
                            0111111100111111111111111111000         0111111111111100         0111111                0001111100000000001100000000000000          
                        011111111101000000011111111111111181       1110111101110011100      01111110        00811111111000000000000011111110000000              
                     01111000011111111111110011110111111111100    01111111111111110111     01110111110     0011111111111000000000011111111100000                
                   01110111111111111111011110001111111111001110   01111810011100011111100001101110111100  011111100110100000000011111111111100                  
                01111001110110000001100011111100111001101110011111111111111110    0011111101001101100111111111111110110000000000011111111100                    
               11111110110     0 00111011111110 01111111110   011111111111110       0110011000000000000000000000000000000000000000111111                        
              0111111111100   00001111011111110 0111111111100011111111111111110    011111000000000000000000000000000000000000011111110                          
                000001111111100011111101111011 00111111111111100111111111111111100011000000000000000000             00  00000011111111                          
                101000001111111111111001100110 01111  11111111111 1111111111111111100000000000000000 0000000          0000000001111111                          
                    00001111110111110011111100011111  11  1111111 111111111111000000000000111000000000000000           000000001111111                          
                         00011110000000000001111100001111 111111111110000000000000011111100       0000000000            010000111111111                         
                               00001100000111010000000001111111000000000011000111111000               000111             010101111111110                        
                                     001     0110000001111     1000001101000000000                                        01111111101111                        
                                        0000000 100001111111  8811110000000000000000                                        111111110011                        
                                        10000000110111111111        0000000000001111                                         01111011100                        
                                        000000  0111111111            00000100111111                                           1111001                          
                                          0         1111 1                0011111111                                            011100                          
                                                      0 1                      001 1                                              01 1                          
                                                                                                                                                                
                                                                                                                                                                
                                                                                                                                                                
                                                                                                                                                                
                                                                                                                                                                
                                                                                                                                                                
                                                                                                                                                                
