                                                                                                                                                                
                                                                                                                                                                
                                                                                                                                                                
                                                                                                                                                                
                                                                                                                                                                
                                                                                                                                                                
                                                                                                                                                                
                                                                                                                                                                
                                                              0000111111                                                           001                          
                                                         00110000000111111                                                      0111                            
                                   000011111111110    001000000000000011111111                                                011000                            
                          00001111111111111118111110          000000000000011111                                            11000000                            
                     0111111111100111111111111181111          00000000000000000011 1                                      1100000000                            
                001111110011111100001111111111111110            0111110000000000000111 1                                110000000000                            
              0111111111111111111111111011111111110111          0 111111111110     000001111 1                        110000000000                              
           11111001110110000111110011110011111111111110      01111111111111100         000000011 1                  11100000000000                              
         011111111110      01111001111110011111111101110    01111118111111110            00000000111             01100000000000000                              
          11111111110    0 00111011111111 011111111111100  0111111111001110110           0000000               0110000000000000000                              
          0111001111110000111111011111111 0111111110  01111111111100111111111110       001111100       0000011110000000000000000                                
             000011111111111111001111111  0111111110  01111011111111110000111110     0111011110         11111111000  000000000                                  
              0001111111111111001111111 001181111111111111111111111000    01111100000111111111000     00011000100000 000000000                                  
                   0011111111011111110001111  1111111101111111111111        1100111110011100111110  0011111100000000000000000000                                
                      0 11111111110000111001  1   111111 1111111111110    001110110011011011001101111100110000000000 00000000000                                
                           00000001 010000 01 1   11111 11111111111111000111111111110000000000000000000000000000000  0000000000000                              
                              0    10100000000011 1111111111111111111111111110000000000000000000000000000000000000   000000000000000                            
                                  0 011000000111000110001100000011100000000010000000000000010000                  000000000000000000                            
                                    00 000001111  101000001100110000000000000000011111000000000                     000000000000000000                          
                                     011011111111 11111111100000011111111 111111000  000000000000000                    000000000000                            
                                      0111111111         000000000000000                0000000000                          0000000000                          
                                      0 1 1111             0000000000000                    011111                                                              
                                         0 1               0100000111111                         000                                                            
                                                            0110111111                                                                                          
                                                              11111111                                                                                          
                                                               01111                                                                                            
                                                                  01 1                                                                                          
                                                                                                                                                                
                                                                                                                                                                
                                                                                                                                                                
                                                                                                                                                                
                                                                                                                                                                
