                                                                                                                                                                
                                                                                                                                                                
                                                                                                                                                                
                                                                                                                                                                
                                                                                                                                                                
                                                                                                                                                                
                                                                                                                                                                
                                                                         00000 0                                                                                
                                                                  000111111111                                                         0                        
                                                             0011000000000111111                                                     1                          
                                          000001011110    000000000000000000111111                                                0 00                          
                                  0001111111111111811111 0         00000000000001111                                              1000                          
                           00111111110111111111181118111            0010000000000000111                                         100000                          
                       01111111111110000011111111111111100            1111111000000000001111                                  11000000                          
                   011111111111111111111111001111111111011 0         08111111111110    000001111 0                          0100000000                          
                00111001111111111111111111110011101111111110      0111111111111110         000001111 0                    011000000000                          
              011111101110     001111011111110011111111101110    01111111110111110            0000000111                01100000000000                          
             111011111110       011110111111110011111111111110  0111111111101101110            00000000011            1110000000000000                          
               0110111111000000011111011111111001111111110 0111111111100011111111111         01110000              01100000000000000                            
              10000001111111111111110011111110 01111111110 01111011111111110 0111111     00011111110        001111111000000000000000                            
                00000111111111111110011111110 011111111111111111111111110     01111110000111111111100       011111011000  00000000                              
                   0001111111111110111111110001111  111111111111111111111       0110111111101110111110    011001100100000000000000                              
                        0011111111111111000011100      111111  111111111110   001110111011111101101111000011111011000000 00000000000                            
                            0 1111000000001110000001111111    1111111111111000111111111110000100100110011000000000000000 00000000000                            
                                 0011  1  000100000011111     1111111111111111111111100100000000000000000000000000000000 0000000000000                          
                                            00110001111111  88  0000111100000000110000000000000000000000000     000000   000000000000000                        
                                          00 1011111111111    1810011000000000000000000000001100000                   000000000000000000                        
                                             00000111111    1118 011101111111111111111110000000000000000                 000000000000000                        
                                              0000000011    8811 00000000000000000         0000000000111                    000000000000                        
                                                 0          0 1 10 00000000                  000000011                          0000000000                      
                                                               00 0000000111                   0011111                                0000                      
                                                                0100000011 1                       000                                                          
                                                                  10000111                                                                                      
                                                                   1100011                                                                                      
                                                                    0111                                                                                        
                                                                      01                                                                                        
                                                                                                                                                                
                                                                                                                                                                
                                                                                                                                                                
                                                                                                                                                                
