                                                                                                                                                                
                                                              00                                                                                                
                                                           01110                                                                                                
                                                         0100100001110                                                                                          
                                                       0100000001000000000                                                                                      
                                                      11000000000000000000011111                                                                                
                                                    010 00 000  000  00000000000011                                                                             
                                     1         000000      000000000000000000000000011 1                                                                        
                                  0 111111111110            00001111111111110      0000111 0                                                                    
                                  110011111111111100            011111111110          000011 0                                                                  
                                  0111111111111111100           011111101110             00011 0                                                                
                                 11111118111111011110000       011111100110110           0000011                                                                
                               111111111111111111101110110     0111111001111110        011110000                                                                
                             1110111111111111011011011011100    1011000100010010    00111111110 01                                                              
                           1110011100000000000100100100100110000101100000  0110100001111111100                                                                  
                         0110111110000000000110001001000010001110010010      0000001111101110                                                                   
                      0011011111110000000001001000000011000  00000000000     0000000000011111       110                                                         
                     0111111111100000011100000000000010010000000000000000   000000000000000110  01011110                                                        
                     0111111111000011000000000010000 00000000000000000000000000000000000000001111111111110                                                      
                     0111111111111111000000000000000 0000000000000000000000011111100000000000001111111111110                                                    
                     111111111111100     00000000000 0000000000000000111110000        00 000000011111111100110                                                  
                    01111111100000     0 00000000000000000110100010000                 0000000  01011111100001 0                                                
                    111111111000000000000000000000000  000000111100       0000          000000    0010110000000110                                              
                   011111000000000000000000000000000000000001111  100000000000           01011     00000000000000111                                            
                     000000000000000000110000000      011111011111 11000000000            0  0     000000011111110001100                                        
                      00000000 0000                      001111111 1  000000                       0000101011111110000001100                                    
                                                              001 111 0 0000                      0001111111111111110000000001                                  
                                                                          00                      11111111111111111111 0                                        
                                                                                                 1111111111                                                     
                                                                                                01111111                                                        
                                                                                                11111111                                                        
                                                                                                11111111                                                        
                                                                                               011111111                                                        
                                                                                               1111111                                                          
                                                                                               1111111                                                          
                                                                                               0111                                                             
                                                                                                 1                                                              
                                                                                                                                                                
                                                                                                                                                                
                                                                                                                                                                
