                                                                                                                                                                
                                                                                                                                                                
                                                                                                                                                                
                                                                                                                                                                
                                                                                                                                                                
                                                                                                                                                                
                                                                     001                                                                                        
                                                                 00111                                                                                          
                                                              011111001110                                                                                      
                                                           0100000001100011000                                                                                  
                                                         11000000000000000001100001111                                                                          
                                               000    0000  0000000 00000000000000000001111111                                       0000111111000              
                                   0011111111111111100         000000000000 0000000000000000000111                            0011111111111111                  
                            00011111111111111111111111            01111111100000       0000000000000                     011111111111111111111                  
                       0011111111000111111111111111110             1111111111110           00000000000               01111000001111111111111                    
                   0011111000111110000110111111110111111          01111111011100           0100000               001110000000000111111111111                    
                 11111111111111111111111100111111111111110      011111110011111110         0111110        01111111110000000000111111111111                      
             0011100111111111111111000111100111111001101010     1111111111111111110      0011011100      0011111111110000000011111111111                        
            11111110110       0011001111111001111111111111100 0010118100111001110110   0011111111111    01101100110000000000001111111111                        
           111011111110      000111011111110 01111111110 001111111111111110   011111101111001101111110001111101100100000000000000011                            
            11110011111100000111110011111110 01111111110  011111111101110       0110011011001000000100100000000000000000000011111111                            
              00000011111111111111011111110 001111111101001111111111111110      0111001000000000000000000000000000000000000011111111                            
                00011111111111111001110111 001111111111111001111111111111110   011111100000000000000000          0000000000001111111                            
                    001110001111011111110 011111  11  1111111 11111111111111111111000000000000000000                00000000001111111                           
                        0011110000110000011110001 11  111111  111111111111100000000000000000000000000000              0000000111111111                          
                            0000000000 81010000 011111 1111111110000001110000000000001111000000000000000                00000011111111                          
                                 00  1   0010000000000001100000000000000000100111111100        000000011                 000001111101111                        
                                      0   1011000000111100110000111111101111110000                                         01111111100                          
                                          00001110011111 10    10000000000000000                                             011110111                          
                                           100001 111111        0000  0000000011                                               1111111                          
                                                  0  111           0000000111111                                                01 111                          
                                                      1              00111111111                                                  0                             
                                                                         01111 1                                                    0                           
                                                                              00                                                                                
                                                                                                                                                                
                                                                                                                                                                
                                                                                                                                                                
                                                                                                                                                                
                                                                                                                                                                
                                                                                                                                                                
