                                                                                                                                                                
                                                                                                                                                                
                                                                                                                                                                
                                                                                                                                                                
                                                                                                                                                                
                                                                                                                                                                
                                                                                                                                                                
                                                                                                                                    0011                        
                                                                         000                                                   00111111111                      
                                                                   001111111                                                001111111111                        
                                                               00110000001111111                                          01111111111111                        
                                                           01110000000000001111111 1                                    1100011111111111                        
                                    00111111111111111100  000    000000000000001000011                                111000001111111111                        
                           00011111111111111111111111111          000000000000000000000001111111                    011000000011111100                          
                       011111111100000011111111111111111            0011110000000000000000000000000111            01100000000111111111                          
                   011111111111111111111111111111111111000            111111111110        00000000000000        011000000000000111111                           
               0011100111111111111111111110011111111111118        000111111111110             000000         011110000000000000000                              
              11111111110    0001111000011100111111111111100     01111111111111110           0010000      001111111000000000000000                              
             01101111110       0111101111111 011111111101111    01111111110011001110        01111110       010100100000 000000000000                            
              11100111110000000111100111111100111111101100111000111118100111111111110     001100111000    0111100000000 000000011000                            
                0010011111111111111011111111 01111111110   111111111111111100001111110  0001101100111100001001000000000  00000000000001                         
                 00011111111111111001110110 00111111111100011111111100111000   001111111111100100100100000000000000000   000000000000000                        
                      01111111111011111110 0111111111111111111111111111110       011101100110000000000000001000000 00000000000000000000000                      
                        001111100111111100111111  11  1111111111111111111110    0111111100000000000000000               000000000000000000                      
                            00110000000111110001 11   111111  1111111111111100011110010000000000000000                      00000000000000                      
                                00    81010000 01111  1111111111111111111111111110000000000000010000000000                      00000000000                     
                                         01000000001111111111110000001111000000000000000011110000000000000                           0000100                    
                                        001100000011110010000000000000000000000000001111100 00000000000000                                0011                  
                                            1000111111 10 1111111111110111111111111000            00000000                                                      
                                            1 11111111  000011000000000000000000                                                                                
                                            00  1111             0  000000000000                                                                                
                                                  11              000000001111                                                                                  
                                                                   01100111111                                                                                  
                                                                     011111111                                                                                  
                                                                        0111 1                                                                                  
                                                                             0                                                                                  
                                                                                                                                                                
                                                                                                                                                                
                                                                                                                                                                
                                                                                                                                                                
