                                                                                                                                                                
                                                                                                                                                                
                                                                                                                                                                
                                                                                                                                                                
                                                                                                                                                                
                                                                                                                                                                
                                                                                                                                        00                      
                                                                                                                                   01111                        
                                                                            00                                                 001111100                        
                                                                   000111111                                                 01110011111                        
                                                              0000000000111111                                             11100011111                          
                                           0000000000      01100000000000001111111                                       1100011110000                          
                                000011111111111111111110          000000000000011111                                    11000011001111                          
                          011111111111111111111111181111          0000000000000000000111                              11000000001100                            
                     00111111011111000001111111111111110            001111000000000000000001111111                  0100000000110000                            
                  0111111111111111111111110111111111111110          0 111111111000      00000000000011            011000000000000100                            
               1111100111111111111111111110011111111111111        001111111111110            00000000000         11000000000000000                              
             11111111110     0 01111011111100111111111101110     11111111111111110            00000          011110000 00000000000                              
             01101111110      00111001111111 011111111111110    0111111110001101110         00110110      0011111010000 0000000000                              
              0110011111100000111110111111110011111111100011100111111100011111111111      000111111        011100000000 0000000000                              
                0010011111111111110011111110 01111111110  011111111111111110001111110    0111111111000    0111100000000 000000000000                            
                 00011111111111110011110110 011181111111001111111110011100    01111111010111011101111000001001000000000  0000000000000                          
                      001111111100111111100111111111111111111111111111110       01100110011011001100100000000000000000    00000000000000                        
                          011111111110000111101   1  1111111 11111111111110    00111011100000000000000000010000000 000000000000000000000                        
                             00000000011110000 0     1111111 1111111111111100011111110000000000000000000               0000000000000000000                      
                                0   111 001000000111  11111111111111111111111111100000000000000001000                       00000000000000                      
                                    0    01100000001110011111100000011110000000001000000000000000000000000                       00000000000                    
                                          011000011111 1000000010000000000000000000111111100000  0000000                                  0000                  
                                              11111111   011111111111011111111111111000      00000000000                                                        
                                              0 111111  1 000000000000000000000                  0000011                                                        
                                                01   1         00 000000000000                                                                                  
                                                  0             010000000111                                                                                    
                                                                 01100111111                                                                                    
                                                                   011111111                                                                                    
                                                                     01111                                                                                      
                                                                        00                                                                                      
                                                                                                                                                                
                                                                                                                                                                
                                                                                                                                                                
                                                                                                                                                                
