                                                                                                                                                                
                                                                                                                                                                
                                                                                                                                                                
                                                                                                                                                                
                                                                                                                                                                
                                                                         000                                                                                    
                                                                    000111                                                                                      
                                                                 01111110000                                                                                    
                                                               11000000011111011                                                                                
                                                            01100000000000001110111                                                                             
                                                          0110 0000000000000000000001111                                                                        
                                                  0000    0        0000000000000000000001111 1                                                    11            
                                          00111111111111            0011111000000000  0000000111 1                                              1 00            
                                     011111111111181181110            0 111111111110        00000111 0                                      011100              
                                 001111111111111111111111000          0111111111110             00000111                                00110000                
                             01111110000011111111111101111111       0111111111111111            0000000011                          001100000000                
                          0111100111110000111001111111111111100     111111111111011110        01111000    00                   00111000000000000                
                       01111001111111111111111000110111011100110   01111810011111110110     0011111110                   001111000000000000000                  
                     0111111111111111111000011100011100110111011101111111111110  011111000001111111110        01111111111000000000000000000000                  
                   01110011110 0 0000111001111111001111111110  011110111011100    0001111111110111111110    00011111111100000000000000000000                    
                  11111101110      001110011111110 01111111110 01111111111111       011011011011011011110000111111001100000000000000000000                      
                0 111111111100  000011111011111110001111111111111011111111111110   01111111000000010011011111111111101100000000000000000                        
                  0111011111111000111111001110010 01111111111111111111111111111100111101100000000000000000000000100110100000000000000000                        
                  100100001111111111111100111111 01111   1  111111  11111111111111100000000000000000000000000000000000000000000000000000                        
                     000000111110000111001111100111000011111111111111100000111000000000000000100000000             000000000000000110000                        
                          000001111100000000001111100000001111      00000000000000011011111000000 00000000            00000000000000000000                      
                                  0 00000001  1 0001100001111111      01011001111111100         0000000111             000000000000000000000                    
                                         00   1   10111111111111    8810000000                    01111111               0100000000000000000                    
                                                  0000011111111     11 0 00                         011111                 00000000000000000                    
                                                      000000011     1111100000001111                   001                   001000000000000                    
                                                                    0000000000111111                                            000100000000                    
                                                                     0000010011111                                                  0000000000                  
                                                                        0000100001                                                          0000                
                                                                             011                                                                                
                                                                               0                                                                                
                                                                                                                                                                
                                                                                                                                                                
                                                                                                                                                                
                                                                                                                                                                
                                                                                                                                                                
