                                                                                                                                                                
                                                                                                                                                                
                                                                                                                                                                
                                                                                                                                                                
                                                                                                                                                                
                                                                                                                                                                
                                                                                                                                        00                      
                                                                                                                                   00111                        
                                                                             0                                                  011110                          
                                                                   00011111111                                                01100000                          
                                                             00110000000111111                                              1100001111                          
                                         000000000000      01000000000000001111111                                        110000110000                          
                               0000111111111111118111110          000000000000011111                                    0 000001000110                          
                         0011111111100111111111811181111          0000000000000000000111                                100000000110                            
                    001111110001111100001111111111111110            0111110000000000000000111111 0                   011000000010000                            
                  0111111111111111111111110111111111111111          0 111111111010     0000000001111 1              1100000000000000                            
               1111100111110100111111111110011111111111111       0011111111111110            00000001111          1100000000000000                              
              1111111110     0 11111011111100111111111101110    011111181111111100            000000           0111000000000000000                              
             01111111110    0 001110011111110011111111111110    1111111110011101110         00110000      001111111000  0000000000                              
              0110001111100000111110111111110011111111100011111111111100111111111110      000111110        011010000000 0000000000                              
                0010111111111111110011111110 01111111110  011110111111111100001111110    011110111100     0110100000000 000000000000                            
                 00011111111111110011111110 011111111111001111111111111100    011111100001110110011110   01111001000000 00000000000000                          
                      00111111110011111110011111  11111111011111111111110       011001101100110010011010000000000000000  000000000000000                        
                          011111111110000111001   1  1111111 1111111111111    0011110110001000000000000000000000000000   000000000000000                        
                             000000001 1110000 011   1111111 1111111111111100011111110000000000000000000000           00000000000000000000                      
                                    111 0010000000111111111111111111111111111111100000000000000000000                    00000000000000000                      
                                          0 10000011111100111100000011110000000000000000000001000000   0                     0000000000000                      
                                          001100011111   00000010001000000000000000101111110000000000000                            0000000000                  
                                             011111111  1 01111111110011111111111111000     000000000000                                                        
                                                1 111    100000000000000000000                 000111110                                                        
                                                  111          00 000000000000                       000                                                        
                                                                100000001111                                                                                    
                                                                 11001111111                                                                                    
                                                                  0111111111                                                                                    
                                                                    011110                                                                                      
                                                                       011                                                                                      
                                                                                                                                                                
                                                                                                                                                                
                                                                                                                                                                
                                                                                                                                                                
