                                                                                                                                                                
                                                                                                                                                                
                                                                                                                                                                
                                                                                                                                                                
                                                                                                                                                                
                                                               000011111                                                                                        
                                  00000000               000100111111110                                                                                        
                    000111111111111111111111111110    00100000000000011111                                                                                      
               0111111111111100000111111111111111110        000000000000111111                                                                                  
          0011111111111111111111111111111111111111           00000000000000111                                                                                  
        111111101100  000111111111110011111111111000          00110000000000001111                                                                              
        0101111110       111110110110011111111111111          0 11111110000000000111                                                                            
        01100111110000000111101111111 01111111111110       000181111111111000000000011 0                                                                        
          010011111111111111011111111 01111111111111     0111111111111111100     0000011 1                                                                      
           00111111111111110011111110 0111111111001100 0011111111100111110          000011                                                                      
              0111111111110011111100 01111111110  0111111111110101111111110           000011                                                                    
                  1111111011111110 00111111111100011111011111111111111111110           0000011 1                                                                
                    111111111100001111   11111111111111111101110100  1111110        011100000111 0                                                              
                      0000000101111001   1  11111111111111111110     0111110  00011111111110  000                                        001 0                  
                        0  111110000 01     111111  111111111111       1111111111111111110                                         0011110                      
                            11000000001 1   111111  1111111111111   00111101101111111111100        0                    0000000000000000                        
                            100000000001111111111111111111111111111111111111111111101111111     0001111000000000111111100000000000000000                        
                          0 0000001011101110011001110001111111111111111111111101111111111110 00011111111111110000000000000000000000000                          
                           0111010111111101 1111000011000101110001000011000000000000001011111111111111111110100000000000000000000000                            
                           0111011111   100000011 11111111000010000000000000000000000000000000111111110110000000000000000000000000                              
                           111 0  1 1 11           0000000001111111 111111111110000000000000010001111101100000000000000000000000                                
                           1        11              000000000       000000    000000000         0000000010000000000000000000                                    
                           1                        01000000000                 00000000000        000000000000000000000                                        
                                                      010111111 1                000001111           0000000000000111000                                        
                                                      11111111   1                01111111            000000000001111110                                        
                                                      11111  1                      0111               00000000000011110                                        
                                                        11   1                        01                010000000110000000                                      
                                                        1                                                01000000000000000                                      
                                                                                                           100000000000000                                      
                                                                                                            01000000000000                                      
                                                                                                              011000000000                                      
                                                                                                                01100000                                        
                                                                                                                   01100                                        
                                                                                                                      0000                                      
                                                                                                                                                                
