                                                                                                                                                                
                                                                                                                                                                
                                                                                                                                                                
                                                                                                                                                                
                                                                                                                                                                
                                                                        00                                                                                      
                                                                  00011111                                                                                      
                                                               01111110000                                                                                      
                                                           0010000000011111000                                                                                  
                                                         0110000000000000001101111                                                                              
                                             0000000    000    00000000000000000000011                                                                          
                                    001111111111111111           0001000000000000000001111                                                                      
                               00011111111111118118111 0            111111110000000000000011                                                  00                
                          00111111100011111111111111111000          11111111111100     00000001111                                        001100                
                       01111110111110000111111111111111111       011111111111110           000000111 0                                00110000                  
                    0111100111111111111111100111111111111100    01111118110111111            000000011                            001100000000                  
                 01111111111111111111100011100111111111101110   0111111111111111100         000000000011                      00111000000000                    
               011110011100   00011110011111110011011111100110001111110011111110011        01111110                       001110000000000000                    
             011111111110       0011100111111100111111111   111111111111110  0111110    0111111110                   001111000000000000000 0                    
            011111111111100  000011110011111110 0111111010 01111111111110     001111111111111111110       0 111111111100000000000000000000                      
               0010011111111111111111011111111 001811111111111111111111110      01101111101111111111     00011111111110000000000000000000                       
              1000000 01111111111111000111111 00111111111111111111111111111   0111111111111111111111000011111110111010000000000000000000                        
                 000001111111111111001111110 00111  11  111111  1111111111110111111111110000001111111111111111110110000000000000000000                          
                     0 0001110000001111110 001100 0111  1111111111111111111111111111000000000000000000000100111110110000000000000000                            
                            0 111111000000001100000000111111111110000111100000000100000000000000000000000000000000000000000000100000                            
                                  000 1     01100000011111    000000010000000000000001111000000000           00000000000000000001100                            
                                      00001  0110000111111  88  01111101111111  1111000000000000000000           000000000000000000000                          
                                      00000000001111111111  1118000000000000              000000001111             000000000000000000000                        
                                       1000000000111111111     1000 000                     0111111111               0000000000000000000                        
                                        000000      011   1    11 000000011111                001111                   01000000000000000                        
                                                                 0000001111111                    01                     010000000000000                        
                                                                00000101111110                                             0011000000000                        
                                                                  0000011100                                                   001100000                        
                                                                      0001 1                                                       0000110                      
                                                                          01                                                                                    
                                                                                                                                                                
                                                                                                                                                                
                                                                                                                                                                
                                                                                                                                                                
                                                                                                                                                                
