                                                                                                                                                                
                                                                                                                                                                
                                                                                                                                                                
                                                                                                                                                                
                                                              0000111                                                                                           
                             0000000000                0000111111111                                                                                            
               0001111111111111111111111111110     001000000000000111111                                                                                        
           0111111111011100000011111111111111110    0   000000000000001111                                                                                      
       11111011111111111111111111111111111111111         0000000000000011111                                                                                    
      111111110001 00011111111111011111111111100          0011000000000000000011                                                                                
     0100111110      011110000111011111111111111            181111100000000000000011 0                                                                          
      000011111000000011101111111001111110111111        000 1111111111100    00000000011                                                                        
       000011111111111110011111110011111111111110     018111111111111100        000000000001                                                                    
        0011111111111110011111110 011111111111110    01111111101011111             00000000011                                                                  
            01111111110011111110 001111111110 01111111111811111111111110           00000000000                                                                  
              011111101111111000011181111111  011111111111111111111111110        01111110                       001111111111111111111100                        
                01111111110000011118  1111111111111111100111110  01111110     0011111110                 000111110000001111111111111111    0                    
                   0000000111111001      1111111111111111111      01111110000011111111100       00811111111000000000001111111111111111 1                        
                      1  1801000000111  1111111 8111111111110       0110111111101110011110    0111111111111100000000001111111111111111                          
                            010000000111111111  11111111111111    0111101110111011011011110000111111101100100000000001111111111111 1                            
                            0 10000111111   111111111111111111111111111111110000000000011011111111111101100000000000111111111111                                
                               101111111     101100010111111111111111011000000000000000000000000000000000000000000001111111111                                  
                               11111111     11000100000000000000000010000000000000000000000000 000000000000000000111111111                                      
                                0 1111   111811111111110000110001100000000111100000000000             0000 000000111111101                                      
                                      1       000000000000111111111111110000000000  00000000            0000000000111111                                        
                                           1      000000000000000000             00000000000              000000001111111                                       
                                                   1000000111111                    001111                 000000111111111                                      
                                                    0111111111  11                        0                  0000011111111                                      
                                                      01111111                                                010011111111                                      
                                                         011 1                                                  1111111111                                      
                                                                                                                 111111111                                      
                                                                                                                  01111  1                                      
                                                                                                                   0 111                                        
                                                                                                                    0  1                                        
                                                                                                                      1                                         
                                                                                                                      01                                        
                                                                                                                                                                
                                                                                                                                                                
                                                                                                                                                                
                                                                                                                                                                
