                                                                                                                                                                
                                                                                                                                                                
                                                                                                                                                                
                                                                                                                                                                
                                                                                                                                                                
                                                                                                                                                                
                                                                                                                                                                
                                                                        00                                                                                      
                                                             00001111111                                                             00                         
                                                        001110000000011111                                                        0110                          
                                  0000111111111110    0000 0000000000001111111                                                  1100                            
                          00011111111111111118111111          000000000000011111                                             0110000                            
                    00111111111100011111111111181111          00000000000000000011 1                                        11000000                            
                001111100011111100001111111111111110 0          0111110100000000000111 1                                 01100000000                            
              0111111111111111111111111011111111110111          0 111111111110     00000111110                         0110000000000                            
           11111001110110000111100001110011111111111110      01111111111111100         000000111                     011000000000000                            
         111111111110      01111001111110011111111101110    01111118110111110            0000000011                111000000000000                              
          11111111110    0 00111011111111 011111111111110  01111111111111101100          000000000              011000000000000000                              
          1110001111111000111111011111111 0111111110  0111111111110111111110111        011111100           0011110000000000000000                               
             000011111111111111001111111  0111111110  01111011111111110  0111110    01111011110         18111111000 000000000000                                
               001111111111111001111111 0011111111111111111111111110      0111110000111111011100      00111000100000 000000000                                  
                   0011111111011111110001111  1111111111111111111111        110011111001110111110    0111110000000000000000000                                  
                      0 11111111110000111001  1   111111 1111111111110    011110110011011011001111101100110110000000000000000000                                
                           00000001 011000 01111  11111111111111111111100111111111100000000000000000000000000000000  0000000000000                              
                              0     101000000001111111111111111111111111111100000000000000000000000000000000000000  0000000000000000                            
                                  0 10100000011111001000000000001110000000000000000000000001000                 00000000000000000000                            
                                     001000011111   010000110111000010000000001011111100000000                     0000000000000000000                          
                                      011011111111 111111100000001111111  111110000  0000  000000000                  000000000000000                           
                                       0111111 1         000000000000000                0000000000                        0000000000                            
                                        0   1111           0000000000000                   0011111                             000000000                        
                                             1             010000011111                        000                                                              
                                            0               0111111111                                                                                          
                                                              11111111                                                                                          
                                                               01111                                                                                            
                                                                  01 1                                                                                          
                                                                                                                                                                
                                                                                                                                                                
                                                                                                                                                                
                                                                                                                                                                
                                                                                                                                                                
