                                                                                                                                                                
                                                                                                                                                                
                                                                0                                                                                               
                                                               100                                                                                              
                                                              101000100000                                                                                      
                                                            10010010001000000000000111                                                                          
                                                            0000000000000000000000000000000011                                                                  
                                                         01000 000 00  000 00  000 000000000000111                                                              
                                  1                     01000 00  0  00000000000           000000001 1                                                          
                                 1 1                01111      00000111011111110             0000000011                                                         
                                0 11 1111       0110000000      0000011111101110            01100000  00                                                        
                                11111111110001111110                 1111110000110         011111110                                                            
                                  01011000111111118111100            011110001001110     001101110        00                                                    
                                 110000011111188111111111           011001000011100100 0011001011100        110                                                 
                                  0101111111881111110111110000      01111000100 00100000000000000011    00001111100                                             
                                   11111118111111111101001101110     001110000     000000000000000000000011111111111110                                         
                                 11000111111111111011011011011001000010110000      0000000000000000000000000010111110011110                                     
                               111011110000000000000001001100000000010000000000   00000000000000000000000000000000000000001110                                  
                            101101111110000000000100001000001000   00000000000000000111000 000000 000000   0000000000000000011 0                                
                       88 011100111111000000000110010000000001000  0000000000000011100         000000000     0000000000000111111 0                              
                        0 111011111100000011100000000000 0000000000000000000011100                0000         0000000000011111111                              
                          111111110000011000000000010000  00000000000000000100    00                  0         000000001111111111 0                            
                         0111111100001111000000000000000  000000100000000000   00000                            0000011111111111111                             
                         101111111001100     00000000000 000010000011   100  0000000 0                          0000111111111111111 1                           
                        11111111100000     0 00000 00000 00 0000001111     100000000                            000111111 11111111  1                           
                        111111111000000  000000000000000000  00001111111     100000000                           1111111 00   1     11                          
                       0111100000000000000000000000000 0  01100000111111                                         11111            1111                          
                         00000000000000000000000            011111111111                                        011111               8                          
                                   00                           001111 1  1                                     1111  1                                         
                                                                                                                11111                                           
                                                                                                                11 1                                            
                                                                                                              0                                                 
                                                                                                              8                                                 
                                                                                                             8                                                  
                                                                                                                                                                
                                                                                                                                                                
                                                                                                                                                                
                                                                                                                                                                
                                                                                                                                                                
                                                                                                                                                                
