                                                                                                                                                                
                                                                                                                                                                
                                                                                                                                                                
                                                                                                                                                                
                                                                                                                                                                
                                                                                                                                                                
                                                                                                                                  00                            
                                                                                                                               011                              
                                                                          000000                                             11000                              
                                                                  00001111111111                                            100000                              
                                                              011100000000011111                                          11000000                              
                                    00011111111111111110 0  000   000000000001111111                                      00000000                              
                           0011111111111111111111111111111          000000000000011111 1                                1000000000                              
                       01111111111110000011111111111111110          0000100000000000000111 1                          0 0000000000                              
                   00111111111111111111111101111111101111000          0111111100000000000000011111 0                  100000000000                              
                01111001111111101111111111110011111111111111        0018111111111100      000000000111              11000000000000                              
              111111111110      01111000111110011111101111110     0011111111111111             00000000111        01000000000000                                
               11111111110      001110111111100111111111101110    011111111001101110           0000000          0110000000000000                                
              00010011111100000011111011111111 01111111111011100001111111111011101110         0110000       0111110000  00000000                                
               00001 0111111111111110111111110 01111111110  01111111111100111011100110      001111110        0100000000 00000000                                
                   0011111111111111001111111  011111111010 011111111101111110  01111100   0011110110000     11010000000 0000000000                              
                      001111111111011111110 001111111111111111111111111110      001001111111100110011110  0000000000000  0000000000                             
                         001111111111111000011111   11111111111111111111110       1110111011001100100100000000000000000  00000000000                            
                              0110000000111110000111   11111   1111111111111    01111111100000000000000000000000000000   0000000000000                          
                                 011   18 001000000011111111111111111111111111111111111000000000000000000000          0000000000000000                          
                                           00110000011111    11111111111111111111110000000000000000000                   0000000000000                          
                                        0 1  1111100111111  88100000011110000000001000000000000100000                        0000000000                         
                                             000111111111   11 1000111000010000100001111 11100000000000000                          000                         
                                                 00 1111    1111000000011111111  1111000     0000000000000                                                      
                                                    000    1888800000000000000                  00001000                                                        
                                                                00 00000000000                       00000                                                      
                                                                 00000001111                                                                                    
                                                                  0000001111                                                                                    
                                                                    11101111                                                                                    
                                                                     01111                                                                                      
                                                                        01                                                                                      
                                                                                                                                                                
                                                                                                                                                                
                                                                                                                                                                
                                                                                                                                                                
