                                                                                                                                                                
                                                                                                                                                                
                                                                                                                                                                
                                                                                                                                                                
                                                             000000000                                                                                          
                  000011111111111111111111000        000011111111111                                                                                            
            0011111111111110001111111111111111    0000000000000011111                                                                                           
       001111111111111111110000111111111118111 0         000000000111111                                                                                        
    111111100111111111111111111111111111111111           00000000000011111                                                                                      
    0 011111110      011111111111011111111111100          01110000000000111                                                                                     
    00100111110      011110111111001111111111111          11111111000000001111                                                                                  
    00000011111000000111101111111001111111111110      000111111111111100 0000011 1                                               00000                          
      0001111111111111110011111110 1111111111111     0111111111111111000     000011110                                   001111111                              
      0   01111111111110011111110 01111111110011000011111111100110111           00001111                            00111110000000                              
            01111111110011111110 01111111110  011111111110101111111110            00000001                      0111111101111111                                
              011111111111111000111111111110001111111111111111011111110          00000000011                 0111000001111111111                                
                  1110010000001111   1111111111111111101110000  0111110     0  01111000                   01110000000111111111                                  
                    01100 011110001 1   1111111111111111110     0111110000001111111110                001110000000001111111100                                  
                      0 1 1100000 1 1   111111  111111111110      11011111111011111110        011111111100000000000011111000                                    
                         01000000000111 11111111111111111111    01110011011111111011111     00011111001000000000000011111111                                    
                          100000011111100111111111111111111111111111111111110110110111100 000110110010000000000000000000                                        
                         811010111111   100000000000011111111111111111011000000000001101111100110010000000 00000000000                                          
                         81111111111  18 01110011001000000000000010000000000000000000000000000000000000000000000000000                                          
                          1111 11   111110000100000000111110011000000000000000000000000000000000000000000 00000001111000                                        
                          1  1       11        0000000000011111111111111111000000000               0000  000000000000000                                        
                                               00000000000000000           000 000000000              000 0000000000000000                                      
                                                100000111111 0               00000000000                000000000000000000 0                                    
                                                0101111111  11                 0111100                    000000000000000000                                    
                                                 011111110                        0011                      0000000000000000                                    
                                                   11110                                                       0000000000000                                    
                                                     01                                                            0000000                                      
                                                                                                                       00011                                    
                                                                                                                            00                                  
                                                                                                                                                                
                                                                                                                                                                
                                                                                                                                                                
                                                                                                                                                                
                                                                                                                                                                
                                                                                                                                                                
                                                                                                                                                                
