                                                                                                                                                                
                                                                                                                                                                
                                                                                                                                                                
                                                                                                                                                                
                                                                                                                                                                
                                                                                                                                                                
                                                                                                                                       000 0                    
                                                                                                                                001111                          
                                                                         00001                                               01111111111                        
                                                                   0001111111111                                          011110111111                          
                                                               0111000000001111111                                      11100011111111                          
                                           0000000000000    00100000000000000111111111                                1100001111111111                          
                                 0000111111111111111111110          0000000000000000000111 1                        0 10000011111111                            
                           0111111111100111111111111111111          000000000000000000000000011111                 11000000011111000                            
                      001111100011111000001111111111111110              1111000000000   00000000000001           0110000000000011111                            
                   01111111111111111111111110111111111111111           0111111111110          0000000000        110000000000000000                              
                011111011111100001111111111100111101111111111       011111111101110             00000       011110000 0000000000                                
              0 1011111110     0 01111011111100111111101110111     011101111001111110          010000       01111000000000000000                                
               111111111100   0000111001111111 0111111111111110   011111111110111011100       0111110       0101000000 000000000                                
               011100111111000001111101111111100111111111100011111111111100011011110111     011100110000   01000000000 0000000000000                            
                 0001 111111111111110011111110 01111111111   011110111111111110  0111110000001101100111000000000000000  000000000000                            
                    0011111111111110011111110 011111111111100111111111111110      00110111111000000000000000000000000   00000000000000                          
                        01111111110111111100011111  111111111111111111111110        111001000000000000000000000     00000000000000000000                        
                           01111111111100001111101  11  1111111 11111111111111    01111100000000000000000              00000000000000000                        
                              0000000000  111100001     111111  111111111111111001110000000000000000000                    0000000000000                        
                                  0  111111001000000111 11111111111111111111110110000000000000001100000000                     000000000                        
                                      0     10110000001111110101100000001110000000000000001111000000000000                           00000                      
                                            0 101110111111  10000010001100000100011001111100   00000000000                                                      
                                               00011111111  1 0111111111011111111  1100            0000000                                                      
                                                0100011     11 00000000000000000                                                                                
                                                          0  11   000 0000000000                                                                                
                                                                    000000011111                                                                                
                                                                     01111111111                                                                                
                                                                       011111110                                                                                
                                                                          0111                                                                                  
                                                                              00                                                                                
                                                                                                                                                                
                                                                                                                                                                
                                                                                                                                                                
                                                                                                                                                                
