                                                                                                                                                                
                                                                                                                                                                
                                                                                                                                                                
                                                                                                                                                                
                                                                                                                                                                
                                                                                                                                                                
                                                                                                                                                                
                                                                       0                                                                  00                    
                                                                00011111                                                        001111                          
                                                           000111111111111                                                  011111111111                        
                                                       001100000000000011111                                            00111111111111                          
                                  0000111111111110    000  00000000000000011111111                                    0111111111111111                          
                          00011111111111111118111110          000000000000000000001111                              111000111111111111                          
                    00111111111000011111111811181110          00011110000000000000000000001111                   0110000001111111111                            
                001111100001111100001011111111111110            0 111111110000       0000000000011             011000000001111111100                            
             00111111111111111111111110111111111110111        001811111111110            0000000000          011000000000000111111                              
           11111001100 00000111100001110011111111111110      01111111111111100           000000        000111110000000000000000000                              
         01101111111       01111011111100011111111101110    0111111110011101110         0111110       00111110100000000000000000                                
          11111111110   00001111011111110011111111111111000011118101011111111111      0011011100      00101001100000000000000000                                
           01000111111100011111001111111001111111110  011111111111111110001101110    0111111111110   011111010000000000000011100                                
             010011111111111110011111110 01111111010  01111111110111000    0111111011110011011011000010000000000000  0000000000000                              
                01111111111110001111110 01118111111111111111111111110        0110110011001000000000000000000000000   000000000000000                            
                   0011111110011111110011111  1111111101111111111111110     011110110000000000000000000000     00000000000000000000000                          
                       011111000000001111001  1   111111  11111111111110000111111100000000000000000                 000000000000000000                          
                           0000001  010000 01111  11111111111111111111111111110000000000000000000    0                 000000000000000 0                        
                              0    0100000000111111111111111000001111000000000000000000100000000000000                     00000000000                          
                                 0001000000000111100110000000000000000000000000011111100000000000000                           000000000                        
                                 1011000000011101111111000011111110011111111111100          0000000000                              0011                        
                                 1011000011111111000011111110000000000000000                                                            0                       
                                 1011111111110               0   00000000000                                                                                    
                                  01 11111 0                  000000001111                                                                                      
                                    1111 0                     01110111111 1                                                                                    
                                       0                          01111111                                                                                      
                                                                     01111                                                                                      
                                                                          0                                                                                     
                                                                                                                                                                
                                                                                                                                                                
                                                                                                                                                                
                                                                                                                                                                
                                                                                                                                                                
