                                                                                                                                                                
                                                                                                                                                                
                                                                                                                                                                
                                                                                                                                                                
                                                                                                                                                                
                                                                                                                                                                
                                                                                                                                                                
                                                                00001111                                                                                        
                                                           000111111111111                                                                                      
                                                       011100000000001111111                                                            0                       
                                 00111111111111110    000   000000000000001111                                                        01                        
                         000111111111111181111111111          000000000000000111                                                    1100                        
                    00111111111000011111111111111110            01110000000000000011 0                                           01100                          
                 0111110001111110000111111111111111000          0 1111111000000 00000111                                       0100000                          
              0111111111111111111111111011111111111118        0018111111111100      00000111 0                              0110000000                          
           11111001110 10000111100001110011111111111110     0111111111111111            00001111 0                       0110000000000                          
         111111111110      01111001111110011111111111110    011111111001101110           000000011                    01110000000000                            
          01111111110    0 0011101111111100111111011001100011111811111111111110         000000000000               01110000000000000                            
          1111011111110000111111011111111 0111111110  0111111111111111000110111      0001111110                 01110000000000000000                            
           00000 111111111111110011111110 0111111111000111111110111100   0111110  000111111110        0 11111111100000000000000000                              
               00111111111111100111111100011111111111111111111111110      0011111111110111111100      001111111100000000000000000                               
                   0011100111001111110 01111  11  11111111111111111110     0110111011011111111110   0111011001100000 00000000000                                
                      0 111111111100001110001 1   111111  1111111111110  0111111110110111111011111011111101100000000000000000000                                
                           0000000011010000000111 11111111111111111111111111111100100000000000000000000001000000000 000000000000                                
                                1     01000000011111111111100001111100010001100000000000000000000000100000000000000 00000000000000                              
                                    0 111000011111    00000000000000000000000000000000010010000            000000  00000000000000000                            
                                       01 00111111  18 01111111100011101111011111111100000000                   00000000000000000000                            
                                         1 1111111   11000000000001000111100000      0000000000001                000000000000000000                            
                                            1111         000  0 00000                  00000000110                   000000000000000                            
                                                 1        00000000000100                  011111                        000000000000                            
                                                0          01000011111                       001                            0000000000                          
                                                             101111111                                                             00000                        
                                                              111111 1                                                                                          
                                                               01110                                                                                            
                                                                 011                                                                                            
                                                                                                                                                                
                                                                                                                                                                
                                                                                                                                                                
                                                                                                                                                                
                                                                                                                                                                
