                                                                                                                                                                
                                                                                                                                                                
                                                                                                                                                                
                                                                01                                                                                              
                                                              0100000100                                                                                        
                                                             1101001000100001000110111                                                                          
                                                            1000001000000000000000000000000001                                                                  
                                                          0 0000000000 000 000 000000000000000000111                                                            
                                                         01000000  0  0000000000           00000000011                                                          
                                                      0001     00000000000100110             00000000001                                                        
                                 1 1  1 11        01110100      0000011111111110            01110000                                                            
                                  111111111000011110                 0111111001000         011111110                                                            
                                  01011101011111111111100             111110010001100    0011001110         00                                                  
                                 0100000011111111111111110           11011100011100110  0010010011110       08110                                               
                                  0100111111181111110111110000       11111000100001001000000000000000    01011111111100                                         
                                   01111111811111111111111101110     0011100000     0000000000000000000000000110111111111100                                    
                                  11001111111111110110010010011000   010110000      0000000000000000000000000000010000000011110                                 
                                11100111000010000101100101100100010001000000000    00000000000000000000000000000000000000000001110                              
                              01101111100000000000000011001000010  00000000000000000000100   0000000000000   000000000000000011111 0                            
                        1 011110111111000000000011100000000000000  00000000000000001100         00000000       000000000000111111111                            
                      18  011101111100000001110000000000000000000000000000000011100                 0000         0  00000011111111111                           
                        0 0111111110000000000000000000000 00000000000000000011000  0                             0000001111111111111111                         
                          1111111000011111000000000000000 0000000000000000000   0000                              00001111111111111111 0                        
                         1111111111011110    000000000000 0000000100111100    00000000                            000011111111111111   1                        
                        11111111000000     0 00000 00000 0000000000111    00 000000000                            00011111 10   1      8                        
                        11111111100000   00000000000000000    0000111111    10 0000000                             1111111         111 1                        
                       0111100000000000000000000000000100000000000111111                                           11111              18                        
                         00000000000000000000000000        0111000111111 1                                         11111 1                                      
                             000  0000                        0111111111       1                                  0111  10                                      
                                                                  001111                                          11111                                         
                                                                                                                  11                                            
                                                                                                                 1                                              
                                                                                                                8                                               
                                                                                                               1                                                
                                                                                                                                                                
                                                                                                                                                                
                                                                                                                                                                
                                                                                                                                                                
                                                                                                                                                                
                                                                                                                                                                
