                                                                                                                                                                
                                                               000                                                                                              
                                                           0011111                                                                                              
                                                        010011000001                                                                                            
                                                     0110000000011100011                                                                                        
                                                   0110000000000000000001111                                                                                    
                                            00  00010     0000  00000000000111                                                                                  
                                       0111110            0111100000000  00000111                                                                               
                                    01111111111110            01111111100000 0000111 0                                                                          
                                 011111181111111100            1111111111110      0011 1                                                                        
                              0111111181111110111100 0        011111101110           001 1                                                                      
                           0111111111111111111111111111      11111110110011            001 0                                                                    
                         01110111111111111111001111011100    0111110001111100         000001                                                                    
                       01111111100000000000000110110110010   1011100110110010       01111000                                                                    
                     0111111111110000000111100001100101100101001111010  011100  00111111111001                                                                  
                   1111111111111000111100000110000011010  0110110010     00111111111111110                                                                      
                   11111111111001000000000000011001011000 00000000000     010101111111110                                                                       
                  0111111111111111000000000110000 00000000000000000000   00000000010111110      00                                                              
                  1111111111111110   000000000000 0000000000000000000000000000000000101110  00011110                                                            
                 01111111100000      00000 000000 000000000000000000000000000000000000011111111111110                                                           
                 111111111000000  00000000 00000 0000001000000000011111111111110000000000111111111111110                                                        
               01111111000001110000000000000000000 01111111111110000000           00000000011111111110011100                                                    
                  000000000000000000000000000000110 000100000000                   000000  011111111100000011100                                                
                  0000000000000000000000000       11000000000 0  000000000         0000011   00010110000000000000110000000       000                            
                            0                       110001110  00000000000          1111      0011100000000000000000000000111111                                
                                                      011011    0000000000           1        000000000001001100000000000000                                    
                                                        0 10     0000000              1       0000001011001111110000000000                                      
                                                             0     01000                      0000011110111111110000                                            
                                                          01                                 010010111110111                                                    
                                                                                             1101111111111                                                      
                                                           1                                 11011111111                                                        
                                                                                             11111111111                                                        
                                                                                             11111111111                                                        
                                                                                             11111111110                                                        
                                                                                             01111110011                                                        
                                                                                              111101100                                                         
                                                                                                1100                                                            
                                                                                                1110                                                            
                                                                                                   1                                                            
                                                                                                                                                                
