                                                                                                                                                                
                                                                                                                                                                
                                                                                                                                                                
                                                                                                                                                                
                                                                                                                                                                
                                                                                                                                                                
                                                                          0                                                                                     
                                                                      001111                                                                                    
                                                                   011111000                                                                                    
                                                                011000000110001100                                                 000111111                    
                                                             011000000000000100011101111                                     00111111111111111                  
                                                           0110 00000000000000000000000000111111 1                        01111111111111111111                  
                                          00011111111110            00000000000 00000000000000000011                   0111000011111111111                      
                                   00011111111111111111111          0000111000000000      00000000000011            0111000000111111111111                      
                             00111111111111111111111111111              111111111110          00000000           011100000000001111111111                       
                         011111111110000000101111111111111000          0111111111110           00000       00111111000000000001111111111                        
                      0111110111111111111111101111111111111111       01111111101111110        0111110       01111010000000000001111111                          
                    11111111111111111111111111001110111001111100    01111111100110001100     0011011000    0100100000000000000000000                            
                 111111011100 0000001110000111100111111111101111    01111110011011110110    011101001110   000000000000 000000000000                            
               011111111110       00111011111110 01111111011000110111111111111100 01110110000110110100000000000000000000000000111111                            
               0111111111110   00001111011111111 011111111110  01111011100111000    00110110000000000000000000000000000 0000000111111                           
                01110001111111000111110011111110 01111111101100011111111111110       011000000000000000000000     0000  00000000111111                          
                   0000011111111111111001110110 00111811111011110011111111111110    01110000000000000000              000000000001111111                        
                      001111111111111001111110 01111 1 111111110111111111111111110001100000000000000000000               000000001111111                        
                          001110001100111110001111001  1   1111111 111111111111100000000000000110000000000                 0000000111000                        
                              001111000000011111000 0111111 1111111110000000110000000000000110000000000000                   0000000011101                      
                                    001    1 000100 0111111101100000000000000000000011111100       0000000                      01110011                        
                                        0 1     0110 0001110001100000110011001111111110                                           011110                        
                                          000000000 1000011 1111111111000000000000                                                   011 1                      
                                          10000000  0 1000000 0000000000   000000000                                                   01                       
                                          1011         1110         0000000000000011                                                                            
                                                                      00011110011111                                                                            
                                                                          0011111111                                                                            
                                                                               011                                                                              
                                                                                                                                                                
                                                                                                                                                                
                                                                                                                                                                
                                                                                                                                                                
                                                                                                                                                                
                                                                                                                                                                
