                                                                                                                                                                
                                                                                                                                                                
                                                                                                                                                                
                                                                   000                                                                                          
                                                            00111111                                                                                            
                                                       001000000000111                                                                                          
                   000001111111111111111111110     001100000000000001111                                                                                        
             00111111111111000011111111111111110    0   000000000000000011                                                                                      
         001111111111111111100001111111111181111          00000000000000100000                                                                                  
      011111001001111111111111111011111111111100          000110000000000000000111                                                                              
     0801111111       01111000111001111111111111            11811111000000000000000011                                                                          
      1100111110     0011101111110011111110111110       000181111111111100    000000000111                                                                      
       001011111110011111001111111 011111111111110     11811111111111110          0000000000                                                                    
         0011111111111110011111110 011111111111110    011111111000111110            0000000000                                                                  
           0111111111110011111110 011111111110 01111111111111111111111110           000000000000                                                                
              011111110111111100 011181111110  011111111111111110011111110        01111110                                                                      
                01111111111100001111  11111111111111111100111110   0111110     01111111100                                                                      
                  001100000001111111  111 1111111111111111111       011111000011111111110         1110000000001111111111111111111000                            
                     001   8111000001     111111  111111111111       0110111111111110111110    000111111111100000000000001111111111111100                       
                            001000000111  111118  11111111111110   011111111011111101101111000011111101111111000000000011111111111111111   0                    
                            101000000011111111111111111111111111111111111111110000001101111111111111110110100000000000111111111111111111 0                      
                              110000111111 1011111100011111111111111111000000000000000000000000100111111100000000001111111111111111111                          
                               111111111    00000000000000000000000001000000000000000000000000000000000011000000000001111111111111 1                            
                                0 11111   11101111111111000001000110000100111110000000000          000000000000000011111111111                                  
                                  1  11   1100000000000000011111111111110000   0000  000000000        000000000011111111                                        
                                     1             0000000000000000              00000000000            0000000011111110                                        
                                                    010000011111                    00111100             0000000111111                                          
                                                     01111111111   1                    0011              100010111111 1                                        
                                                       0111111                                             1010111111111                                        
                                                         001 1                                             0101111111111                                        
                                                             0                                              0111111111 1                                        
                                                                                                             111111111 1                                        
                                                                                                              11111111                                          
                                                                                                               11111 1                                          
                                                                                                                 111                                            
                                                                                                                1 11                                            
                                                                                                                  1                                             
                                                                                                                                                                
                                                                                                                                                                
                                                                                                                                                                
