                                                                                                                                                                
                                                                                                                                                                
                                                                                                                                                                
                                                                                                                                                                
                                                                                                                                                                
                                                                                                                                                                
                                                                                                                                                                
                                                                           001                                                          0000000                 
                                                                      000111                                                     001111111      1               
                                                                  01111110000011                                             0111111111111                      
                                                               01100000000000011111                                      01111110111111111                      
                                                            011000000000000000001110001111                             01100111111111111                        
                                      00111111111111111100          000000000000000000000001111111                   1110000011111111111                        
                              0001111111111111111111111111          0001100000000000000000000000000111             1110000000111111111                          
                         001111111110000011111111111111111              111111110000       0000000000000         111000000001111111111                          
                     0011111000111111101001101111111101111000          0111111111110            0000         00111000000000001111111                            
                   01111111111111111111111111011111111111111 0       011111111011110           010000       1811100000000000000000                              
                011111001110 0000011110000011000111111101111110     011101110001100110        0111110       0101000000 00000000000                              
               11011111110       001110011111100111111111101111     11111111110111111110     0010011000    01000000000 00000001000                              
               111111111110   00001111011111111 01111111011000110001111111001110001101100  0011001001110000000000000000 000000111111                            
                0110001111111000111110011111110 011111111110  01111011110111110   011101101111001000000000000000000000  00000000111101                          
                  0000011111111111111001111111 001111111111000111111111111110       0110000000000000000000000000000000   00000000011100                         
                     001111111111111001111110 00111111111111111111111111111110      0111000000000000000000            000000000000001111                        
                          0111001110111111100011111   11 11111111111111111111110  0111000000000000000000                 000000000000000                        
                            0 1111000000001111110001 1   1111111  1111111111111111110000000000000100000000                  000000000011                        
                                 0000001 1  011000 01 11  111111111111011111100000000010000001100000000000                     00000000011                      
                                    0  11   00011000000111111100011000000000000000000000111100000000000000                         0011000                      
                                         001   0111000000011110000001000110000110111111100          000000                            0011                      
                                            00000001110011001111111110001001111110000                                                     0                     
                                             100000000111111000000000000000000000                                                                               
                                              11        01  1       000 0000000000                                                                              
                                                            0        0010000011111                                                                              
                                                                        0111111111                                                                              
                                                                           0111111                                                                              
                                                                               001                                                                              
                                                                                                                                                                
                                                                                                                                                                
                                                                                                                                                                
                                                                                                                                                                
                                                                                                                                                                
