                                                                                                                                                                
                                                                                                                                                                
                                                                                                                                                                
                                                                                                                                                                
                                                                                                                                                                
                                                                                                                                                                
                                                                    011101                                                                                      
                                                                  01110010010011101100000111111101                                                              
                                                                0110001001000000000000000000000000000011                                                        
                                                               110000000000000000000  0     0000000000                                                          
                                          1                  11000000  0  000000000           000000        00            000000000                             
                                        01                 010     0000000000000000           0110110       0011111111111111111111111111100                     
                                         111 1 11110000000000     00000011101100110           0101100       00110111010000 00000000000111111110                 
                                         111111111111110                11111110011000      00100000100    0110010000000000000000000111111111111 0              
                                        10111111111111111100            0111110011001110    010000000000000000000000000000 00000001111111111111111 1            
                                       011111111181111111110           01111110001110001000000000000000000000000000000000  000000011111111111111111             
                                   00111111111111111110111110000       01111100010000010000000000000000000000     000000   00000001111111111111111111 10        
                                011111111111111111111101101110111      01011100010     000000000000000000000          0    000011111111111111111                
                           01111111111110000000001111001101101111110   0101110100      000000001000000000000            0000000011111100               11       
                          11111011111100000000001000001001100110001100010011000000    000000100   0000000000             00000001111 1                          
                         11101111100000011111111110000001000100010  0001000000000000000001110                              000001111                            
                       0111111110011110110110000001100001000111000  0000000000000000000110                                  0000111111                          
                      011111111111111100000100011111110000110110000000000000000000000100                                     000111111 0                        
                      111111001100 0     00110011111110 0011100000000000100000001111000                                       101111 1                          
                    1111111110000     0 000110000000000 00011100000000000000001100000000                                       11111                            
                     111100011111000000000101000000000 0000000000000000001111000 000000000                                     011111                           
                       000000001000000000000000000000 000000011101111  1100  0000000000000                                      1111                            
                            000000000000000000000000000000  0011111000          000000000000                                     1                              
                             0       00000000000001 1011000000001111                                                              1                             
                                                        000000011111                                                             1                              
                                                       0100011111111 1                                                                                          
                                                        0 1011111111                                                                                            
                                                          1111111111                                                                                            
                                                            1 1111                                                                                              
                                                              0 1                                                                                               
                                                                                                                                                                
                                                                                                                                                                
                                                                                                                                                                
                                                                                                                                                                
                                                                                                                                                                
