                                                                                                                                                                
                                                                                                                                                                
                                                                                                                                                                
                                                                                                                                                                
                                                                                                                                                                
                                                                                                                                                                
                                                                                                                                                                
                                                                  0001111                                                                                       
                                                             00011111110000                                                                                     
                                                          01100000000011111111                                                                                  
                                                        010000000000000000111111                                                                                
                                     000111111111110            0000000000000000111                                                       0                     
                               000111111111111111111 1          000111000000000000011111                                                0110                    
                         00111111111111111111111111110            0 1111111000000 00000011                                            01000                     
                     00111111101000000101111111111111111          0 1111811111100     0000001110                                   0110000                      
                  011111111111111111111100111111111111110      0111111111111110            0000111 0                            0110000000                      
                011111111111111111111111100111111101111111     11111111100110111            00000011 0                      00110000000000                      
             0111100110010 000111100111111000111111111111100  01111111111111111110        000000000001                   011100000000000 0                      
            11111111110      00111001111111001111111111000111111111111111000110111      0001111110                   0011100000000000000                        
            1111111111100 000011110011111110 0111111110   1111111100111100  0111110  001111001110         00    000111000000000000000000                        
            0111000111111111111111011111111 001111111110011111111111111       01111111111011111110        0 11111110000000000000000000                          
               000001111111111111001111111 011111111111111011111111111110     011001101101111111111    01111111111100000000000000000                            
                  00111111111111001111111 011118  1  1111111 1111111111110  011111111111111111001111000111111100100000000000000000                              
                       0011111101111110001110000111111111111 111111111111111111111111110000000000100111111111110010000000000000000                              
                            011110000001101000000001111     1111111111111111111100000000000000000000000000001000000000 00000000000                              
                                 00      001100001111111   8 10000001110000000000000000000000100000000000000000000000000000000000000                            
                                      0    11 1100111111    8800001100001100110001111111000000000               000  00000000000000000                          
                                              011111111   1118100000001111111111000     00000000000000            00000000000000000000                          
                                                 01 1     1111 00000000                   0000001111                00000000000000000000                        
                                                      01       00 000000000                 01111111                  000000000000000000                        
                                                              00000000001111                  011111                     000000000000000                        
                                                               0000000011111                      00                        0000000000                          
                                                                0011000111                                                      00000000 0                      
                                                                   01110                                                               00000                    
                                                                     011                                                                                        
                                                                                                                                                                
                                                                                                                                                                
                                                                                                                                                                
                                                                                                                                                                
                                                                                                                                                                
