                                                                                                                                                                
                                                                                                                                                                
                                                                                                                                                                
                                                                                                                                                                
                                                                                                                                                                
                                                                                                                                                                
                                                                                                                                                                
                                                                  00000111                                                                                      
                                                           000111111111111                                                                                      
                                                       001100000000001111111                                                          00                        
                                 00011111111111110    000   000000000000011111                                                      11                          
                         000111111111111181111111111          000000000000001111 1                                               01100                          
                    00111111111000011111111111111110          0001110000000000000111                                           0110000                          
                00111110001111110000111111111111111000          0 1111111000000000001111                                     010000000                          
              0111111111111111111111111011111111110118        001 111111111110      00001111 0                            0110000000                            
           11111001110110000111100000110011111110111110      0111111111111110          000000111 0                      011000000000                            
         111111111110      01111001111110011111111101110    011111111001101110           000000011                   011000000000000                            
          11111111110   00 0011101111111100111111011001100001011811111111111110         000000000000              011100000000000000                            
          1111001111111000111111011111111 0111111110  0111111111111111001110111        01111110                0111000000000000000                              
            0000011111111111111001111111  01111111110 0111111110111100   0111110    0111101110        0 11111111000000000000000000                              
               00111111111111100111111100011111111111111111111111110      0111111110111111111100      00111111110000 00000000000                                
                   0011101111011111110001111  111 11111111111111111100     0110111011011111111110   0111011001100000 00000000000                                
                      0 111111111100001110001 1   111111  111111111111   0111111110111111011011011001101111110000000000000000000                                
                           00000000 1010000 0111  11111111111111111111111111111100100000000000000000000000000000000 000000000000                                
                                     011000000011110111111100101111111111101100000000000000000001000100000000000000 00000000000000                              
                                    0 0 0000011111  1000000000000000000000000000000000000010000             00000  00000000000000000                            
                                       01101111111  810100111111000011001100011111111000000000                   0000000000000000000                            
                                        0 11111111   101100000000011111111110000     0000 00000000                 00000000000000000 0                          
                                         01 1111         000 00 000000                 00000000010                    0000000000000000                          
                                               1 0        00000000000000                  01111100                        0000000000                            
                                              0            01000011111                        0011                             000000000                        
                                                            0101111111 1                                                                                        
                                                              111111 1                                                                                          
                                                               01110                                                                                            
                                                                 011                                                                                            
                                                                    0                                                                                           
                                                                                                                                                                
                                                                                                                                                                
                                                                                                                                                                
                                                                                                                                                                
