                                                                                                                                                                
                                                                                                                                                                
                                                                                                                                                                
                                                                                                                                                                
                                                                                                                                                                
                                                                                                                                                                
                                                                                                                                                                
                                                                     000011111                                                                                  
                                                                00011111111000                                                                                  
                                                            01100000000001111111                                                                                
                                          000011111100    0000 00000000000000001111                                                   0  0                      
                                  0001111111111118111111          00000000000000111111                                              0 10                        
                            0111111111111111111181181111            0011000000000000001111                                          1000                        
                       00111111110000000011111111111111100            1111111000000000000011 0                                   1100000                        
                    011111011111111111111110111111111111111         011111111111100     0000111110                             110000000                        
                 0111111111111111111111111110011101111111110     0111111111111110           00001111                        011000000000                        
               111111011100   0001111001111110011111111101110    01111111000110110            0000000111                  01100000000000                        
             111111111110       011110111111110011111111111110000111181111111111110           00000000001              011000000000000                          
              0111011111100 00000111101111111100111111111   111111111110111001110110        01111110                011100000000000000                          
              00010001111111111111110011111110 01111111110 0111111110111110   1111110    01111111100        00111111100000000000000000                          
              00000100111111111111110011111100001111111111111111111111110     00111110100111111111100       011111111000  0000000000                            
                 0000 11111111111110111111 0 01111  1111111111111111111110      011011111101111111111     01101100110000000000000000                            
                        011111011111111110 0011001  1  111111  111111111110   011111111011111011101111000111111110000000000000000000                            
                            01111110000000011000000111111111  1111111111111111111111111100000000000100110011011100000000 00000000000                            
                                 00100101 000100000001111     1111111111111111111111000000000000000000000000000000000000 0000000000000                          
                                    0       00110001111111    810000011100000000100000000000000000000000000 0000000000  0000000000000000                        
                                          0011011111111111    18 0111000010000000010011110000000000                 00000000000000000000                        
                                           0000000111111    1111 000001111111 11111110000000000000000000               00000000000000000                        
                                            000000000111    8811 10000000                  00000000111                   000000000000000                        
                                               00           0  11000000000                   011111111                      000000000000                        
                                                               0000000001111                   0111111                          0000000000                      
                                                                000000001111                       001                                 00000                    
                                                                  0000001111                                                                                    
                                                                   01110                                                                                        
                                                                     011                                                                                        
                                                                       0                                                                                        
                                                                                                                                                                
                                                                                                                                                                
                                                                                                                                                                
                                                                                                                                                                
