                                                                                                                                                                
                                                                                                                                                                
                                                                                                                                                                
                                                                                                                                                                
                                                                                                                                                                
                                                                                                                                                                
                                                                                                                                  00                            
                                                                                                                                11                              
                                                                        00000000                                              1100                              
                                                                 000011111111111                                            010000                              
                                                00           0111000000000011111                                            100000                              
                                   000111111111111111111 0  000   000000000000111111                                      10000000                              
                           0011111111111111111111111111111          000000000000011111                                    00000000                              
                      001111111111110000011111111111111110          0000100000000000000111 1                            1000000000                              
                   01111111111111111111111100111111101111000          0111111100000000000000111111                    110000000000                              
                11111001111111101111111111110011111111111111        0018111111111100      000000001111                100000000000                              
              111111111110      0111100111111 011111101111110     0111111111111111             000000011           011000000000000                              
               11111111110    0 01111011111110 111111111111110    111111111001101110           00000000          011000000000000                                
              00010011111100000111110011111111 01111111110011100011111111111111111110         0110000       00111110000  0000000                                
              000001 0111111111111110111111110 01111111110  01111111111101110011101110     0001111110        0111100000000000000                                
                   0011111111111111001111111  011111111110001111111110111110   01111100  00111100110000     01011000000000000000                                
                      011111111111011111110 011111111111111111111111111110      011101111111100110111110   0100000000000 000000000                              
                         001111111111111000011111   11 11111111111111111110      011101100110110011001010000000000000000 00000000000                            
                              0110000000111110000111  111111   1111111111110   0111111111000000000000000000000000000000  0000000000000                          
                                 01    18 0010000000011111111111111111111111111111111100000000000000000000000        00000000000000000                          
                                           00110000111111     11111111111111111111100000000000000000000                 00000000000000                          
                                          1  11 1100111111  88 00000011110000000000000000000001100000                      00000000000                          
                                              0001111111    118 011110000110001100011011 11100000000000000                      00000000                        
                                                 0011111    811100000011111111   1111000    00000000000000                                                      
                                                            111810000000000000                 000000000                                                        
                                                                00 00000000000                     00011                                                        
                                                                 00000001111                                                                                    
                                                                  0000001111                                                                                    
                                                                   0110011 1                                                                                    
                                                                     01110                                                                                      
                                                                       001                                                                                      
                                                                                                                                                                
                                                                                                                                                                
                                                                                                                                                                
                                                                                                                                                                
