                                                                                                                                                                
                                                                                                                                                                
                                                                                                                                                                
                                                                                                                                                                
                                                                                                                                                                
                                                                   001                                                                                          
                                                                001111                                                                                          
                                                             0111110001110                                                                                      
                                                          0110010001110001110                                                                                   
                                                        0110000000000001000010000111                                                                            
                                                      011000000000 00000000000000000111111                                                                      
                                            000010             000000000000 00000000000000001111                                                                
                                    001111111111111110          0001111111100000     0000000000001                                                              
                               00111111111111111181110            0 111111111100           00000000011                                                          
                          001111111111111111111111111000          01111111111100            0000000000                               00000000000000000          
                      0011111100000000001111111110111111 0      011111110011111100         01110000                        00011111111111111000000              
                   0111110011111111111111101111011111111100     0111111111111111110      001111110                   001111110000001111110000000                
                 01111111111111111111111111001111110111011100  011111100111001101110    01111011100       011111111111000000000001111111110000                  
               0111001111110000011110011111100111111101110011111111111111110  0111111011111011011111     0011111111111000000000001111111111100                  
             01111110110     0 00111001111111001111111110   11111111001110      011011111101101101110000111111101101100000000001111111111110                    
            111111111110     0 001110011111110 011111111100011111111111110      01110111111110110011111111111111011010000000000111111111                        
            011111111111100000111111001111111 0011811111111110111111111111110  01111110100000000000000000000110110110100000000001111111                         
             00100000111111111111111001110110 01111 11111111111 111111111111111111000000000000000000000000000000000000000000000111 0                            
                0001001111111111111010111110001111  11  111111  111111111111111000000000000001000000           0000000000001111111                              
                    0001111000001000111100001110001111  111111111100000111100000000000011110000000000000         00000000000111111                              
                          00111110000000010110000 011111111110010000000000001001111111000   000000000011           000000000011111                              
                                 00000    10100000000110011110000011111101111111000            001111110            1000000111111111                            
                                     00000 01100000001111101 111111000000000                      0011 1             100001111111100                            
                                    000000000 0000011111   0000000000   0000000001                                    11010111101111                            
                                    10000000011011111111         0 000000000111111                                     1101111110001                            
                                    00        0 11111111          00000111111111 1                                      011110011100                            
                                                  1111              000011111111                                          1111100111                            
                                                                          000111                                           011110000                            
                                                                                                                              0111                              
                                                                                                                                001                             
                                                                                                                                                                
                                                                                                                                                                
                                                                                                                                                                
                                                                                                                                                                
                                                                                                                                                                
