                                                                                                                                                                
                                                                                                                                                                
                                                                                                                                                                
                                                                                                                                                                
                                                                                                                                                                
                                                                                                                                                                
                                                                  000001                                                                                        
                                                            000111111111                                                                                        
                                                        001100000000011111                                                                                      
                                                      010000000000000001111111                                                                                  
                                 00111111111111110           0000000000000001111                                                                                
                          000111111111111111111111 1          00000000000000001111 1                                                      0                     
                     0111111111000111111111111111110            0111110100000000000011                                                  01 0                    
                 0111111001111110001111111111101111010          1 111111111100    00000111 0                                         01100                      
              0111111111111111111111110011111111111111       01111111111111100        00000111                                    0110000                       
           001110011111111011111000011100111111111111110    0111111811111111             000001110                            0010000000                        
          11111110110      01111001111110011111111111110    111111111111111110           000000001                        00110000000000                        
         111011111110    0 0011101111111100111111111000111111111110111111111110        01111000 0000                  0111000000000000                          
          0111011111100000011111011111111  111111111   1111011111111110 0011111     00111111100                   01111000000000000000                          
          1111000111111111111110011111110 0111111111000111111111111000    01111100001111111110        00111001111100000000000000000000                          
             001011111111111110001111110 011111111111111111111111111       011011111110110111110     0001111111100000000000000000000                            
                0001111000111101111111  0111   1  1111111 111111111111    01110111011011011011110  0011111101110100000000000000000                              
                      01111111111110001111000111  111111  1111111111111001111111111000010110011111111011111101100000000000000000                                
                          000000000010010000000011111111111111111111111111111010000000000000000000000000110100100000000000000000                                
                               01     00100000011111   1011000001111000000001000000000000000000000010000000000000000000000000000                                
                                    0  11 1000111111  8810010000000000000000000001010000000000           0000000000000000000000000                              
                                         01111111111  1180010000001111111 111111000000000000000              0000 0000000000000000                              
                                           01 1111  1   1000000000000                 000000000111              00000000000000000000                            
                                              0         00 000000000                    01111111                  000000000000000000                            
                                                  0 1   0 0 000000011111                  011110                    0000000000000000                            
                                                           0000001111111                     001                      00000000000000                            
                                                            0010111111 1                                                  0000000000                            
                                                               1111111                                                         0000000                          
                                                                 111                                                                                            
                                                                   0                                                                                            
                                                                                                                                                                
                                                                                                                                                                
                                                                                                                                                                
                                                                                                                                                                
                                                                                                                                                                
