                                                                                                                                                                
                                                                                                                                                                
                                                                                                                                                                
                                                                                                                                                                
                                                                    00                                                                                          
                   000000000011111111100000            0000011111111                                                                                            
             001111111111111111111111111111111     0110000000000111111                                                                                          
       00011111111111111110000011111111111111110        0000000000011111                                                                                        
      1111110111111111111111111111111111111111           00000000000011111                                                                                      
      101111110     0011111111111011111111111100          0010000000000000011                                                                                   
     0100111110      011110111111001111111111111          0 111111000 0000001111                                                                                
    11001011111100000111101111111001111111111110        0011111111110100  000000001111                                                                          
       00111111111111111001111111001111111111111     0111111111111111000      0000000011                                                                        
       0  01111111111110111111110 011111111101110   011111111010111110            0000000001                          0001111111111111100                       
            0111111110001111110  01111111110  0111111111811111111101110           0000000011                    0011111111111111111111                          
              0 1111111111111000111111111110 011111111111111111111111110        00110000                   0011110000111111111111111                            
                  1110010000001111   11111111111111111001111100 01111110     00011111110               001111000000001111111111111                              
                    00000 11111000      1111111111111111111      0111110000001111011110         1111111110000000000001111111111111                              
                        111010000 011   111111  111111111110       1111111111110110111110     0001111111100000000001111111111111                                
                        0 11100000001111111111 11111111111110   00011101100110111011011110  0011111100100000000000001111111111                                  
                           0100001111111    111111111111111111011111111111101001101100111111110011011001000000000000001111                                      
                             1011111111   880000000001111111111111111110001000000000000000000000000000000000000000111111                                        
                             81111111     181000100000000000000000100000000000000000000000000000000000000000000000111111                                        
                              1 111      11 0111001110000010000100000000000000010000000              0000  0000000011111                                        
                                0              0000000001111111111111111110000000000000000              000000000000111111                                      
                                                000000000000000000            000000000000                000000000011111111                                    
                                                 0000000111111 100               000000000                  0000000011111111                                    
                                                  01101111111  1                     00000                    00000001111111                                    
                                                    01111111                                                     00000111111                                    
                                                      0111 1                                                       011100111                                    
                                                          00                                                         0111011                                    
                                                                                                                       01111                                    
                                                                                                                         1                                      
                                                                                                                                                                
                                                                                                                                                                
                                                                                                                                                                
                                                                                                                                                                
                                                                                                                                                                
                                                                                                                                                                
                                                                                                                                                                
