                                                                                                                                                                
                                                                                                                                                                
                                                                                                                                                                
                                                                                                                                                                
                                                                                                                                                                
                  00000111111111111111110000          00000111111111                                                                                            
            0111111111111111011111111111111111    001000000000000111                                                                                            
       00111111111111111111000011111111111111110         000000000111111                                                                                        
    0 1111110111111111111111111111111111111111           00000000000001111                                                                                      
      111111110      011111111111011111111111100          001000000000001111                                                                                    
    00100111110      011110111111001111111111111          01111111000 00000011                                                                                  
    11000011111100001111101111111001111111111110       00011111111100000 000000011 1                                                                            
       00111111111111111001111111001111111111111     0111111111111111000     00000011111                                  00000000000000                        
          01111111111110111111110 011111111100110   01111111101011111           0000000001                          0011111111111111                            
            0111111110001111110  01111111110  011111111111111111110110            0000000011                   001111111111111111111                            
               01111111111111000111111111110001111111111111111111111110         000000000000               01111000001111111111111                              
                  1110000000001111   1111111111111111101111110  0111110      00011111110                01110000000001111111111111                              
                    01000 11111000  1   1111111111111111110      1111110 00001111011110         11111111100000000000111111111111                                
                        110100000 011   111111  111111111110      0111111111110111111100      00111111110000000000011111111111                                  
                          0100000000111111111  1111111111111    0011101110111011111011110    1111110010000000000000001111111                                    
                            000011111111  111111111111111111110111111111110110110110011010001001101100000000000000000000                                        
                           80101111111     00000000001111111111111111100010000000000000000000000000000000000000000000000                                        
                             0111111    11 00000100000000000000001100000000000000000000000001000000000000000000000111111                                        
                            0 1111 1   118 01110001110000110001000000000000000100000000            00000  00000000111111                                        
                              1             00 0000000001111111111111111101100000000000000             0000000000000011111                                      
                                0               000000000000000000          00000000000000               0000000000000111100                                    
                                                010000011111  10               000000000                   00000000000001111                                    
                                                 01101111111 11                   000111                      00000000010001                                    
                                                   111111111                                                    000000000110                                    
                                                     01111                                                         001000001                                    
                                                        01                                                            0111000                                   
                                                                                                                        0011 0                                  
                                                                                                                            1                                   
                                                                                                                                                                
                                                                                                                                                                
                                                                                                                                                                
                                                                                                                                                                
                                                                                                                                                                
                                                                                                                                                                
                                                                                                                                                                
