                                                                                                                                                                
                                                                                                                                                                
                                                                                                                                                                
                                                                                                                                                                
                                                                                                                                                                
                                                                                                                                                                
                                                                                                                                    00000111110000              
                                                                            00                                               001111111111111111111              
                                                                         0111111                                         0111100000001111111111111      1       
                                                                     01111111111111     1110111111 1 1                01100000000000111111111111                
                                                                  01110001111111110010011111110000000000           01100000000000001111111111111                
                                                               011000000000000000000000000000000000000      0011111100000 000000000111111111                    
                                                    0  10    000     0000000 00000000           00000        011111000000  00000000000111111                    
                                               00111111100          00000000000000000           000000       0000000000000 0000000000000                        
                                        00111111111118111110            0011111110110           0110100      1000000000000 000000000000                         
                                 000111111111111111111111110              1111110111100        00100001000  0000000000000   000000001111                        
                            0111111111000011111111111101111100           01111110110011000    0110010000000000000000000000  000000000001                        
                          11111111111100000000011111111101111111       01110111000111100110  00000000000000000            0000000000000000                      
                       011111101101101111111111001111011111111110      011111100110001011011000000000000000000               000000000000100                    
                     0111111111111111111111111110000110111001100110    010111000110   000000000000000000000000                  000000000001                    
                   011111001110110000001100000011000111001111111011000011111001100       000000000000000000000                     00000000001                  
                  110111111110       00110011111110 011111110110  0101100111001100      0000000001100000000000                       000000111                  
                   111101111100   0 001110011111111 001111111000  011111111111011110   0000000110                                      01100                    
                    0010001111110000111110011111110 0011111111000110001111111000000000000001110                                            111                  
                       010011111111111111001100110 00111111111111100111100000000000000001110                                                                    
                       0    001110000010000011110 0011111 1111100000011000000000000011110                                                   0                   
                                0001000000000000001100000000000000000000000000011111100                                                                         
                                     000000000010110000000100011000000000011000000000000                                                                        
                                         10001  0100000000  1111111  11110000    000000000                                                                      
                                         0      0100000000110000000          0000000000000                                                                      
                                                01000000011110                  0000000000                                                                      
                                                0 00001111111                        00000 0                                                                    
                                                  0101111111                                                                                                    
                                                  10111111                                                                                                      
                                                  0 1111 0                                                                                                      
                                                    1  0                                                                                                        
                                                                                                                                                                
                                                                                                                                                                
                                                                                                                                                                
                                                                                                                                                                
