                                                                                                                                                                
                                                                                                                                                                
                                                                                                                                                                
                                                                  0000                                                                                          
                                                            00111111                                                                                            
                                                       001000000000011                                                                                          
                       00000001111111111111110      0110000000000000111000                                                                                      
                00111111111111111111111111111110    00  000000000000000000                                                                                      
           0011111111101111000001111111111181111          00000000000000110000                                                                                  
       01111101111111111111111111111111111111110            0111000000000000000011                                                                              
      1111111110 0   00111111111110111111111111110          0 111111000000000000000011                                                                          
      1100111110      01111011111100111111111111 0        0011111111111110     00000000111                                                                      
       0100111110000001111011111110 01111111111111     01111111111111110          0000000001                                                                    
         00011111111111110011111110 011111111111110   011111111100111111             000000000                                                                  
          001111111111110011111110 01111111110  01110111111111111111111110           00000001111                                                                
              111111111001111110  011111111110  01111111111111111011111111         0111100000000                                                                
                0111111111111100011118111111111111111111101111110   1111110    00011111111                                                                      
                  011110110000011111   11111111111111111111111      001111100001111111110                                                                       
                     000000  01000001  1  8111111181111111111110      011011111111111111110       0 1100      0000000000000                                     
                        0 11 010000 0     811111  111111111111110   11111111111101101111110    01011111111111111111111111111111111000                           
                            0110000000011 1111111111111111111111111111111111110111111111111100111111101111111000000000000111110000011111000                     
                              1000000000000111111111001111111111111111111100000000000000000111111111111110100000000000011111111110000000000000                  
                               00000111111111100000000001101000000000010000000000000000000000000001111111000000000000011111111100000000                         
                              110111111   01111111111111100001100001000000011010000000000     00000000011110000000001111111111111000                            
                               1111111  110000 00000000000011111111 1111110000000000000000         00000000000000000011111111000                                
                                 110   11           000000000000                 00000000011          000000000011011110011111                                  
                                 1                   1000000111111                 011111110          000000000111111001                                        
                                                      1101111111  1                  01111             000000010111111                                          
                                                       111111111                        01              10000011011111                                          
                                                         11111                                          01010101111111                                          
                                                           0                                             1111011111101                                          
                                                                                                          101111111111                                          
                                                                                                          010111111111                                          
                                                                                                           111100110                                            
                                                                                                            11110011                                            
                                                                                                             11110                                              
                                                                                                              1 10                                              
                                                                                                                1                                               
                                                                                                                                                                
                                                                                                                                                                
