                                                                                                                                                                
                                                                                                                                                                
                                                                                                                                                                
                                                                                                                                                                
                                                                                                                                                                
                                                                                                                                                                
                                                                   001                                                                                          
                                                               00111                                                                                            
                                                            011111001110                                                                                        
                                                         0100000001100011001                                                                                    
                                                      011000000000000000011100011111                                           00111111111       0              
                                           00000    0000  000000 000000000000000000001111111                              011111111111111111                    
                                000111111111111110           00000000000000000000000000000000111                      011111111111111111111                     
                          000111111111111111118111 0           01111111100000        0000000000001                011110000111111111111111                      
                     0111111111000111111111111111100            1111111111110            0000000               0011000000000011111111111                        
                 0111110000111110001101111111101111110        001111111011110            010000         000011111000000000001111111111                          
              0111111111111111111111110111111111111111       011111110011111110         0111110         181111110000000000001111111111                          
           011110011111110011111000111000111111011101110    01111111111111111111      00110111000     001111001000000000000000111111                            
          1111111110       0111101111110001111111111111100 01111181001111011101100  00111111011110   01111111101000000000000000000                              
         011011111110      0111101111111 0111111111100011111111111111110   0111111111111011011001110011011010000000000000011110000                              
          011001111110000011111001111111 01111111111   011111111001110       00110110011011001000000000000000000000000000001111111                              
          00000001111111111111101111011000111111110110111111111111111100     0111001110000000000000000000000000000   00000011111111                             
              00011111111111110011111100011111111111111001111111111111110   01111110000000000000000               000000000000111111                            
                   0011110111001111100011111   1   1111111 11111111111111111111000000000000100000  000              000000000111111111                          
                       0011110000000111110000111  1111111111111111111111100000000000000111000000000000                 000000011111111                          
                            000001 1 010000 011111  111111111000000111100000000000111110  000000000000                   0000001111111                          
                               00   010000000001111001100000000000000000110011111100           0000011                      0110111111                          
                                  000 0000000011110111111000011011100011111100                                                01111111                          
                                  100 000010111111 01111 11 110000000000000000                                                  011111                          
                                   10 010111111111             000000000001111                                                    0  1                          
                                    0 1111111101                 01110011111                                                        0                           
                                       111111                       0111111111                                                                                  
                                                                       00111                                                                                    
                                          1                                                                                                                     
                                                                                                                                                                
                                                                                                                                                                
                                                                                                                                                                
                                                                                                                                                                
                                                                                                                                                                
                                                                                                                                                                
