                                                                                                                                                                
                                                                                                                                                                
                                                                                                                                                                
                                                                                                                                                                
                                                                                                                                                                
                                                                       011                                                                                      
                                                                   0011110                                                                                      
                                                                 01111000011                                                                                    
                                                              011000000110001110                                                                                
                                                             110000000000010000110001111                                                                        
                                                           11000000000 00000000000000000001111 1                                                                
                                                          00      000000000000 000000000000000001111                                            00000000        
                                            00111111111100          000111100100000       000000000000                              0000111111000000            
                                       0111111111111118111              11111111110            000000000                      00111111100000000000              
                                   0111111111111111111111100           0111111011100           000000                   001111100000000000000000                
                              01111110000111111111111111111111       01111111001101110        0111110              00011110000000000000000000000                
                           0111111111100000011101111111111111110     0111111111111111110    001101110       0011111111000000000000001111111100                  
                       011111101111111111111111100111011101110111    01111100011001100100 0001111111110     01111111100000000000001111100000                    
                      01111111111111111111000011100011111111111011000111111111110  0111111101100111111100 00111111001000000000000011111111                      
                    0 10101111111000000110001111110001111111110  01111011101110      001001001000000001011110011011000000000000000000000                        
                  0 1111100110     0 001110011111110 01111111100 011111111111110     0111000000000000000000000000000000000000000000000                          
                 0111111111110    000011110011111110 01111111101111011111111111110  011000000000000000000000000000000000000000011111                            
                 0111100111111100000011111001111010 001111111111110111111111111111011100000000000000000            000  00000001111111                          
                  00100000011111111111111100110111 00111  111 111111  11111111111000000100000000000000000000          0000000000111111                          
                     000000011111111111110001111100111011 11  11111111110000001100000000011110000000000000             00000000011111001                        
                         000111110000000000110000111000001111111010000000000000000001111110      000000000              0100001111111110                        
                                0001111000000001001000 0111111000100000011011111111110                0000                11000111100011                        
                                       00001     01000000011111111111111100000000                                          0110110111000                        
                                      0000000000001100000000111 11110000000       0000                                       01111001110                        
                                      1000000000    0000001110      0  000000000000111                                         011100001                        
                                      00000000      1000011111       00000000000011111                                           0111100                        
                                       0            1 111111          0000000011111111                                              0011                        
                                                      111111             0      0011 1                                                  0                       
                                                         1                           0                                                                          
                                                        0                                                                                                       
                                                                                                                                                                
                                                                                                                                                                
                                                                                                                                                                
                                                                                                                                                                
                                                                                                                                                                
