                                                                                                                                                                
                                                                                                                                                                
                                                                                                                                                                
                                                                                                                                                                
                                                         00011111111                                                                                            
                    0000000111111111111111100      00111000000001111                                                                                            
             001111111111111111111111111111111    000  000000000111111                                                                                          
         0111111111101111100000111111181118111 0         000000000001111                                                                                        
     01111101111111111111111111111111111111110          000000000000001111                                                                                      
     1111111110  0 00011111111111011111111111110          011110000000000111                                                                                    
    11011111110      011110111111001111111111111          1111111100000000011111                                                                                
    101001111110000000111001111111 0111111111110      011111111111111100  000001                                                                                
      0100111111111111111011111111 0111111111111     01111111111111100       0000111 0                                       0000011                            
      0   111111111111110111111110 1111111110011100011111111100110111           000011 1                                 0011000                                
            11111111110001111110  0111111110  011111111111001111111110            00000111                           01110000000                                
              01100110111111110 0111 1111111001111111111111110001111110         0000000001                       001110000000000                                
                0 11111111100001111   11111111111111111111000   011111      00011111000 0000                  0111000000000000                                  
                   0000000001111000  1   11111111111111111      0011110000011111111110                    01110000000000000000                                  
                      0   1100000 0111  111111  111111111110     01101111111101111110         0000  000011100000000000111000                                    
                         11000000000111 111111111111111111110  011111111011011110111110     00011111111100000000000000000000                                    
                          0000000000001001111111101111111111111111111111111111011101110    0111110010000000000000000011100                                      
                         10010101111 10111100000000001111001111111111001100000001111111111110110110010000000000000000000                                        
                         01110111111  10111111111111100000000000010000000000000000000000000100111110000000 00000000000                                          
                         111111 1    11    000000000001111111110001000000000000000000000000000000000000000000000000000                                          
                         1 1   11 111          0000000000000001111111110000000000000          000000000000000000111000                                          
                        08 1                   000000000000000            000000000000             000  00000000000000                                          
                          1                     1010101111 1 0              0000000001 1             0000000000000000000                                        
                                                1101011111  1                011111110                000000000000000000                                        
                                                  1110111                      00111                    0000000000000000 0                                      
                                                  1111                             0                      000000000000000                                       
                                                    11                                                      000000000000                                        
                                                                                                               000000000                                        
                                                                                                                  00000000                                      
                                                                                                                       00000                                    
                                                                                                                                                                
                                                                                                                                                                
                                                                                                                                                                
                                                                                                                                                                
                                                                                                                                                                
                                                                                                                                                                
