                                                                                                                                                                
                                                                                                                                                                
                                                                                                                                                                
                                                                                                                                                                
                                                                                                                                                                
                                                                  00                                                                                            
                                                              001111                                                                                            
                                                           0011110000111                                                                                        
                                                         0100000001110001100                                                                                    
                                                       1100000000000000000111111                                                                                
                                                     110 00000000000000000000000001111                                                                          
                                         0000110     0       000000000000 000000000000001111                                                                    
                                  001111111181111110          0011111111100000     0000000001111                                                                
                             00111111111111111811110            0 111111111110           000000011 0                                                            
                        001111110111111111111111111000          01111111111100            0000000011                                        00000000            
                    0011111100100000111111111111111118       011111181011111110           011000000000                          0000011111100000                
                  11110001111111111111101111011111111110     01111111111111111110       01111111                        00011111111100000000000                 
               0111111111111111111101111001111111111011110  011111110011111110111     0111101110          0000 0000011111100000000000000000000                  
             011100110110000011110111111100111111101110011111111111111110   0111110000111111111110      001111111111000000000000000000000000                    
           0111110110       00111011111111 01111111110  011111111101110      0011011111001111111110   011111101111111000000000011111110000                      
          0 1011111110   00001111011111110 01111111111000111111111111110      0111011011111111011111111111111101101000000000000011100000                        
           0111011111111101111111011111110 0111111111111101111111111111110   111111111100000000000000001111111111000000000000001111110                          
            00000001111111111111001111110 0111   11111111111 11111111111111111111110000000000000000000100000001001000000000000000000                            
                0001111111111110011111100011111  1   111111  1111111111111111100100000000000000000        000000000000000011000000                              
                     00011111100011100001111000111111 1111111110000011110000000000000111100000000              00000000000111110                                
                          000111000000 101000000000111111001000000000000001001111111100  0000000000011          000000000001111100                              
                                 00     01100000011111    00000111111001111111000           0000001111           01000000000111111                              
                                        00110000111111  88 11111000000000                     01111111            0100000001111100                              
                                          0 1111111111    11  00000 0000000000                    001               1001001110011100                            
                                            0 111111           000000000011111                                       110100111000110                            
                                               11               00001100111111                                        01111100110000                            
                                                  001             000011111111                                          0111000011 0                            
                                                                      001111 1                                            01110000                              
                                                                            01                                              011100                              
                                                                                                                               00111                            
                                                                                                                                   0                            
                                                                                                                                                                
                                                                                                                                                                
                                                                                                                                                                
                                                                                                                                                                
