                                                                                                                                                                
                                                                                                                                                                
                                                                                                                                                                
                                                                                                                                                                
                                                                                                                                                                
                                                                        0                                                                                       
                                                                     001 1                                                                                      
                                                                  01111000                                                                                      
                                                                0100110011100110                                                                                
                                                              1100000001000110001111                                                                            
                                                            11000000000000000000000000000111                                                                    
                                                          000  0  0000000000000000000000000000001111                               000111111111111              
                                            000111111110           00000000000000000   000000000000000                       0111111111111100000                
                                      00111111111111111111             011111111110          00000000000                001111100011111111111000                
                                 000111111111111111111111100            11111111110            00000                00111000000000111111111000                  
                             011111110000111111111111111110010        011111111111110         0111110       00011111110000000000011111111111                    
                         01111111111110000001101111111111111110      011111110011001100      00111110        01111111000000000001111111111                      
                       11111001111111111111111100111011101111111     0111111011111110110    01110111100    0110110110000000000001111111111                      
                    0111111111111111111100000111001111111111011110000111111000110001111110000110110111100 0110111100000000000000000000                          
                  011111001110 0 00001110011111110011111110010000111110111011100    001101100100100000000000000000000000000000000000                            
                 111111111110     0 00111011111111 01111111110   11111111111110       0100000000000000000000000000000000000000111111                            
                11111111111100  000001111011111111 011111111010001111111111111110    011100000000000000000      000000  000000011111                            
                 11111011111111000111111001111001000111811111011100111111111111110000110000000000000000              00000000001111111                          
                   000000011111111111111001110110 011111 11111111111 1111111111111000000000000000000  00000            0000000001111111                         
                       00111111111111110011111100011111  11  111111111111000011100000000000111000000000000               000000011111110                        
                            011111000000011000001110000111111 111111111000000000000001001110     000000000                01000011110111                        
                                00010110000001 101000 011111110010000000000110001111  100              000                  010011111000                        
                                       001      00100000111101001100001110100011000                                           1111101110                        
                                       10000000000110000001       111100000000                                                 01111001                         
                                      1000000000    1000000        0000000000000000001                                           0111100                        
                                      10000000 0    1 000111         00000000000001111                                              01 1                        
                                                       10111          0000000111111111                                                 0                        
                                                        101              0     01111 1                                                                          
                                                                                   001                                                                          
                                                                                                                                                                
                                                                                                                                                                
                                                                                                                                                                
                                                                                                                                                                
                                                                                                                                                                
                                                                                                                                                                
