                                                                                                                                                                
                                                                                                                                                                
                                                                                                                                                                
                                                                                                                                                                
                                                                                                                                                                
                                                                      00                                                                                        
                                                                   01111                                                                                        
                                                                011111000111                                                                                    
                                                              110010000110000100                                                                                
                                                            1100000001000000000111111                                                                           
                                                          11000000000000000000000000000111                                                                      
                                                        000       000000000000 00000000000001111 0                                                              
                                           0011111111110          00011111101100000     000000001111 0                                                          
                                      011111111111118811              1111111111110           00000011 0                                           011          
                                 0011111111111111111111100            111111101110             000000011 1                                   0001110            
                             0111111000111111111111111111111       011111111011111100         00110000 000                            00000000000000            
                          011111111100000011001111111111111110     0111111111111111110       011111110                       000011110000000000000              
                       0111100111111111111111000111011101100111    01111110111011110110    0111101110         0110000000011111000000000000000000                
                     0111111111111111110000011000111111111111111001111111111110  0111111000111011011110     000111111111000000000000000000000000                
                   011000111111000001110011111110011111111110 0111110111011100    0001001111101101111110  001111110111111000000000000000000000                  
                 01111100110     0 01110011111110 01111111010  01111111111111       01100100111101101111111111111110110100000000000000000000                    
                111111111110    0 001111011111110 011111111111111111111111111110   1111110010000000000000000000111111100000000000000000000                      
                 0111011111111000011111101111011 0011111111111111111111111111111111110000000000000000000000000000000000000000000000000                          
                 0000000011111111111111001111110001111  11  111111  11111111111100000000000000000000000         0000000000000001111000                          
                 00000000011111111111100001111001110001111 1111111111100000111000000000000111100000000000           000000000001111110                          
                         0001111100000000000001111000000001111    1000000000000000011111100    00000000011           0000000000001111000                        
                                000111100000 1 001100000111111    81101101110111111000           000001111             00000000000000000                        
                                        00      101110001111111   88 100000000                      011111              000000000000000000                      
                                              0000000111111111    111 000         00                   001               01100000000000000                      
                                               000000001111111      1110000000001111                                       011000000000000                      
                                                            0001       0000000111111                                         0111000000000                      
                                                                      00000011111110                                            0011000000                      
                                                                        0   001110                                                 0011000                      
                                                                                01                                                      0000                    
                                                                                                                                                                
                                                                                                                                                                
                                                                                                                                                                
                                                                                                                                                                
                                                                                                                                                                
                                                                                                                                                                
