                                                                                                                                                                
                                                                 000                                                                                            
                                                           0001111                                                                                              
                                                        010011100000                                                                                            
                                                     01000000000011111                                                                                          
                                                   11000000000000001111111                                                                                      
                                                0000      0000 0000000000011                                                                                    
                                      00111110            0111110000000 00001111 0                                                                              
                                  0111111118111110            01111111000000000011 1                                                                            
                               0111111111111111110            01111111111100    0011                                                                            
                            01111111111111111111110000       0111111101110         001 1                                                                        
                         011111111111111111111111111110     01101110011011           001 1                                                                      
                       011111111000000000101011111011100    0111111001101110          000110                                                                    
                     011111111110000000011000110110110011  01011100110110110        0010001                                                                     
                  111111111111100011001100110001101101100101011111110  01110    001111111100 0                                                                  
                 01111111111100000111000000011000111100  0110110010     0111100111111111110                                                                     
                 011111111111111100000000111111000011000000011010010     110111111111110                                                                        
                 1111111111111110   001000000000 01000000000000000000   0000000111111111 0      0                                                               
                11111111001000      000000000000 001000000010000000000000000000000111111      0 11                                                              
                11111111100000   0 000000000000 000000000000000000000000000000000000111100011111111                                                             
              01111111101111110000000000000000000000001000000000000000011111000000000001111111111111100                                                         
                00000000000000000000000000000 00  01111111111111000000000000    000000000111111111110011100                                                     
                 00000000000011111111111111  1111  0000000000000                 0 00 0  00111111111000000011110000             0001                            
                          0                     0 0 00000000 0  000               000000   0111101110000000000000000001111111111 1                              
                                                  1 00000000 00 00000000          01111 1   0001110000000000000000000000000000                                  
                                                    110010 0  0000000000            11       00000000000000000000000000000                                      
                                                       111     0000000              1        000000100110011111000000000                                        
                                                      01 1      010000                       000001011011110011110 0                                            
                                                      011         0                          100010111110011                                                    
                                                      11                                    01000111111111                                                      
                                                      81                                    01101010111101                                                      
                                                                                            011011111111                                                        
                                                                                            011111111110                                                        
                                                                                             11111100111                                                        
                                                                                             01110010000                                                        
                                                                                              0111001000                                                        
                                                                                               0110001                                                          
                                                                                                 11000                                                          
                                                                                                  0110                                                          
                                                                                                    0                                                           
