                                                                                                                                                                
                                                                                                                                                                
                                                                                                                                                                
                                                                                                                                                                
                                                                                                                                                                
                                                                                                                                                                
                                                                                                                                                                
                                     00000                                                                                                                      
                    00011111111111111111111111111100        0000000111111111 0                                                                                  
              0011111111111011110000011111111111111110  00000000000000111111                                                                                    
            111111011011111111111111111111111111811111         000000000111111                                                                                  
           0101111110      0111111111110111111111111            0000000000111111                                                    00                          
           1110111110      011110111111011111111111111          0011000000001111                                                   0                            
            000011111100001111101111111 01111111111111          011111100000000111                                              1000                            
             00111111111111111011111111 01111111111110      00001111111110000000001111                                        110000                            
                01111111111100111111110011111111111111     1111111111111111100    000111 0                                  110000                              
                  0111111110011111110 001111111110 0110000111111111011111110         0001111 0                            11000000                              
                    0 111111111111000011181111111   111111111111111111111110            00001111                       01100000000                              
                      0 1111100000011111  11111110111111111111111111111111110           0000000111                  01110000000000                              
                         000011111111011  11 11111111111111111110110 00111110         00100000000000             01110000000000000                              
                          0 88 1100000 1     1111111811111111111      0111110     000111111100                011100000000000000                                
                              0100000000111 111111   1111111111100      11111110001111111110        0 11111111100000000000000000                                
                                000010111111 111111111111111111110    001110111111111110111110      0011111111000  00000000000                                  
                              0 0111111111     011111111111111111110011111111111110111011111110   01111110010000000000000000                                    
                                011111111   18 00000000011111111111111111111111101101111101111110110111011000000000000000000                                    
                                 111  1 1 11111111101100110011000110011100000000000000000000000000000000000000000 000000000000                                  
                                01         1 0000111000011000011000000000000000000000000000001000100000000000000  000000000000                                  
                                  0 1               0000000001111111111111111111100000000000           00000000 0000000000000000                                
                                                    0000000000000000000000000000000000000 0                 0000000000000000000000                              
                                                    0000000111111000              00000000000010               0000000000000000000                              
                                                     10000111111   0                0000000110                   00000000000000000                              
                                                     0101011111   1                   011111                        00000000000000                              
                                                      011110                             000                           00000000000                              
                                                        1111                                                                00000000                            
                                                          0                                                                                                     
                                                                                                                                                                
                                                                                                                                                                
                                                                                                                                                                
                                                                                                                                                                
                                                                                                                                                                
