                                                                                                                                                                
                                                                                                                                                                
                                                                                                                                                                
                                                                                                                                                                
                                                                                                                                                                
                                                                                                                                                                
                                                                                                                                                                
                                                                                                                                                                
                                                                        0001                                                          00000000                  
                                                                 00011111111                                                    00111111                        
                                  000000000000000           001100000000111111                                              011111111111                        
                      00011111111111111111111111111110  000100000000000000111111                                         011111111111111                        
                 001111111100111000000111111111111111100         000000000000011111111                                0111001111111111                          
              1111101111111111111111111111111111111111          0000000000000000000000011111                        111000011111111111                          
            1111111110001 000111111111110111111111111000          0011100000000000000000000001111                 11100000001111111111                          
            0111111110      0111100011110011111111111111          0 111111111110       0000000000001           011100000000111111111                            
             0100111110000000111001111110001111111111110       0101111111111110            00000000          01100000000000001111111                            
               10011111111111110011111111 011111111111110     111111181111111100           000000       00111111000000000000000000                              
               0 11111111111110011111111000111111111101110  011111111110111001110         0111110       011111110000000000000000                                
                   011111111100111111100 01111111111   111111111111000111111111110      0011011000      010110000000000000000000                                
                      1111110111111110000111811111110001111101111111111100001111110    0111110111110   011100000000000000001111100                              
                        1 111111110000111118 111111111111111111111111000    0111011011111001100001000000000000000000 000000000000001                            
                          01100000111111001   1  111111111111111111110        0110011001001100000000000000000000000  000000000000000                            
                            00   8 10100000011   1111111  11111111111110    001111001000000000000000000000       0000000000000000000000                         
                                    0010000000111111111 111111111111111100011111111000000000000000000                0000000000000000000                        
                                  0  1110001111111    111111111111111111111111000000000000000010000 00                  0000000000000000                        
                                       01111111111     10100000011111000000000000000000000000000000000                      000000000000                        
                                          111111    11810001000110000000000000001101111000000000000000                          000010000                       
                                            0       118 1110000000111111111111111100        0000000000                               00111                      
                                                0  1188   00000000000000000000                                                            0                     
                                                            0000000000001111                                                                                    
                                                             0000000111111                                                                                      
                                                               011111111                                                                                        
                                                                  011111                                                                                        
                                                                      0001                                                                                      
                                                                                                                                                                
                                                                                                                                                                
                                                                                                                                                                
                                                                                                                                                                
                                                                                                                                                                
