                                                                                                                                                                
                                                                                                                                                                
                                                                                                                                                                
                                                                                                                                                                
                                                                                                                                     00011111111                
                                                                                                                                 011111111111111                
                                                                                                                             00111100111111111                  
                                                                                                                           01100000111111111                    
                                                                                0                                        1100000000011111111                    
                                                                         0011111                                       1100000000011111000                      
                                                                    0001111111111111                                 011000000000000011000                      
                                                                0011000000000001111111111111111111111111           0110 0000000000000000                        
                                                      000     0000   0000000000000000000000000000000000000       0110000  000000000000                          
                                          0011111111111111            0000000000000000         00000000     00118111000000 00000000000                          
                                  00011111111111118111111111          0 00111000000000           000000        11010000000 0000000000000                        
                            00111111111000111111111111111111              111111111110            00000       010000000000  00000000000000                      
                          011111001111000000000111111111111100           01111111001100          011010000    000000000000  0000000000000000                    
                       01111011111111111111111100111011001101110       011111110011001100      0001000010100000000000000000000000000000000000                   
                    011100011111111111111111111000011011111111100     01110111100010111111     01100100000000000000       00000000000000000000                  
                  01111110011001  00001110000111000111111011100110    01111100011000010011000000000000000000000                 00000000000000                  
                  01101111111       0011101111111000111011001100110000111111011110   001100011000000000000000                        00000000000                
                   0110011111000000001111011111111 01111111011   0111100110001100       0110000000000000000000                             00000                
                      0100111111111111110011111110 011111111000  0111111111111110      00000000000000000000000                                 0                
                       0 011111111111110011100110 001111111110111100111111111111110   0000000000011000 00000000                                                 
                            00110000110001111110 00111  111111111011111111111111110000000000001110   000000000                                                  
                                00111000000000001110001 111 11111111 11000000000000000000001110                                                                 
                                    00000000010111100 00100111000000000000000000000001111100                                                                    
                                              0100000 0111001000000000000000110011111000                                                                        
                                            000 0000000011111111111111111100000000000                                                                           
                                            100 000000000100  0 00000000000    0000000 0                                                                        
                                             00 00000001111               00000000000000                                                                        
                                                0000101111                  0000000000 0                                                                        
                                               11101010110                    00111111                                                                          
                                                101101 0                          00011                                                                         
                                                1 11                                                                                                            
                                                   0                                                                                                            
                                                                                                                                                                
                                                                                                                                                                
                                                                                                                                                                
                                                                                                                                                                
