                                                                                                                                                                
                                                                                                                                                                
                                                                                                                                                                
                                                                                                                                                                
                                                         00000111111 1                                                                                          
                   00000111111111111111111100       0111000000011111                                                                                            
            0001111111111111011111111111111111    000  000000000111111                                                                                          
         0111111111111111100000111111181118111 0         000000000011111                                                                                        
     01111100111111111111111111111111111111110          000000000000001111                                                                                      
    11011111110    00011111111111011111111111110          011110000000000111                                                                                    
    01101111110      011110111111001111111111111          11111111000000000111 0                                                                                
    000000111110000001111001111111 0111111111110      011111111111111100  000001 1                                                                              
      0100111111111111110011111111 0111111111111     11111111111111110       0000111 0                                      001111                              
      0   11111111111110011111111001111111110011100011111111100110111           000011 1                               001110000                                
            11111111110011111110  0111111110  011111111110101111111110            00000011                         0011100000000                                
              0110011011111111000111 1111111001111111111111110001111110          0000000011                     0111000000100000                                
                0 11111111000001111   11111111111111111111000   011111      00011111000 0000                 01110000000000000                                  
                   0000000001111001  1  111111111111111111      0111110000001111111110                   011100000000001111110                                  
                      0   1100000 0111  111111  111111111110     01101111111101111110         000000000111000000000001110000                                    
                         11000000000111 111111111111111111110  011111111011011110011110     00011111111000000000000000000000                                    
                          0000000100000001111111111111111111111111111111111111101101111    0111111000000000000000000001000                                      
                        110010101111 110111000000000011110111111111110011000000011011111111101101100100000000000000000                                          
                         11110111111  811 1111111111100000000000010000000000000000000000000000110110000000 00000000000                                          
                         111111 11   180   000000000001111101110000000000000000000000000000000000000000000000000000000                                          
                        1 11  1 1  11          0000000000001111111111111010000000000           00000000000000000011000                                          
                          1                    000000000000000            0000000000000            000  0000000000000000                                        
                           1                    1000001111 1 0              000000000001             0000000000000000000                                        
                                                1101011111  1                 11111010                 00000000000000000                                        
                                                  11111111                      0111 0                   00000000000000000                                      
                                                  1111                             00                      000000000000000                                      
                                                    11                                                       00000000000                                        
                                                                                                                 0000000                                        
                                                                                                                     00000                                      
                                                                                                                                                                
                                                                                                                                                                
                                                                                                                                                                
                                                                                                                                                                
                                                                                                                                                                
                                                                                                                                                                
                                                                                                                                                                
