                                                                                                                                                                
                                                                                                                                                                
                                                                                                                                                                
                                                                                                                                                                
                                                                                                                                                                
                                                                                                                                                                
                                                                                                                                                                
                                                                                                                                                                
                       00001111111111111111110000                  00000000                                                                                     
                00011111111111110000011111111111111110    000111111111111111                                                         0                          
            001111101111111111111111001111111811111111    00  00000000011111                                                     001                            
            1111111110 1  00111111111111111111111111 1          00000000011111                                                 01000                            
            110111110      001111011111001111111111110          0000000000011111                                             01000                              
             01001111100000011100111111001111111111111            1111000000000111                                         0100000                              
             00011111111111111001111111001111111111111          0 111111100000000111 1                                    11000000                              
             0  01111111111110011111111 01111111111111      0111111111111111100  0000111 0                              1100000000                              
                  01111111110111111110 0111111111100110   00111111811111111000      0000011111                        110000000000                              
                    1 11111111111110 0011111111110  011111111111111101111111            0000011111                  11000000000000                              
                      1 11111111000011111 11111110001111111111110011111111110            00000000111             011000000000000                                
                        0100000011111111  811111111111111111011111110001111110         00100000 0              01100000000000000                                
                          0 118811000000      1111111111111111110000   1111110     00001111110            00111000000000000000                                  
                              1 01000000011  1111111 111111111110      0011111000001111101110         011111110000  0000000000                                  
                              00110000111111111111  11111111111111      01110111111110111111110     00011000000000 0000000000                                   
                                 11011111111    111111111111111111000001111111100110111011111110  0011111100000000 00000000000                                  
                                0 011111111      01111011111111111111111111111111110011011001101111100110010000000 00000000000                                  
                                  111111      8810000000001111111111111111111000100000000000000000000000000000000  0000000000000                                
                                  0  1      11810111111111100000000000001000000000000000000000000000000000000000  00000000000000 0                              
                                    0 11        0 0000000000111110011000000000000000010000000                0000 0000000000000000                              
                                                     0 00000000001111111111111100000000000000000                000000000000000000                              
                                                     00000000000000000             0000000000000                   000000000000000                              
                                                      0000000111   10                00000000000                      000000000000                              
                                                      0100001111   1                    00111110                           000000000                            
                                                       011111111                             000                                                                
                                                         11110                                                                                                  
                                                           011                                                                                                  
                                                                                                                                                                
                                                                                                                                                                
                                                                                                                                                                
                                                                                                                                                                
                                                                                                                                                                
