                                                                                                                                                                
                                                                                                                                                                
                                                                                                                                                                
                                                                                                                                                                
                                                                                                                                                                
                                                                                                                                                                
                                                                                                                                                                
                                                                                                                                  00111                         
                                                                        000111                                                0111111111                        
                                                                   0011111111111                                           0111111111111                        
                                                               0111000000001111111                                      01111101111111                          
                                             0000000000     00100000000000000001111111                                011000111111111111                        
                                   00011111111111111111110          000000000000000000001111                        0 1000001111111111                          
                            011111111111111111111111111111          000100000000 0000000000000011111               11000000011111110                            
                       00111111111100000001111111111111111              1111001000000    000000000000011         0110000000000111111                            
                    0111111111111111111111110111111111111111           0111111111110          000000000        0110000000000011110                              
                 1111100111111111111111111111011110111111111        0111111111001110            0000       011111000000000000000                                
               111111111100    0 01111000011100111111101110111      11111111001110110          010010       01010000000000000000                                
               11111111110     0 011110111111100111111111111110    01111111111111101110      001101100     01000000000 00000000000                              
               11110111111000000011110011111110 1111111111100111001111111000110011100110    011101111110   01000000000 0000000000001                            
                 00000111111111111111011111111 011111111110   11111011111111110  0111111000001101100001000000000000000  0000000000000                           
                    0001111111111111011110110 001111111111100111111111101110      00010011101000000000000000000000000    000000000000000                        
                      0011111111110011111110 01111111111111111111111111111110       0110000000000000000000000        0000000000000000000                        
                          001111110111111000111111   1  11111111811111111111110   0111110000000000000000                0000000000000000                        
                              00010000001 1111000 1 1   111111   11111111111111001111000000000000000000                    0000000000000                        
                                  0   11181001100000111  1111111111111111111110000000100000000000000000000                      0000000000                      
                                            10110000000110111001110000000111000000000000001111000  0000000                          000011                      
                                          0 1 001110001111100000000000010000010001111111100     0000000000                               000                    
                                              000001111111  10011111111100111111111100                 000                                                      
                                               01000011 11  1 000000000000000000                                                                                
                                                0         1 111    00 0000000000                                                                                
                                                                    010000001111 1                                                                              
                                                                      0111111111 1                                                                              
                                                                        01111111                                                                                
                                                                           00111                                                                                
                                                                                                                                                                
                                                                                                                                                                
                                                                                                                                                                
                                                                                                                                                                
                                                                                                                                                                
