                                                                                                                                                                
                                                                                                                                                                
                                                                                                                                                                
                                                                                                                                                                
                                                                                                                                                                
                                                                                                                                                                
                                                                                                                                                                
                                                                                                                                       0001110                  
                                                                       00011                                                     011111111                      
                                                                  0011111110                                                 0111111111111                      
                                                              001100000011111111                                          0111111111111111                      
                                                           01110000000000000111111                                      111001111111111111                      
                                     00011111111111111    000   00000000000000010000001111                            111000001111111111                        
                             000111111111111111111111111          00000000000000000000000000111111 1                11000000001111111111                        
                        01111111111000011111111111111111            0011110000000000000000000000000001            11100000000111111111                          
                    01111110011111111000111111111111111000            1111111111100         0000000000         01110000000000011111111                          
                001111111111111111111111110011111111111111        0 0111111111111             00000       001111111000 0000000000000                            
              011111101100 000001111000011100111111111111100     011111181111111110          0111110      0011110100000 000000000000                            
             01101111111       0111101111111 011111111101111     11111111100110011100       01111110      0110100000000 000000000000                            
              111001111100 0000011100111111100111111101110111000110118100011111110111     011100111110    0101001000000 0000000111111                           
              001000111111111111111011111111001111111111   111111111111111110000111110000001101100111100001000000000000  00000000001001                         
                 000011111111111110011110110 011111111110 011111111100111000    01110111101100100100000000000000000000   000000000001110                        
                    0011111111111000111111 0011111111111111111111111111110        011001100000000000000000000         00000000000000000010                      
                        011110110011111100011111  11111111111111111111111110    011111000000000000000000                 00000000000000000                      
                            01111000000111110001  1   111111  1111111111111110001110000000000000001000  00                   0000000000001                      
                                0011  18011000  1 11  1111111111111111111111111100000000000000000000000000                       0000000000                     
                                  0     101000000001111111111111000000111100000000000000011110000 00000000                           0011100                    
                                        00110000000010011100000000000000000000001101111100     00000000000                               01                     
                                          0 00001111111011111111111111101111111111100                                                       0                   
                                          101101111111  000011110000000000000000                                                                                
                                          100 11111111           00  00000000001                                                                                
                                              1 1111               0000000011111                                                                                
                                                                    0111111111 1                                                                                
                                                                      01111111                                                                                  
                                                                          0011                                                                                  
                                                                                                                                                                
                                                                                                                                                                
                                                                                                                                                                
                                                                                                                                                                
                                                                                                                                                                
