                                                                                                                                                                
                                                                                                                                                                
                                                                                                                                                                
                                                                                                                                                                
                                                                                                                                                                
                                                                   0                                                                                            
                                                               00111                                                                                            
                                                            0111110001                                                                                          
                                                         01000100011000110                                                                                      
                                                       1100000000000010001111011                                                                                
                                                     110000000000000000000000000001111                                                                          
                                            000     00      000000000000 000000000000000001111                                                                  
                                  0001111111111110          000111110000000000    0000000000000111                                   00000000                   
                             001111111111111118111              1111111111110           000000000011                       0011111111111111111 1 1 0            
                        0111111111111111111111111100            181111111111             00000000                     011111111111111011111100                  
                    0111111000000000111111111101111111       01111111111111110          01111110                 001111000000011111111111111                    
                 01111000111111111111101111111111111110      1111111101111011110      0001111110        011111111100000000000001111111111110                    
              011111111111111111111111000111111101100111    011111110111111110110     111111111000    000111111111010000000001111111111111                      
            0111001100 000001111001111100011111111111111100011111111111100001111110000110011011111    0111111011001000000000111111111000                        
          01111111110      00111011111110 01111111110  01111111110011100    0001101111100110110111110110111111011000000000000001111111                          
          110111111100  00001111011111110 011111111110 0111111111111110       0111011011101000000000000000010010010000000000000110                              
           011001111111101111111011111110001111111111111111111111111111110   01111110110000000000000000000000000000000000011111000                              
           10000001111111111111001110110 0111111111111111111111111111111110011111110000000000000000           0000 000000011111111                              
               0001111111111110011111100011111  11  111111  111111111111111111001000000000000000    00           00000000000111111                              
                     00111101000111000011110001111  11111111111111111111000000000000011100000 00000000             000000001111111                              
                         00011100000181100000 0111111111111111000000000000000111111100     00000000000              0000001111111111                            
                               001 1  0100000000011000011000000100111001111111100              0001111                01000111111111                            
                                    0 00100000011111  10111111110000000000000                                          0100111110011                            
                                      00 00000111111  1 00000000000   00000000                                           11111111100                            
                                       0110111111111            0000000000111111                                          0111100111                            
                                         111111111                001111111111                                              011110                              
                                             111 1                    01111111                                                1111                              
                                             01 1                         0011                                                  1                               
                                                                                                                                  0                             
                                                                                                                                                                
                                                                                                                                                                
                                                                                                                                                                
                                                                                                                                                                
                                                                                                                                                                
                                                                                                                                                                
