                                                                                                                                                                
                                                                                                                                                                
                                                                                                                                                                
                                                                                                                                                                
                                                                                                                                                                
                                                                                                                                                                
                                                                      00011                                                                                     
                                                                  0011111100                                                                                    
                                                               01100010001111111                                                                                
                                                             01100000000000001111111                                                              10            
                                                           010000000000000000000011111                                                          11              
                                                  0000    00       00000000000000000001111 1                                                  0 10              
                                          0011111111111110          00111110000000000000000011 1 0                                          1100                
                                     011111111111111181110            011111111111100      0000011 1 0                                   0110000                
                                 011111111111111111111111000          0111111111110            0000111 0                              0110000000                
                             0111111000000101111111110111111 0      0111111111111110             000000111                        011100000000                  
                         00111100111111111111101111111111111100     011111110111101110         0010000000001                  0111000000000000                  
                       01111001111111111111111000111111111100110    1111110011111110110     0001111110                   001110000000000000000                  
                     0111111111111111111000011110011110110011001101111111111110000111110   01111011110        011111111111000000000000000000                    
                   0111100110010  000111001111111001111111110   11110111011100    0110111111110111111110     0001111111100000000000000000000                    
                  11111111110     0 01111011111111 01111111110 01111111111110       011011011011111111110  00111111011000000000000000000                        
                  1111111111100 000011111011111110 0111111110111101111111111111    01111111011011011011111111111111100100000000000000000                        
                  0011001111111111111111101111011 01111111111111111111111111111100011111100100000000000000000000110110000000000000000000                        
                  000100000111111111111100011111 011111  1  111111  11111111111111111000000000000000000000000000000000000000000000111000                        
                       00001111100000110011111001110000111111111111111000001110000000000000000001000000           000000000000000000000000                      
                          0  000111111000000001 11100000000111      00000000000000000001111100000000000               0000000000000000000000                    
                                   000000011    0001110001111111      0101100111111111000      00000000011 1            00000000000000000000                    
                                          0 0 0    1111111111111    881000000000                 000001111                00000000000000000000                  
                                                    0001111111      11 0 00                        0111111                   00000000000000000                  
                                                            0001    1111000000000000                  0111                      00000000000000                  
                                                                    10000000001111                                                  000000000000                
                                                                     0000000011111                                                          000000              
                                                                      0000110100 0                                                                              
                                                                            1100                                                                                
                                                                             011                                                                                
                                                                                                                                                                
                                                                                                                                                                
                                                                                                                                                                
                                                                                                                                                                
                                                                                                                                                                
