                                                                                                                                                                
                                                                                                                                                                
                                                                0000                                                                                            
                                                        0001111111                                                                                              
                                                    0010000000001111                                                                                            
                                                 001000000000000001111                                                                                          
                                 0001111111100           00000000000111111                                                                                      
                            00111111118111111111        00101000000000001111                                                                                    
                        001111111111111111111110            01111100000000111                                                                                   
                    001111110111111111111111111100          01111111100000000111 0                                                                              
                000111111111100000001111111101111110      0011111111111100   00011                                                                              
              1 1111111111100110001111000110111111100    01111111111111        00011 0                                                                          
             01111111111111011111110011000111100110110   011111100110110          0011 0                                                                        
            1111111111111111000000000001100110110110110001111100111111110          00011                                                                        
          0 11111101111111   0001000111111001111110  01111111111100011110       000100001                                                                       
         01111111101110       0011001111110 11111000 011111101100   11110    000111111001111                                                                    
        011101111111000    0 0011100000000 00111110111011111111     01111000111111111110  0                                                                     
         011110000111111100000000100000010 0111111110011111111110    11111111111111100                                           01                             
            00000000000000000000000000000 0001001100001100000011100011111111111111110                                       001111                              
                000011110000000000000000000000000000000000000000001110111111111111111       1 10                     00001111000                                
                       000010000000000010  00011111100000000000000000000000011111111100001111118110000000000001111111000000000                                  
                            0000001   1 0  0 1111111100110010000000000000000000000111111111111111111100000000000000000000000                                    
                            010000 0    0  000000001100000000011111111111111000000011111111111111111100000000000000000000000                                    
                                       10 00        00 00000                00000000 0011111111110101000000000000000000000                                      
                                        00000       00000   00               0000000    00101111111000000000000000000000                                        
                                        0000         0000000000010           1011111 0     0001111000000000000000000                                            
                                       10000          010000101111           01111 1        00000000000000000000                                                
                                       101             010101101              0 11           0000000000001100000                                                
                                                        011101                  1            01000000000000000                                                  
                                                           1                                  0000000000000000                                                  
                                                          0                                    10000000000000000                                                
                                                                                                1000000000000000                                                
                                                                                                 1000000000000                                                  
                                                                                                  010000000000                                                  
                                                                                                    0100000000 0                                                
                                                                                                      01000000                                                  
                                                                                                        000000                                                  
                                                                                                            000                                                 
                                                                                                                                                                
                                                                                                                                                                
