                                                                                                                                                                
                                                                                                                                                                
                                                                                                                                                                
                                                                                                                                                                
                                                                                                                                                                
                                                                                                                                                                
                                                                                                                                                                
                                                                                                                                                                
                                                                 000111111                                                                                      
                                                             001000000000111                                                            11                      
                                                          0100000000000001111111                                                      10                        
                                     00011111111111100   00     000000000000001111                                                  1000                        
                              000111111111111111111111 0         0000000000000000111                                              110000                        
                        001111111110011111111111111111              11110000000000000111 1                                      11000000                        
                     01111100011110000111111111111111100            1111111110000   00000111 0                               011000000                          
                  11111111111111111111111001111111111111         00111111811111000      00000111 1                         01100000000                          
               0111001111111001111100011110011111111111111      1111118111111110            00000011 0                   1110000000000                          
             11111111110      01111011111110011111111111111    011111111001111111            000000001                0110000000000000                          
            111111111110      01111011111111 01111111110011100111111100111111111110        00100000                0111000000000000000                          
             1110011111100000111111011111110 0111111111   1111111111111110000111110     0001111110         0000001110000000000000000                            
               0000011111111111111001111111  01111111110001111111111111000   011111000001111011110        0111111110000 0000000000                              
                 0001111111111111001111111 01111111111111111111111111110       110111111110110111110     0001110110000000000000000                              
                  0  00111111111011111110001111   11 111111181111111111110    0111011001101101101111000001111110000000000000000000                              
                          1111111111110001110001111  111111  1111111111111000111111111111011011001111111111111110000000 000000000000                            
                             000000000111010000000011111 11111111111111111111111111000100000000000000000000000000000000 00000000000000                          
                                 00  1    01100001111111    110000011111000000010000000000000000000000000000000000000  00000000000000000                        
                                      0    11 1100111111     1000000000000000000000000000001000000                 000000000000000000000                        
                                              01111111    1111011111001111111111111111000000000000000                0000000000000000000                        
                                                  1 1     1111000000000000000000         0000000000111                  0000000000000000                        
                                                      01 1111110   000000                  00000001110                     0000000000000                        
                                                              000000000011 0                  011111                            0000000000                      
                                                               01000000111                       000                                                            
                                                                 100001111                                                                                      
                                                                  111111                                                                                        
                                                                   01110                                                                                        
                                                                     011                                                                                        
                                                                                                                                                                
                                                                                                                                                                
                                                                                                                                                                
                                                                                                                                                                
